0.011682310117555465
0.004957410441519386
0.0009598979370891601
0.0014339140175076088
0.001019170718750762
0.0008583406142458666
0.0003916298414316964
0.0005091150490719642
0.0005160222637427801
0.0005901636026826828
0.00038655689859067976
0.0001304978232591372
0.00017455358833199752
0.0003723084433703691
0.00033986480373710107
0.00023392671814034946
0.0001821068608944562
0.00015495664711451522
8.125798082663517e-05
0.00016606167976848665
0.00017114229637760624
0.00041709677184825474
0.0006298622598830383
0.001046455027534362
0.001406780473755278
0.0024459999107762495
0.003082619244101217
0.002983706775607974
0.002190953787016493
0.0004842661383120128
0.0004116499943718529
0.0008565011926466507
0.001483090296035853
0.0010347009286816899
0.0010278247173143593
0.0007474993153400887
0.0006094974447832445
0.0006612460304860544
0.0006300341173767155
0.0004446027840146504
0.00036630476242742997
7.854694054684847e-05
0.00031500171106189836
0.00039420224913741644
0.0005203466398070265
0.0002747033694608619
0.00016788232122044066
0.0001397075103738469
3.105804902217455e-05
7.564118627630784e-05
0.0002256087255485661
0.0005170809298250578
0.0006172843343264946
0.0009792730615319494
0.0010770775647189956
0.0009213134522467351
0.0008434644680231405
0.0011837678851128804
