0.009718420211444147
0.004745597668719296
0.0007749953057093685
0.001321510236228113
0.0009213312669682817
0.0008240315810567232
0.0004395082209077102
0.0004045971658745016
0.0004411662946276391
0.0004904291550308276
0.0004227636841097592
0.00021534415410356006
7.363793212070522e-05
0.00034507088600888665
0.00022942166160418127
0.0003085747223742968
0.00019307453517401893
0.0001731826942197001
0.00011936513600936002
8.61008948309867e-05
0.000196401942774938
0.00021174430996523608
0.0004255863959724061
0.0006688830495124402
0.0009738203252607614
0.001161035960013759
0.0019212562894836847
0.002517448527167682
0.0023421701069353497
0.0022935430293331005
0.0002573331420749033
0.00033913761538941135
0.0008032113718885191
0.0008863069398909503
0.001031887579006717
0.0009857234273715988
0.0008263925992585683
0.0005154581592940904
0.0005798637295242337
0.0005230184651421256
0.0004631863578111842
0.00038813704619278927
0.0002509498100706287
5.868935319011587e-05
0.00032241485402953875
0.00038654601277147163
0.00047809144382241294
0.0002056877475096568
0.0001391470396611845
0.00012098119093043272
2.505092760876287e-05
5.6431840587352744e-05
0.0001971561171869727
0.00036834834417099547
0.0005791506437283476
0.000848965896987724
0.0009529774902548549
0.0009530486624786116
0.000543505632150729
0.0007474983902714395
