0.012801262405257717
0.005117188923372056
0.0010908553886679181
0.0015005138571721765
0.0010669971525743068
0.0008989126560898104
0.0003805693331751989
0.000542529132339209
0.000544707922721162
0.0005619639272305025
0.0003801208288588044
0.00010526420364669723
0.00037326596399319
0.0002794158074495432
0.00040957959198300545
0.0002159656496481859
0.00019382451643609475
0.00014652752042404208
0.00011088013104315028
0.00010931119977636804
0.00026003936251802216
0.0005554016410182534
0.0008275654668707149
0.0013982031850055237
0.0021619061385327407
0.0032590200004662872
0.003601481389880144
0.005621075412385175
0.0005508154522252211
0.0006391667433208601
0.0008164043061150248
0.0012691721762758137
0.0010456842442807795
0.001363594057173529
0.0008099020396204691
0.0005840619753671519
0.0007598335585435789
0.0006972360323159639
0.0005237541966717461
0.00037504037164622187
0.00010879532483196649
0.0002861105395030461
0.0004223115192649124
0.0005454634945016789
0.0003272186672951408
0.0001718165584129536
0.00015074827999442752
3.674055166942269e-05
8.180420406479133e-05
0.00022823401041087242
0.0005688103575124545
0.0006754170537756391
0.0010109007587086384
0.0011367704828226174
0.0010164477446303784
0.0009791097668013827
