0.01063131707421904
0.004855191240919756
0.0008430946426063258
0.0013525195280141037
0.0009751691941399413
0.0008480216605354586
0.000410915337839864
0.00045839643002007355
0.000483547601804351
0.0005532452501920802
0.000402768250473121
0.0001636418503131942
0.00010792585872839623
0.000375794798852958
0.00029821666779528025
0.00026104669177829304
0.00018364493546349018
0.0001695704241632717
0.00010318505310661197
0.00015454718339603246
0.0001382229289548935
0.00028706547890238875
0.0005761810480077784
0.0008179504573922838
0.0013295030456239912
0.0018298640823114951
0.0026458261409485783
0.002631835649221826
0.003959104330559742
0.0002668883974402428
0.0005110174209224425
0.0008038012311065258
0.000781009984807888
0.001147265388118449
0.0010378763577875998
0.0008944353083258025
0.0006047900956768408
0.0006023982882642877
0.0005906458893539694
0.00054775659031968
0.00039735965356875105
0.000290330052196198
6.569832302524911e-05
0.0003264842137851973
0.00039621557926640774
0.0004966731901307409
0.00023159135218054188
0.00015561894798374202
0.0001275919006179664
2.7461267496818143e-05
6.708379159542813e-05
0.00021818104298084774
0.00045184265252562635
0.0005865479054469685
0.0009337111253060971
0.0010035078462587053
0.0008928440251615088
0.0006925781302212835
