0.015238941740963357
0.0052451671130320735
0.001412121615465666
0.0017107225983938224
0.0011461155321484161
0.0010442880007399333
0.0005004539018755598
0.0006344110814551906
0.0005750386463634923
0.0004889696713096306
0.0002082229292759912
0.00014474045099096487
0.0005259633271722277
0.0003826761995261728
0.00032919698516510837
0.00020599156531315207
0.00019526091891147783
9.556753204533757e-05
9.392977785137926e-05
0.0002093196179439934
0.0005258109998314074
0.0008040449498779434
0.0014212601454221213
0.0023931378596813617
0.003929719769896916
0.004568062659977158
0.007146901239456059
0.0012195940642001789
0.0007690621819934396
0.0008865861156318552
0.0012943885598745062
0.0014030813385411422
0.0010694207821659737
0.0008891531164017219
0.0007680240059795217
0.0008586229214085901
0.0007550368073012635
0.0005115971588981472
0.000256678787615184
0.00010024626502954143
0.00038158357550428134
0.0006056646489408871
0.00046054155510300937
0.00019394437457787456
0.00018178824343745718
6.459299136249032e-05
8.029746000188188e-05
0.00024007978997005923
0.0005846321226980593
0.0007676099116853798
0.0010685057626631013
0.0012892436789285516
0.0010395912562850352
0.0013087992434975331
