0.014871135687311758
0.0052409206993518035
0.001358682769383301
0.001677901132979523
0.001134495206811287
0.00101778356555203
0.0004739540833772613
0.000608065435680763
0.0005711660990493337
0.000501187948437806
0.00023269629454542989
0.0001235230535986631
0.0005264695251449076
0.00037418199397192215
0.00033720542574705413
0.0002091546684829832
0.00019169209408753107
0.00010337953015900532
0.00010661705094662761
0.00017915360844225612
0.00047950198499689846
0.000732023456233741
0.0013133493234379744
0.0020740307404782153
0.0034904521193730533
0.004025692766108032
0.005807552641190975
0.0005390154237166893
0.0006895643003734052
0.0008135802477219876
0.0012335482803433747
0.001340013936301673
0.0011633370451208831
0.0009288079373942699
0.0006847627804768062
0.0008742520315179973
0.0007630055405752458
0.0005564193780821386
0.0003483910286261269
7.684189390051663e-05
0.00034182215391714664
0.0005446300295651613
0.0005629089728803437
0.00022717104330865012
0.000213601113788106
0.00010662913324174271
4.8369931726707876e-05
0.0002027349041838846
0.00048119963701991856
0.0006546222240154621
0.0009661099217697059
0.0011707216030924104
0.0010626774015657643
0.001053758944393456
