0.015837920818165454
0.005248653776137032
0.001510051062245406
0.001781608584541954
0.001165140810150842
0.0011004212235484806
0.0005537961159502102
0.0006819132585904604
0.0005845330938197023
0.00048507114055684465
0.0001862239388741267
0.00020542388213829184
0.0005135386355065631
0.00041917468421578046
0.0003027889682835029
0.00019593456010547669
0.0001953396138460852
9.831847769741052e-05
7.986916504172182e-05
0.0002642249135803242
0.0005983517698105458
0.0009683828951813707
0.0013945911553603562
0.0027835499335162424
0.004332746470361491
0.004363424562953499
0.004302639525834592
0.0013115460706947153
0.0005197557460527596
0.000937514500423486
0.0015713885827449644
0.001228357434212458
0.0010288861303598723
0.0007344215170537183
0.0009192050795388671
0.0008888425488145811
0.0007070329980905578
0.00038654274970583726
9.50840199158834e-05
0.0003499609917922837
0.000528549374669549
0.0005922587073484613
0.00027468917633403234
0.0002118309181671467
0.00013539944483279356
4.81775488895295e-05
0.00019657196481208262
0.0004852230545777007
0.0006821981275918692
0.0009803755504809684
0.0012109882518624813
0.0011518829456239011
0.0011448221888205852
0.0020523633786153554
