0.016047881394685864
0.005275836443715271
0.0016018882992704687
0.0018284451129694781
0.0011781698534759685
0.001148834020070736
0.0006099112988470752
0.0007228193479831345
0.0005909921263173534
0.0004806366212695916
0.00017115744042230872
0.0003403385928690483
0.00047616660548818095
0.0004707145027236375
0.0002849709123128788
0.00019458571986135032
0.0001755838111155088
0.00010874638112515995
8.419144049453628e-05
0.00036280944374590473
0.0006344485919782429
0.001187742150484998
0.0018918559851516426
0.003768343978426029
0.004884260454729939
0.005396143320930909
0.0004697776212822535
0.0006566967110666834
0.000897581660342142
0.0013545639695201868
0.0014607574590409806
0.0012296582130574035
0.000999074195384041
0.0007993951209819415
0.0009889233563273963
0.0008262924430388436
0.0005459969192167242
0.00025066624227153137
0.00012627282615785526
0.000413358825076902
0.0006363738870413553
0.0004411376802916709
0.000185884979093149
0.00017676402905355445
5.7498828751781865e-05
0.00012722149646884323
0.00031848879105851407
0.0006126794362023009
0.0009236069051060941
0.0011263150817432948
0.0013677744009681953
0.0011340451080439906
