0.013185932911550386
0.0051674211071726685
0.0011384562062234215
0.0015323847198940662
0.0010879004147892498
0.0009176526535659534
0.000387770792941496
0.0005529332481846903
0.000553308114392931
0.0005483899941583182
0.0003532788698897519
0.00010422461483921514
0.00042081534524202795
0.000279521889205982
0.0004160335192057934
0.00021338385616561989
0.00019681407413310904
0.00014280952709153357
0.00012413738993061253
0.00010393042101100448
0.0002798718855920111
0.000592845116534842
0.0008947562292770491
0.001267381967938695
0.002226681174270171
0.003438258756296695
0.0035976593453936716
0.004055830230289681
0.0005625211545182677
0.0005101106924903487
0.0008006384779995002
0.0013650957440146517
0.0011489300931392314
0.001139160930240858
0.0008015072541822787
0.000655209987621728
0.0007629484148019617
0.0006949401853243594
0.000488911009943828
0.00037008381698377545
6.626830213384184e-05
0.0003352401854514433
0.00048043986394704854
0.0005396541167241874
0.00024213590101711247
0.00019590981486296774
0.00011964029621322875
2.622074610674082e-05
0.00014385528545389142
0.000303648324206944
0.0005592437233603372
0.0008298527909795718
0.0010399691697192282
0.0011891562703177177
0.0007928223303131355
0.0013906134394066662
