0.017206474034267706
0.00528095104907602
0.0021953791140950354
0.00192166907211744
0.0012880870872383917
0.001365949099840382
0.0008608544939251425
0.0008390988700637864
0.0007022238815856988
0.00034088060844037773
0.00018943427169469584
0.000681438454248172
0.0005524748876049947
0.00042535059506845535
0.00019690487489772157
0.0002366796847585153
8.418805691665238e-05
7.758806478014764e-05
0.00044334262155103666
0.0007777552462214872
0.0014480727707181999
0.0028459859786214015
0.005446899558334874
0.007207527785490766
0.010820685656895203
0.004490097544914716
0.0014709009795064658
0.0017297838377211094
0.001247493936277615
0.002308797034132782
0.0011029183571527581
0.0010259928539731887
0.0011840834046890356
0.0010759134464930413
0.0006412231866001594
0.00024268500419549153
0.00029203709203796057
0.0005125690988727107
0.000695613821059623
0.0004097295265178565
0.0001978643059288633
0.00016704233077722763
8.43799671169513e-05
0.0002251993064558782
0.0006082434376493686
0.0009705726479419441
0.0011668147739433748
0.001585241337390403
0.0014429028458874619
0.002392216250678055
