0.016461148215036272
0.005306412257791999
0.0019011947177658768
0.0019096737566489529
0.0012381803549805174
0.001293892908176171
0.0008016267432519096
0.0008007928471525787
0.0006796405273497792
0.0003986853265954486
0.00016587718843289658
0.0006281473165558468
0.000528683229893059
0.00044127327491564076
0.00020829120595868364
0.00025009025258560587
0.00011482608408342646
5.906886959956434e-05
0.0002680811952906418
0.0006412561629324257
0.0011158582491620891
0.001807735773866774
0.003990412515851926
0.0058338284787419785
0.005640803886091939
0.0011989268588205807
0.0008497107437854207
0.0008784143023539177
0.0013777637671213644
0.002021201478342908
0.00121711506423812
0.0010446299825176797
0.0010168491321498085
0.001116103524318198
0.0008762976997308341
0.0004769074311546439
0.00013002153100474643
0.00037777280300383656
0.0005872382011795587
0.0006287400437732744
0.00030511896727383763
0.00019933383898943727
0.00013081565624957898
9.842763100018958e-05
0.0002644931509728546
0.0006315432285914844
0.0009830973630575266
0.0011468780527219284
0.0015241968412297645
0.0013242845935606178
