0.016315902037494754
0.005325265505739953
0.0017941666185472514
0.0018479475698131192
0.0011982202615548557
0.001231587459665796
0.0007381108732063715
0.0007830516903313866
0.0006272466866616512
0.0004367022101528613
0.0001841471336361549
0.0005817182102472759
0.00046585041452728963
0.0004611221120642789
0.00022549532436727022
0.00024178363045067696
0.00013850993234947764
6.59669676437075e-05
0.0001920688682151957
0.0005816595999873562
0.0009092674144081504
0.0013746771693175374
0.00296073853962515
0.0050701722702878715
0.0055128130920088616
0.00632386988078375
0.002485352848364268
0.0006190374605693822
0.0010704802761933002
0.0016569430638480888
0.0013892606601305798
0.0011427325546815147
0.0008237974267376884
0.0010927878716800632
0.0009517992518694371
0.0006260910081914087
0.00028229678402423987
0.0001451563143544264
0.00042242840718521206
0.0006680173174056516
0.0004483974483035948
0.00018969279605036152
0.00018424960768060293
6.243839728994404e-05
0.00016048646462381815
0.0004325461437623633
0.0007190977159987123
0.000996026222923016
0.0012562174488932728
0.001386668146140485
