0.019275484576855524
0.005272550182974713
0.0029770328889769026
0.0020498462865620034
0.0014467083645896988
0.001491184116777546
0.0010004601039202445
0.0008751509956600783
0.0006166134258026124
0.000235182603669945
0.000653339265940062
0.0006079224283488732
0.0006083468100504927
0.0003224328080898445
0.0002972142442225663
0.00015027597348966129
5.367382505717148e-05
0.0003564041134876824
0.0007946114138007208
0.0014480031060868058
0.00296094772418178
0.006497971380532656
0.00900681427242422
0.012191417858224033
0.005186551386232129
0.0018283997961743529
0.002266931569518083
0.0013222046039451044
0.002441345960434399
0.0012131093338673626
0.0013494735321337823
0.001341610502576421
0.0011026472949751697
0.0005089016962824585
0.0001683304287619422
0.0003851112547616664
0.0007173219540197404
0.0006566892029981945
0.00035077701125409166
0.00023292329278265704
0.00012375846028216128
0.00018886867046144908
0.0006087252119913342
0.001049084853190104
0.0011930601692120633
0.0017612963035850068
0.0018300896840082277
0.0029978818626521585
