0.01970592273298351
0.005518230109248681
0.003236610401699704
0.002300365102908697
0.0015654849085001059
0.001638988122646005
0.0010921481134833144
0.0008975173314429679
0.000571427291891411
0.0002701613452414971
0.0007940965245405861
0.0006740733091224357
0.0005773506180357366
0.0002992091533901328
0.0003151159929261388
8.239318386635383e-05
0.00010607765335148108
0.0006131424726820321
0.0010187498820181523
0.0018322255753312022
0.004852232030638807
0.008764870073617332
0.006760487338935495
0.0032339677014752584
0.0015706800301402467
0.001093184916745016
0.0017465615943853079
0.002410295608668318
0.0014227474837180082
0.0013906891054100787
0.0014951124246406502
0.0013347496268094029
0.0006407762878208419
0.00021291382233123285
0.0004438836409903105
0.0006414461845440008
0.000744211822997129
0.00043145248909927413
0.00023794188146748497
0.00014047360352218062
0.00019598785171952212
0.0006391951412559045
0.0011486823884223826
0.0012455799469626417
0.0019330176279557447
0.0019729514644549967
