0.01953461990438697
0.00543533186106987
0.003151979551368594
0.002257876184688221
0.001535895150176221
0.0016262511673171142
0.0010585453313469318
0.0008925170570627263
0.000593837996945436
0.0002602829831695221
0.0007575035925497909
0.0006643875392321394
0.0005753841012083665
0.00030527851574266583
0.00031835505474919854
9.856872199926748e-05
8.27741966112255e-05
0.0005595575400352733
0.0009419238469070991
0.0016036094402961938
0.0042404064126732475
0.008118678872340423
0.0070705997198980035
0.006756961437773831
0.003832388774969088
0.0008843097042068012
0.0015898012253720364
0.002130129293992259
0.00151781696198307
0.0013622500676665034
0.0015175378821661717
0.0013845176484350308
0.000775477311519986
0.0002779989426521325
0.0004580148168689873
0.0005606657197804844
0.0007604500571824935
0.0004745409320237508
0.00023824849374985978
0.00014079704775761537
0.0001604857784087823
0.00049630881185934
0.0009502946436188998
0.0011893240193315568
0.0017729138206147553
0.0021303561506336053
