0.018106648927763647
0.005223417660462119
0.002573686093178343
0.0019029211981995914
0.0013383228604837538
0.0014180173135593447
0.0009205580028843541
0.0008688168240360487
0.000679841285451465
0.0002882655734456558
0.0002701853870166028
0.0006756346895044506
0.000628407477082496
0.00040143963215005405
0.00021157383464758992
0.00019081760045662688
5.257272224865984e-05
0.00015711026829340983
0.0006149363914867648
0.0009793259612215735
0.0016583563363526395
0.003900459940356034
0.006635488788961533
0.005947624923850543
0.003870933660074342
0.0016017645123420489
0.0007581994152973956
0.0013942513885279945
0.0021262999055467954
0.0013472245503629735
0.001186863423804413
0.0012390001875366872
0.001292197777627521
0.0008950386804020035
0.000364494327310536
0.0001933698129077995
0.0004040711419436013
0.0007262351459522279
0.0005535397687193466
0.0002781243788092245
0.00021515912145741504
9.779617176179782e-05
0.00017954505520709923
0.000559911122210677
0.0009316244493893986
0.001122547991682736
0.0015763401655417473
0.001721194889654366
