0.01873003217826456
0.005226292543829846
0.002795722445556334
0.0019595804490379256
0.0013891558373653617
0.0014628326079665585
0.0009578328191129524
0.0008852414070517118
0.0006533243709659436
0.00025355479069151906
0.0004712642783714324
0.0006231808903873661
0.0006436892198250927
0.0003552776271753354
0.00025390604230119275
0.0001748474065145254
4.876482183926184e-05
0.0002431892532904248
0.0006834908546524788
0.0012011676753189546
0.002179127275721663
0.005235334599376657
0.007714732111642676
0.007713540709392196
0.0006987740818103083
0.0006587682755486813
0.0009458514584145259
0.0013908691947039638
0.0024250943796393625
0.0012725638981229363
0.0011762281869373914
0.001326557751667382
0.0012186694563102959
0.000688072086919015
0.0002445746290440133
0.0003990899776192153
0.0005401289735334621
0.0007196694922651823
0.00043114553113981965
0.00022640589284803484
0.00014813005929652364
0.0001259876452161131
0.00036126314566085877
0.0007617336077185438
0.0011490528637046636
0.001344091503096886
0.0018258041543186636
0.001794474231655769
