0.019463528948003878
0.005363307563329416
0.0030944677549429246
0.002196102346905688
0.001508904140607381
0.0015879234191068909
0.001035606199152756
0.0008877239269984062
0.000612658091542286
0.0002540292953834007
0.0007280598768203795
0.0006443765462520319
0.000579593653029319
0.0003083590869482569
0.000317677149246521
0.00012024185697105036
6.639706092000882e-05
0.0004895932987032491
0.0008747248807427425
0.0015353224355573727
0.0038643014466572647
0.007617157550962455
0.007983587593076213
0.012153916981007429
0.0054720296259951826
0.0013677206905806998
0.001929156668511569
0.0017951045916561425
0.0015217274127758067
0.0014484219177686975
0.0014500346351211657
0.0014021358537728795
0.0008890869955684468
0.0003255955864146811
0.00031446903815019074
0.0005054280404819816
0.0007861665540235858
0.0005374729974690226
0.0002888371042181382
0.0001890897161560908
0.00013485337205488247
0.00037694458846263354
0.0008170202508103742
0.0012001903453243003
0.0014760003962197002
0.001965963756149575
