0.017827083524874512
0.0052394006546497805
0.002452511666897266
0.0019016917080230907
0.001320641359802708
0.0013999368471477197
0.0009003651234215898
0.0008585768255261896
0.000691370576995523
0.0003041679802846562
0.00022258860347112514
0.0006846570747871975
0.0006021766490962744
0.00041844555111254745
0.00020181937410681812
0.000204602062452818
6.155421029080883e-05
0.00012155851601387839
0.0005600027272726288
0.0008979606137308801
0.0014453755356137348
0.003437832053176349
0.0062344592779700276
0.006363329441602876
0.00753412016966103
0.0035781297838886226
0.0007948928255573379
0.001318831496027517
0.0018362138920651728
0.001359550235711007
0.0012305811877487125
0.0011339530540533144
0.0012363896712719916
0.0009506861371144297
0.00047582050606689375
0.00013846035623749542
0.00036543064231223213
0.0006523791713547804
0.0006470105246882668
0.00032131231016648736
0.00021827484476893313
0.00010647158470526178
0.00015347743162760045
0.0004575024268980364
0.0007986771409311244
0.0010864612066522983
0.0014069339761855265
0.0016425231004917398
