0.01970276638044879
0.007331521411005514
0.00366430890620475
0.002558913631761848
0.0018843463899605598
0.0017328055986467925
0.0013318240946769936
0.0008929606654617866
0.0004891644442107741
0.0002950549873229147
0.0008906989169581979
0.0008837858211705749
0.0004617001491417634
0.00027529477815364334
0.00021534931886019084
6.542341574883616e-05
0.0004127459382933849
0.0008690029232764538
0.001758504916217637
0.004681147191155267
0.009690856704982377
0.00956271269612571
0.01683162774376033
0.0053474800576871
0.0013036225211428467
0.0018160582471414659
0.0022156745459557528
0.0017572916578594549
0.0016715881483190035
0.0017501971415742092
0.001480771998799632
0.0006396418895440966
0.00022504378352403178
0.0005219608858274774
0.0008276387847290248
0.0008087766070505728
0.000485370815253596
0.0002591101621991713
0.00016527770258638867
0.0003264235191970882
0.0008800900188378341
0.0013330617249337014
0.0017532413724508683
0.002450068637634993
