0.019858997097486817
0.008306031733141012
0.003908029715077288
0.0026364527913222196
0.0019801560193871697
0.0017706866902996007
0.0013747890008344484
0.0008671209151486242
0.00045670622276132775
0.00034005551254697494
0.0008969753964599095
0.0008851487419465102
0.0004325931118350778
0.0003231032274417305
0.00018036013526878786
7.217621544832392e-05
0.0005566078300874761
0.0010108799662239864
0.0018588680971895163
0.0055447638372186905
0.01097783859206232
0.00782028645557641
0.005611660541345616
0.003942168461201403
0.0012044829558455479
0.0020547720688566078
0.002800061612616073
0.0017786350563585977
0.0018010498739300627
0.00176650773808784
0.001316505935756625
0.0004318320584957018
0.0003486174734950345
0.0006024988285147139
0.0009076283578539103
0.0007243094662586023
0.00031840665191142575
0.00021022800473352132
0.00018466314465094064
0.0005993707329483986
0.0012515667455210734
0.001479928316811918
0.0023048257284757094
0.0024885864729142938
