0.020675642647646698
0.010410209715222786
0.004144377608186797
0.0029576489178655893
0.0023266703048061433
0.0018970553496825
0.0014228996157838623
0.0009437175161245175
0.0003960365306413928
0.0007119797195191173
0.0008634049955259882
0.0008754216151904611
0.00041279654201559066
0.0003978337603352408
9.897332472639541e-05
0.00014233931091039116
0.0007920609840784812
0.0014007767128679728
0.0031296360421421317
0.009011092648713817
0.014267179426716835
0.01621907286058971
0.005485752301599534
0.0018832208086083447
0.002430643649462739
0.0021709997660436103
0.002260549305708013
0.0020387392303864572
0.002017606896432431
0.0016138876726954573
0.0007080718026261828
0.0002487989928271735
0.0005975405383481232
0.0008680632913045397
0.0008438989104845968
0.0005100612514021461
0.00028569637228314653
0.0001925172742098715
0.0005067124170066294
0.0012357473562358214
0.0015623125497946533
0.0025073006302948116
0.0028236308449307904
0.0044522669061253335
