0.020924654804129958
0.010996773905295592
0.004032848891044638
0.0031578487878918746
0.0024436480719217174
0.0019522051061426394
0.001430148299514928
0.000954740636721996
0.0003775302403725883
0.0007823762722656916
0.0008684241258361436
0.0008407610303899408
0.0004185252534954663
0.00038494326440199905
9.272005092126893e-05
0.00018091231845808995
0.000852392105857043
0.001574936657217389
0.003587407289651682
0.009995080892632253
0.01518530911655213
0.020214316132034334
0.005610879817930564
0.0015872186569845488
0.002107669986310676
0.00231383548710887
0.0021465716444171033
0.002116688319493806
0.0019915111135400923
0.0015505046713082309
0.0005921875372574658
0.0003071793779493462
0.0006434302500947776
0.0009042791043095922
0.0007993164706786664
0.000357640817968349
0.00026091269751101067
0.00020545220452646617
0.0007001145751463972
0.0014022440654156496
0.0016164425787232027
0.0026624139459897928
