0.02212679151342136
0.013669823553334194
0.003863757093582102
0.004442661111107297
0.0026603587072744172
0.002306944106722033
0.0014579729890665273
0.0009088846328383491
0.00031031780243669067
0.000943414390255493
0.0009445544299321021
0.0006540489241728346
0.0003334106113795316
0.00028809214673291585
9.457880813266758e-05
0.0004412012776144314
0.0010060353893238396
0.0022346246618322263
0.007158051267646861
0.015570792261928664
0.010389446636651646
0.00802237457838787
0.005035887592007001
0.001494159769559759
0.0025710744301383004
0.00375238331438161
0.0024803935929845157
0.0023184745051883166
0.0019565372374482012
0.0010470829725783744
0.0002988303521320867
0.0005912705386214987
0.0008792873002663871
0.0008887991600100536
0.0005674321013619965
0.0003169827991757157
0.00020717745686895034
0.0005427603248050817
0.0013790629616239536
0.001749236711824767
0.002913171985633229
0.003281841069468217
