0.021188099661285036
0.01160697493046635
0.003926420911685384
0.003458573205468384
0.0025026509499112876
0.0020335042080378706
0.0014399697611731798
0.0009467552402508964
0.00035847366457416604
0.0008209660590968982
0.0008908568184158906
0.0007919440498547581
0.000401568155451085
0.00037359537784826125
9.361790360774388e-05
0.000230503517599156
0.0009145172649643323
0.0018138614143861076
0.00436853743775245
0.011089113564656208
0.014226138004685897
0.022476739220987484
0.005159085070454564
0.0016364265118228188
0.002121572068526735
0.0025501125521975895
0.0021785420380088802
0.002096581550122781
0.002003425846175997
0.0014321503225043506
0.00046865654222669466
0.0004825971007895105
0.0006754170438287478
0.0009381837710913574
0.0007500845800781129
0.00022536714271232606
0.00019762857692686927
0.00026031343697941514
0.000845549249898598
0.0014475591487852063
0.001941669332163836
0.002925410577414952
