0.0228451681608867
0.015111896338292989
0.004033640026380993
0.0049613829096240986
0.002753886238905443
0.0024153308662283367
0.001472406454983481
0.0008676711582834042
0.00030172611246369525
0.0009868012090184152
0.0010201695867742275
0.0005731905330773727
0.00030190443486679684
0.00022817968190032414
8.646522063913783e-05
0.0006194928324586877
0.0012030672798882505
0.0025618829035290967
0.008427845172106539
0.017266309970465032
0.012711301438284583
0.0028358416688871683
0.0014206602355636734
0.0018184061664484677
0.0020017073492496766
0.0031992064888063257
0.0025838615171846343
0.002376875712888407
0.0017286098453140942
0.0006956012455085458
0.0003246166771997803
0.0006788608105753761
0.0009345742065892658
0.0008008737446056383
0.000259680357679649
0.00026283065788007635
0.0002661653414346744
0.0009115500648258281
0.0015704194461917517
0.002236088284619302
0.00332382684518612
0.003398651927954237
