0.021472369787321907
0.01225135684859872
0.0038377632192544663
0.0038035991996694233
0.0025665945489318762
0.0021379091522078465
0.0014441253917534872
0.000933816748915219
0.00033665091551726917
0.0008599226493904399
0.0009064298354852516
0.0007456948345178797
0.00037754021985113404
0.0003512747368523196
9.766679101036116e-05
0.0002885717229733351
0.0009802657496498664
0.002081274289484222
0.005605725460391852
0.012711113704249166
0.012536306718065939
0.020791715222962116
0.004959835015190489
0.0016351486506571387
0.0023127818715158598
0.0028814863360050657
0.002276531732144033
0.002128091314603645
0.0020159073328895626
0.0013341846138479915
0.00040849733852703417
0.0005836215652669606
0.0007109125291288796
0.0009724683329626236
0.0007003782909408907
0.00020665199308942764
0.00017470784002624078
0.00032672559302058006
0.0009928700396709229
0.001560355813955118
0.00222841509631964
0.003037953506851839
