0.02323356958252153
0.015278032612711212
0.004337768190139248
0.004996536701477699
0.0027802439109864633
0.002378414317091161
0.0014916357130387932
0.0008414772607508022
0.00031333396296948427
0.0009974211064037288
0.001039405006417444
0.0005374034321788928
0.00027670161166708793
0.00020306020748283568
9.155450398845936e-05
0.0007004701922023235
0.001298330897894954
0.0029212705286580203
0.00950777898067762
0.018435729883678732
0.015041501112562273
0.003818160570980795
0.001531091796892499
0.002070831316266307
0.002186127690927876
0.0030647639667992204
0.0026263060880963958
0.0023013690463790934
0.0016317352889869316
0.0005493189590479284
0.0005271735225844659
0.0007214135300627069
0.000966417812122819
0.0007186697953329188
0.00020874217130260203
0.00020267670550276853
0.00034239755768987115
0.0010922793715139284
0.0016977630628289434
0.002472260590421094
0.00361481576618952
0.00418746339070239
