0.023631324309800097
0.015486471865379579
0.004658932466318157
0.005048848504780889
0.0028080932710616716
0.002345938177990215
0.001507730899699324
0.0008123154892757935
0.0003211968641465049
0.0009959763076118446
0.0010475058581433073
0.0005083985382585702
0.00028877263374288604
0.00017906945665981659
0.00010085776269252422
0.0007707478696817097
0.0013884376681852384
0.0032989851506682183
0.010570504681297613
0.01908870934217146
0.018386994441974433
0.005954634327954405
0.002037266840589
0.0026477109735654975
0.0027059051149406093
0.0027319640552732863
0.002649673400145892
0.0022247696967098106
0.0015684135354518583
0.0004502039828905521
0.0006501148598915188
0.000741037719998575
0.0009775803814760628
0.0006480993486998492
0.00022875104406587702
0.00021419503711095535
0.00042746114772902147
0.0012847925420096688
0.0017690737648289301
0.0030496012447631723
