0.02744467047413296
0.017913908643926033
0.0074317315230843775
0.00570244817943811
0.0030701538716868663
0.002361424610451585
0.0015038780132331717
0.0006794858368253506
0.0006758057879902378
0.0010442949799845211
0.0009679982822980879
0.0003936407692765441
0.0003361107257175409
0.00012119391911501027
0.000487915079603052
0.0011195972250673462
0.0027430675774122904
0.009864448253104445
0.023747073931267564
0.01717870424210942
0.007708646161381508
0.004087215998753751
0.0016957304270413278
0.003104275724746361
0.004463391610062789
0.0032846115007398313
0.0028119204456980686
0.0017540721363213962
0.0004733056369568274
0.0007422142575641745
0.0008755281121505045
0.0009596731514072306
0.0006179934802534675
0.00030886776828971385
0.0002347957540131419
0.0007219520221589225
0.00164232774253037
0.002407635163964483
0.004009808368223094
0.004219223363540056
