0.025006748294416847
0.01617180668008822
0.005918744958733381
0.005174355745911921
0.0028911436920601745
0.002322623658036349
0.001509749780629327
0.0007462850568499618
0.0003894859925876735
0.0010295864923302455
0.0010489735264143803
0.00043832483447002615
0.00031903505984585056
0.00012839733788629437
0.00018849133686440046
0.0009190832444811235
0.0018623509252719546
0.005127532467879912
0.014356196411271123
0.01952229284679021
0.02504368733938944
0.006447304854232451
0.0020265926294098413
0.002894744161462225
0.003674989593746508
0.003232153614752182
0.0026643584386115415
0.0021758113411184544
0.0010635656996102632
0.0003201599135801931
0.0006678881770266537
0.0009317193986248419
0.0008800424228535535
0.00036092405795411925
0.00033906573583714213
0.0002667303219965954
0.0009567197854463274
0.0016930764727818293
0.002524200248866779
0.0037779590040076566
