0.02555462181575408
0.016435094621982775
0.006394751158396919
0.005226889742686832
0.0029253427895781104
0.002322266907689186
0.0015059692537042406
0.0007224734649668052
0.00042841657836887296
0.0010450652904825002
0.0010514769315860004
0.0004200097411621145
0.0003310732407491423
0.00011869108263589394
0.0002554214634590726
0.0009952935562268718
0.0021773135283002483
0.006217737515331517
0.016185068164976786
0.01749518970701169
0.024406487806761037
0.005931428687630562
0.001959136144102114
0.002980972813926859
0.004217473793295394
0.0031760740446746677
0.0027562307728363203
0.0021172782988097345
0.0008962087073268655
0.0003284516839246209
0.0007335773112794763
0.0009668233127612746
0.0007833294780300878
0.0002564275734551646
0.00027433201121567245
0.00033730298847109197
0.0011596464808258284
0.001829392976113708
0.00273046026577431
0.0040739180097220055
