0.026776171809577795
0.017326801502442164
0.007115674129027741
0.005494857107509261
0.0030157155983131876
0.0023445561861243176
0.0015045679385973197
0.0007022116596048969
0.0005550340079420953
0.0010531171455542773
0.001016526744322642
0.00039217860720799984
0.00034520572605154697
0.00011559268475268717
0.0004016639076623436
0.0011058083926334273
0.00272582434142406
0.009270022613749426
0.022231813798155847
0.01632835600571796
0.013051202650513134
0.0059664521188909836
0.0017469162421506596
0.0034169724569022702
0.004760210418326251
0.0032254578885221475
0.0029189650486331114
0.0018780220871513983
0.0005743448648961233
0.0007142548981939549
0.0007610922348027066
0.0009852634213336129
0.0005918373034587722
0.0002802091348437615
0.0002502653361188058
0.0005446527546114383
0.0015102975127229067
0.0020843970664045862
0.003753245550567073
0.004218793688286839
