0.028160451260455126
0.018488751237832432
0.007898905329064999
0.005951161134890536
0.003124038821907734
0.0023833688930010215
0.0015050123219771505
0.0006744068333141382
0.0007574262303811421
0.0010463181181771116
0.0009368163106811998
0.0003953517509852255
0.0003254096295118883
0.0001316222128274885
0.0005675128219648203
0.0011948924517892771
0.002761187281255093
0.010283589963617184
0.024158682118444966
0.01858023191458646
0.00654936956826871
0.0026585570169014817
0.003190754344544618
0.0026469910041975213
0.00388234315692856
0.003213779741661946
0.0026442603871940596
0.0016413514544169774
0.00040967703725349754
0.0007293211803232845
0.0009894104545701819
0.0009252255487082954
0.0005042717677482879
0.0003504339859982379
0.0002669838467138605
0.0009607026539708889
0.0017861637505331052
0.0027748811662242547
0.004304586927054655
0.004408949986531007
