0.02450106562180444
0.01591381988167702
0.005482549311011477
0.005117900810349322
0.0028580459404812806
0.002323807504275587
0.0015135436215412612
0.0007714045021309853
0.0003615927602085971
0.0010160409548594677
0.001047059397489256
0.00046069211308441153
0.0003121175937362468
0.00014263336649339095
0.0001420049454553734
0.0008629917687770757
0.0016323732396384936
0.004337145892131973
0.01285838282977058
0.021047708018401858
0.025874074898870388
0.006884762861887503
0.0021331630221585306
0.0028669648841814026
0.003197207681249134
0.0030433402763281755
0.0026315366996487017
0.0022237395862297164
0.001257471341603034
0.00037996842634808564
0.0006489418832488788
0.000905375961268602
0.000910569874892554
0.0004947183086696753
0.00033576386627278104
0.0002329129925151129
0.0007561851417478445
0.0015751196372301868
0.002199966582343214
0.0035626523126759957
