0.029709217410002424
0.019721774928410093
0.008975452657215144
0.006371991749359719
0.0032301790522609995
0.002438701239212507
0.0014985381995098945
0.0006621232782677397
0.000867878980962926
0.0010857279995919711
0.0008732391340079112
0.00042565992441569275
0.0002923187827358808
0.0001625395680410569
0.0007356156450510187
0.0013913058900800323
0.0034996381762551435
0.01261521043171664
0.02660441960495983
0.024081872093266034
0.008365029140169448
0.0032216451334740413
0.003786697781279416
0.003483940506356333
0.003785612775860193
0.0031415883031591096
0.0025126082725079927
0.0012289253709213354
0.000354623449958098
0.0007747173232329331
0.0010054321250108583
0.0007341285972871822
0.0002832172342606148
0.0003424971073969846
0.00041923173581226707
0.0013477269776772179
0.0020304578076807403
0.0034205289602001207
