0.03451795351191935
0.024782974376217955
0.011720964080292919
0.008410621436770377
0.0037304828368698046
0.0027296172109154086
0.0015192388163330324
0.0005917682340535213
0.0011070120081454547
0.0012157956946842472
0.0006914781627708045
0.0003887640414339252
0.0002320499004104822
0.00025881712580689105
0.0010648407108056561
0.0021855565844664834
0.007197218943592298
0.02110408258348416
0.026299502748663637
0.02676412320249122
0.010947839991268075
0.003849856125539417
0.005011941783679367
0.005881946121539837
0.00390363591803348
0.0035001857329913662
0.001989200541924985
0.00047728824185584284
0.0008263943674389151
0.0011082081601074282
0.0008519313138980357
0.00044068654544688035
0.0004056904569897258
0.0004036889579943947
0.0013581318996370507
0.002139931606811458
0.003480445077563469
0.00530906999756175
