0.030545338016487497
0.020616012807814804
0.00940329724203941
0.006724042975292
0.003311181474151694
0.002479867410076448
0.0014967644192301925
0.0006540234147675516
0.0009390486726302466
0.0011097246992198097
0.0008468803968839299
0.0004389202456507
0.000276096444474936
0.0001694951505445734
0.000815686263499835
0.0014910655150166935
0.004014620958831603
0.013957074311760746
0.027546710162530852
0.026447372369132024
0.009106163763375199
0.003450836405597999
0.004029762814787873
0.003847326054686415
0.003928087596809239
0.003053489065021911
0.00247637429109853
0.001025623275451029
0.00039872991257686424
0.0008948742674755635
0.0010767481940617079
0.0006223757478048429
0.00026675832855149316
0.0003105301650189271
0.0005217512438938446
0.0015199551501511367
0.0022078662212774067
0.004209039449944833
