0.03243362592324579
0.0226178817089702
0.010448266163745576
0.00757240472640416
0.003496213848588296
0.0025956537196729842
0.0014992362617158557
0.0006264963563717958
0.0010543505131251833
0.0011447626732522713
0.0007796376817311363
0.0004290685272349378
0.00025261568178960674
0.0001864205257645456
0.0009394609157664123
0.0017197015277809202
0.005336125260440369
0.01693581072899229
0.029060790015170593
0.02698170893397209
0.010213466033773181
0.003756754853433217
0.0044775184434557875
0.004740587632435419
0.0040273849113074
0.003198421667378255
0.002223030970088354
0.0006898848673176017
0.0008026891261253625
0.0008975912104884397
0.0009716890630597552
0.0005724773035110059
0.0003440589350591401
0.0002694241033566352
0.0008666948354766599
0.0018279622926001657
0.002999211195976719
0.004856508836799259
