0.04839625044275374
0.03759831056465911
0.021882516801426714
0.013491303637326545
0.0055817661856201704
0.0031314313998025427
0.0014067625446456825
0.0005789511462217552
0.0016055073824917034
0.0013554370954499263
0.0004549115306546541
0.0003267670687966985
0.0004170073755590607
0.0014016788084778038
0.0024481385407366645
0.009723222487199042
0.031143385701331534
0.04805927641198614
0.03879902377998318
0.03155670435254746
0.023309040010260868
0.018029708336238827
0.010010038596458489
0.004802325263538738
0.003488695814791704
0.0012143979409107762
0.0007858308241993313
0.0012119490838317449
0.0011542235941493298
0.0005059918074903978
0.0004940891028272123
0.0005769074647170909
0.0017730753700498185
0.002780067094054905
0.0055668457509071845
0.0075946791065151995
