0.04617289112620629
0.03572679963542502
0.02015929800040142
0.012623977515645183
0.005247995729253372
0.003071695878596445
0.001483735314232749
0.0005503933737840668
0.0015287779990963751
0.0014471596354389174
0.0004453563827595059
0.00031739578176656586
0.0003171850276498193
0.0011910328013927858
0.001927222271582105
0.0070570033224865054
0.0246776298944989
0.044410455047005866
0.036112766781459214
0.028152642442125047
0.017435603819813253
0.016984403985350262
0.00948035753740653
0.004552542774080803
0.003395527932596805
0.0016963087399562218
0.00044347862465178556
0.0011903126123660103
0.0015199387324843336
0.0007078097221694848
0.00041039047953490035
0.0004453468514583513
0.0012767003258924933
0.0023481445531639755
0.0040494936083219635
0.00717874119317796
