0.043968218738892846
0.0339007376060142
0.01840664447616597
0.011836600809126165
0.004956984199163142
0.0030196965526492663
0.001556725030679738
0.0004983175261375543
0.0014378496932321333
0.0015083954154583173
0.00044394143652410554
0.000321546746316005
0.0002555197080908412
0.0010243727426819454
0.0016981861051790711
0.005381404850199056
0.01974363876637138
0.04079427159964737
0.03441072084277345
0.023514149012128515
0.013867409219285299
0.014026005104271991
0.007888340543113857
0.004556186013741442
0.003419023785093748
0.0021914845085477617
0.0005089203456585974
0.0010084099946707102
0.0015099320878292537
0.000760854644128812
0.00033426570439218145
0.000477692675736397
0.0008402854999807744
0.002031420638688677
0.003392845841745524
0.006229760161174955
