0.039661221909398726
0.030106463502340544
0.015167525993791418
0.010279417463104928
0.004405522942548264
0.0029412931597912854
0.0015375188649893227
0.0005133792297087322
0.0012185264885671064
0.0013884407042970921
0.000503224789136396
0.00031114677192209297
0.00021868465789831663
0.0006610225938017332
0.0013967903833229781
0.0035584940545410836
0.014327813286631703
0.035597866515137605
0.032634245759420165
0.019163705291857906
0.011445047751753135
0.01023399737275284
0.006145972661030095
0.004762011046198847
0.003691939081346062
0.0027964087562754045
0.0009340307146910739
0.000754720291882422
0.0010333083547197262
0.001079425577313488
0.0005083967396388117
0.0004002058877954202
0.0003687444181580666
0.0012284181165924423
0.002174935054247528
0.0036202946489833814
