0.049408260788886944
0.03859693172282241
0.022729572042233907
0.013937571978196454
0.005771313906188873
0.003165465405607931
0.0013656823957318197
0.000629551071822313
0.0016137981444814954
0.0012909491856721268
0.00046092896885294144
0.00033271510194767353
0.0004781613572222382
0.0014959181295514808
0.0028245832931096393
0.011297585082039506
0.034731426120573734
0.04951829177793648
0.04032995152439034
0.03273340954782881
0.025591550786556283
0.018845252735027962
0.009983980654486973
0.00487444759246182
0.003353810408100102
0.0010604439650813168
0.0009638800811703113
0.0011760996253332224
0.0009921679765173073
0.0003903980974590006
0.0005808950739616084
0.0007410068991462045
0.0019944800862891736
0.003105802926937155
0.006517215620540788
0.008760116147065376
