0.047286456544796795
0.03663430073553869
0.02100801874952742
0.01304357101800893
0.0054115278701035
0.0031012386281592747
0.0014481269088206772
0.0005423517878250186
0.0015572326900985378
0.0014058697127010144
0.000451863129215045
0.0003166507697296551
0.0003645245029166291
0.0012880360224331623
0.002145491675280252
0.008289005673646292
0.027843038967870368
0.046462955332298224
0.037301797695538694
0.02971245452237286
0.020606763219250285
0.017159844805310014
0.009714352167289135
0.004621803572428929
0.003586539190197598
0.0014626375796729305
0.0005385013464078697
0.001242359216576031
0.0013534718552458598
0.0006372913279303392
0.0004272865683606623
0.0004701247648629187
0.0015165951559696455
0.0024718588380312286
0.0044962757024549875
0.007453836814577539
