0.05038838064195077
0.03961488095080903
0.023556754043571312
0.014387932713443302
0.005973178914685587
0.0032041504246930947
0.0013264870135973816
0.0007042894633254985
0.0016216803446989683
0.0012244631647339215
0.00044538755211352883
0.00035277586538568195
0.0005585308629875101
0.0016016801501161585
0.00324883903239586
0.012977511314407728
0.03881221890020568
0.05192942977036017
0.04410018444439221
0.034104219235350196
0.027470696713524523
0.01965908983924105
0.010133413324134094
0.004900576936146917
0.003223871923748083
0.000843583509873116
0.0010127564039571948
0.001308789770660831
0.0009097583917072963
0.00039384958254131986
0.0005967614526267355
0.0009264060577056875
0.002244624884255129
0.0036158730264470415
0.006919947370112312
0.008512004450130527
