0.05663336944786036
0.04616316962280797
0.029920816914086334
0.01791335191079368
0.0071303462683193425
0.00340692351037483
0.0011272642758042594
0.001277742872072583
0.0016619540218023594
0.0008694653442181738
0.000461122396822092
0.0003577721463586262
0.0011779139031987517
0.0020218291973575324
0.005598749816554399
0.02393221846693315
0.05674620998937797
0.06039557833008235
0.06313050870425668
0.04830091654103919
0.04023415982822818
0.026537854070348484
0.010292271098153704
0.005085049525703005
0.001962305991496061
0.0005852561074431233
0.0014441846958970464
0.001430786681544235
0.0005990303115305097
0.0005706884542705363
0.0009023566992068088
0.0023478525043776895
0.0035517571284221674
0.007529346209050132
