0.051366279964660956
0.04064740773324013
0.024431462908659225
0.014845007529328276
0.006176610991023542
0.0032391151844174716
0.0012863598557312137
0.0008542780999591078
0.0016379887709794137
0.0011483837751401016
0.0004506215521810348
0.0003729060113660112
0.0006462245339686813
0.0016961548862061643
0.003667053843064449
0.015476838100676932
0.04327654752702148
0.05613758727191498
0.05155519188235804
0.03600788500490831
0.034592945904151094
0.021958020203966287
0.011623688894353251
0.005147899630264782
0.0031581349965917943
0.0006716595417123676
0.0010520817585021297
0.0016339030934571005
0.0008964856583812479
0.0003747023122770925
0.0006045007973037456
0.0011050045880658826
0.0024009130707291983
0.004113934203174337
0.007953693098155832
0.009100258940312729
