0.05436469474318625
0.04383853189052239
0.027517770018052747
0.01651612719295424
0.006738766140902483
0.003315342135045851
0.001167571800931243
0.001142301449769911
0.0016558884433413622
0.0009663773786576621
0.0005018799745500202
0.0003544552800053823
0.000927033861421985
0.0019064947947938168
0.004673359054168279
0.020742513662362808
0.05283472423450238
0.05702448830850031
0.05535421179740029
0.040891436130176324
0.035539708225771044
0.02363026397640004
0.010189673344304173
0.004843590096159129
0.002501495067715742
0.00048274500921404676
0.0012768046427309163
0.0016864558392232622
0.0008290127268390751
0.0005412934954977309
0.0006098209681162783
0.0017857182660035791
0.00281053399005285
0.005467332600997265
