0.05235764655415509
0.04169656069936909
0.025383091586171372
0.015381298640972513
0.006369712477919877
0.0032708677204849844
0.0012464076176707934
0.0009616475276617372
0.0016423018020972555
0.0010800175074501108
0.0004794659850673782
0.00036933084549597853
0.000740181844164153
0.0017830652354434975
0.004011690275191106
0.01770203730533332
0.04751884632183892
0.05834664953602926
0.055270451136698845
0.03784426817447739
0.03781935587305988
0.02295468336494249
0.011608421614883884
0.005160055712369133
0.0029792127534926994
0.0005718886876348182
0.0011381913635342528
0.0017095433894690935
0.0008750066872646866
0.00041630775820636237
0.0005729428913169274
0.001277376397945951
0.002479345073929642
0.004432912645820752
