0.055403110282981845
0.04493727873827727
0.02866173476033114
0.017172101230998948
0.006922915066966962
0.0033538700489024187
0.00114327963049431
0.0012135323449585335
0.0016439726881761106
0.0009134125028957324
0.0004931842230902366
0.00035616443255230714
0.0010479764248327566
0.0019521386552919884
0.0049641916674292245
0.022017524579963497
0.053912974089289696
0.05713156765701798
0.05612790847300381
0.042435934909521515
0.03560528523155613
0.02444175140826339
0.00969554155494819
0.004905181377950461
0.0022085474538231847
0.00048273404465876986
0.0013842446948527547
0.0015935385227661297
0.0007376652156624409
0.0005587538046948667
0.0006840493263146154
0.0020233023304020333
0.003217592279485802
0.0071260963553131254
