0.06700006939214713
0.055067722596892674
0.041436527105944226
0.02491374531284916
0.00856962284655049
0.003627366300407374
0.000922428515701681
0.001523542035286851
0.0018230690400733974
0.000766474279782756
0.000465964868935231
0.0007012315143070781
0.002070311908377066
0.003406362625587471
0.015976589941139117
0.05181143156310051
0.09234778192156934
0.12076891958216454
0.1413454079790633
0.1419672304881926
0.10019178753662947
0.06761986677856903
0.018882295926273628
0.004265149332668859
0.0006464630384936474
0.0014903918119958102
0.0017273683074403687
0.0007838329025471941
0.0007549349214441012
0.0013296649264871875
0.002772559029654677
0.004500081376200453
0.0100820913217326
0.012064410665845878
