0.061706813632886416
0.04988476578745992
0.03512408302887293
0.02120477080567241
0.0079334277600553
0.003626257683453254
0.0011355882622769032
0.0013402309481744177
0.001807207238047761
0.0007862631902334
0.00041919894153016
0.00043321222559719103
0.0016278616556203414
0.0023379229279098987
0.009011886951767849
0.03493583783683992
0.0714593003218
0.07971168646212227
0.09435023709149457
0.07673663925955014
0.0649378700762039
0.03516690911204875
0.013442057453472833
0.00447701655169562
0.0011465689321307122
0.001093964628549065
0.0016914264132533551
0.001021475292625842
0.0005279858619431732
0.0007309371627645734
0.0017663986306283796
0.0029664941601564975
0.0058163467197128015
0.010103533716653165
