0.06301459688277611
0.050974586490143546
0.03656304521350334
0.022078857116119628
0.008106196852328586
0.0036305415921161367
0.0010956105061311764
0.0013688501735531836
0.0018095496461746443
0.0007768066717367006
0.00043580625745368224
0.0004622266897730226
0.0017163913836347018
0.0024518541610201775
0.010307825722823773
0.03851850008896931
0.07589395189110484
0.08886338068188113
0.10643102804707487
0.08940061668276417
0.07124620353542269
0.040882681551621954
0.015066039547205118
0.0043447661013812
0.0010151003932561446
0.0011155391909102312
0.0017526812963022363
0.0010277830754249035
0.0006602796386656377
0.0007604091479383606
0.0020418247736952114
0.0031898474218916176
0.006497338195897713
0.01055892673450251
