0.06834853598096868
0.05657390110517114
0.04322289986217407
0.02598772029523088
0.008702586917006911
0.0036195791802119577
0.0008923004089137221
0.0015731061090353182
0.0018361474468923803
0.0007753075247500776
0.0004971576584073578
0.0008026505812108915
0.002223707652011966
0.0038182382442268023
0.018058889278908734
0.05626797188377734
0.0987533794785377
0.1343017071077823
0.16161551131121815
0.16831598545756932
0.12313825113612283
0.08126111985178354
0.022735669851351017
0.004182612061878338
0.0005338237440392531
0.0015521753185828348
0.0017031918474654938
0.0007087265236090251
0.0007605391561158381
0.0015649716076617196
0.0029849248656694297
0.005207903251759565
