0.07246916048199724
0.061678437506906755
0.048563728126183016
0.029385072339431235
0.009189709415599453
0.0035962123061961024
0.0008441797241073867
0.0018526148742868391
0.0019235750827722182
0.0008227894752168448
0.0005425173640156389
0.0011494076674937702
0.0026810756193810753
0.005218976956897988
0.025728080457671776
0.07485697276072456
0.14738523576129586
0.27949037208171024
0.46817463503424267
0.6848428858229108
0.8426425881326374
0.8181957617218244
1.3459171524263638
2.385925856279821
3.151715939105821
3.3535043960920112
3.2448620627348808
2.8924765158190078
2.5334468108840302
2.060503062876308
1.523022507014926
1.2115997592454992
