0.06433288363602478
0.05229745012229065
0.03801055165651818
0.022940521034454993
0.008296653064274906
0.0036386712910377343
0.0010428316523391577
0.0014145887544877805
0.001812264011046336
0.0007669124226237366
0.00044227859865577447
0.000525245537702562
0.0018266424680533613
0.0026866099245682843
0.012069504547637678
0.04282303538953189
0.08152339996692025
0.10078633144576471
0.11579873269586084
0.10983008784912249
0.07707968009207926
0.049654797654911105
0.016757971933907805
0.004480606577587853
0.0007933573788704261
0.0013141614287435165
0.0018298017256744353
0.0009601088670886581
0.0007180004912276773
0.0008686343937431112
0.0022859396548506666
0.003538431145282356
0.00829792713696459
0.013178591331279464
