0.06970673146381584
0.05823357736415918
0.04499538077515124
0.02708920774801453
0.008862991685118365
0.0036125070317945315
0.000874394599798546
0.0016310362598098605
0.0018522494905115383
0.0007865427205787838
0.0005301167790609544
0.0009115719842031496
0.002381681560727284
0.004239608290790417
0.02017137471147478
0.06131558183006319
0.10834493685086245
0.15388323601655532
0.19314757884231157
0.20353797077599012
0.1600927495942332
0.10235870098327102
0.030321222287113134
0.00549469735272631
0.0005744646992049476
0.0015907798557805634
0.0015460206463594017
0.0006470942511386506
0.0008516452207618761
0.0018072135880664393
0.0031735086241747416
0.005917532455671118
