0.07389815528996055
0.06348326374254751
0.05045365173581346
0.030619282871928784
0.009354778686650913
0.0035872455404998282
0.0008538158692241969
0.0019406931755355124
0.001931941630848567
0.0008478361286309762
0.0005118980393849621
0.0012628182891193979
0.0028303178456531666
0.0057346556240715505
0.028580975311122213
0.08177438415876948
0.1669853241396044
0.34561458501309134
0.6067925671388167
0.948668624486716
1.2975112759204406
1.282168696209546
1.6528998232452619
2.5395933126808963
2.9518483145640575
2.9367060979074813
2.642482192972437
2.1686441888779213
1.6973019207916424
1.3067736755607646
0.9446520297130929
0.6460600706304007
