0.08217184033206526
0.07444250789021845
0.06169063468079246
0.037976426595895896
0.010681365193356763
0.0035059218487940216
0.0007663075485162154
0.002181830430668136
0.0019362818184423787
0.0008542509218591653
0.0005099790947790876
0.0022795194014560084
0.0034388956286022987
0.010606961799511495
0.04643402436024905
0.11978049926009601
0.24630033368716547
0.5162747477293433
0.9003935321646415
1.4419557099292684
1.9154216324796982
1.976701741368569
2.228070663196881
2.7674901824053824
2.8639287262553226
2.6282357498648437
2.107899450958969
1.5245357645398598
1.0300086065872827
0.7052367516604234
0.7216053902130699
1.1076996514869022
