0.08498298664394809
0.07849372273040668
0.06558328949275401
0.04020996837454963
0.011251761352894015
0.003520599524936135
0.0007697429836307508
0.0021447931031974812
0.0019428804117438219
0.0007464023395230961
0.0006926333932569914
0.002795145191759537
0.0036613527726538334
0.013572728026162155
0.05577394939119375
0.13726691451087697
0.2935704649486739
0.6009750980440302
1.0388194329792717
1.605112107878356
1.9575259942067458
1.9869076236277745
2.3400052125706887
2.8004466681178593
2.8350649576631137
2.52054603988788
1.9748930983651967
1.4070044045758752
0.9609174722388131
0.6510513739395791
0.7383310178325998
1.2463660652144974
