0.08944424874855401
0.08530805904690394
0.07218527016861892
0.043964905111707996
0.012193952378984853
0.0035342183596113485
0.0008283901857527438
0.0021324815569114808
0.0019883737597760523
0.0007762653745028755
0.0010841504866742479
0.003388887192581903
0.004259991729031141
0.019767585874218827
0.07070680326474252
0.18419684280420823
0.4614239961406741
0.9224328165310072
1.6168917032485879
2.4519246186358243
2.681106600615997
2.5098206674767867
2.6656795595113354
2.9275069404558387
2.859042002995711
2.4054223761217552
1.800160098742389
1.221804601457436
0.8289782083315578
0.6064647166175737
