0.10216958547406003
0.10487738170721607
0.09132512781997773
0.05421040554114255
0.014537259206259643
0.003750650272890596
0.0014186097850405115
0.0021447200812270213
0.0017665603510312006
0.0013719441261297893
0.002883768727599944
0.005173493905059612
0.009107912042755408
0.049494250426941305
0.1737485995812086
0.5319390797172615
1.1295481187524716
2.0263873678553703
3.090170109509553
3.603128040362343
3.4982329211330208
3.4043707833977006
3.5576207497172514
3.5672164923734995
2.9968508303694072
2.256350608418312
1.661491839452977
1.254930560655174
1.1478588773127725
1.2924508868596996
