0.09376319415727939
0.09200958913474698
0.07870262504827108
0.047581252224997754
0.012995199511692732
0.003500328461527217
0.0009756258735988514
0.0021882405321660284
0.0019823284946627346
0.0008669836699954252
0.0015801008881083903
0.004032779979595767
0.005515015125393142
0.028270962187291065
0.09701125031464351
0.2969341646503464
0.7938945070691109
1.5095698570086156
2.5347769851553745
3.3994196738771936
3.4767667576149526
3.286064836743601
3.258266770276206
3.519389905749982
3.220873984304906
2.460561085739418
1.9976529215105137
1.5046451814208028
1.3897500151434843
1.4342089884013918
