0.09515116450634413
0.09419046704287785
0.08092428259509003
0.048798345513238486
0.013237641195732407
0.003468978185245195
0.0010511898709873188
0.0021907179084140393
0.001948248845208461
0.0009069474311923193
0.001775495636109604
0.004258609450304366
0.00599745828201426
0.031146185614484144
0.10683761626307427
0.32970733188819706
0.8599839553397453
1.6130827265454153
2.677797583541481
3.4801551141408584
3.4913955073442615
3.2891168472420382
3.2417204434352813
3.4463215873382045
3.0654861934802393
2.281610434236889
1.8971794748251591
1.4336590378577843
1.3435431211931863
1.3715475900098306
