0.09654463887457033
0.09639100415021025
0.08314619657520074
0.05001487697398637
0.013486566638365867
0.003454696349047351
0.0011609664043655441
0.0021932823786497053
0.001902147064138392
0.0009412523427343619
0.001992512661081838
0.004482725799476119
0.006540403532923769
0.033841268678661884
0.116601946491893
0.3614462228023424
0.9129493775766091
1.6919151833652268
2.7655631224777473
3.510337989809256
3.4733573147780024
3.2828987307859028
3.271279016566962
3.437658135728133
2.974584175717808
2.209334298451517
1.8174137550959453
1.4102814847972127
1.3461955037150912
1.408223700045821
