0.10075597583412571
0.10280903769333014
0.0891994208293084
0.05291795261586212
0.014283092391961592
0.003701470564512413
0.0013402864173502893
0.0021679550538759593
0.0018094242267977065
0.0012149711492607299
0.002704466433696464
0.005007424926668402
0.008396179162389729
0.044803548720053876
0.15574988669118453
0.4805597005978168
1.0593070703121543
1.9068798090887256
2.966914491049131
3.556611213698046
3.4554886432778362
3.3395586562394746
3.4544463841423756
3.4839721188420483
2.9287042080134182
2.1494053864117646
1.6535102104638795
1.3537623400360377
1.30187369639142
1.5848272886844876
