0.09934723022898603
0.1007559633461229
0.08708332863594316
0.05184560328664858
0.01402377191174668
0.003621867081799353
0.001317049662340297
0.002190010245615503
0.0018336254235638526
0.0010732580641259926
0.0025111031008183604
0.004843539059003313
0.007779804323431826
0.04013774169587355
0.13820438282479344
0.42378699934036884
0.9821785055391392
1.7818572795799787
2.8346235539823557
3.480898299246724
3.3830498738055503
3.2286489932456393
3.3169743230395996
3.372782222594407
2.8041260243422483
2.0430316312630903
1.598719973444505
1.2475939928235384
1.1680974399618425
1.216230930361131
