0.11368927204274441
0.1217865306027226
0.10965816765045824
0.06477826417771324
0.016425219469884213
0.003344699422819288
0.002051369391073374
0.002423505995439467
0.0015620005242567416
0.0021052916551658287
0.00515371828097246
0.006618548610894415
0.021117550445895847
0.09179021135331644
0.3303929692082067
0.9351001182845605
1.7658995528544974
2.8928484817993256
3.6775154965654036
3.744644156789418
3.6412159147826175
3.4816715036963246
3.5614409395647817
3.1277648420547344
2.3377650324261685
1.5977583357932776
1.0519967961435586
0.7428735604051945
