0.10932206800362618
0.11539610507768366
0.1016569142944393
0.060368802741306224
0.01575892695387926
0.0035659278326521182
0.0019483364649306835
0.0023097918492987206
0.0016254913055526827
0.001867918494126723
0.004063175362946067
0.005957111468530313
0.015177031536914895
0.07232546384052407
0.25420601589607017
0.7532503778231483
1.491458969672168
2.5562929397015903
3.511092267788085
3.6868388980754547
3.571218717574614
3.464301896835366
3.6891176196087354
3.387839861014669
2.643971229984142
1.930253734870326
1.2872321996043437
0.9182113872773877
0.7709047022211968
0.7890999334478446
