0.1064349597790903
0.11115456775548949
0.09755766691235243
0.05796627546243511
0.015281852846107252
0.0037278370496706477
0.0018344291686202582
0.0022398641084024054
0.0016738351727184303
0.001752587131943545
0.0034989367141481193
0.005643398801257798
0.012359273184718063
0.06257059410624498
0.22197803922614787
0.6589402701639897
1.3351380728370943
2.341890560817646
3.37039464842659
3.642198420538509
3.5191391293228373
3.438049555481277
3.6962277980093514
3.5265476624311978
2.8697318875299365
2.1522064942353163
1.5029751159122222
1.127698933432458
1.0600445754854244
1.0726943851949422
