0.1300656124859407
0.14898871090645047
0.13839946995235916
0.08074384946397123
0.01912294750191704
0.003140587050819501
0.0023843156725404093
0.0030101181732480877
0.0024641551390100023
0.005396814164670824
0.01009872042809461
0.012776552264950083
0.06261713267479338
0.26911070860654807
0.8567876836490237
1.6957349471811467
2.8487814430103833
3.730918575923974
3.925166773949276
3.928264368808951
3.653417316503856
3.2287018769498053
2.6873788004496464
1.9804056175859843
1.261804369758591
0.7738665405841705
0.6316902573182149
0.8633408615939446
