0.12101022103498627
0.1336208413987305
0.12237180906976802
0.07206087552477271
0.0175981947903896
0.0030975766498409244
0.0022789041840159978
0.0026575848855574713
0.0016872494836088334
0.002968944538404116
0.007390074258633849
0.008381353084119794
0.03669052453445249
0.1523700175952316
0.5685518086028806
1.2484623472250012
2.242582611365601
3.328299187236629
3.8027027957115878
3.9083807088637172
3.7905421037324314
3.5019640244668677
3.085108583798589
2.5503232572281505
1.8182587731235267
1.0722017130562018
0.6545774413556056
0.6466578285559822
