0.14645890822679222
0.17523937998764924
0.1654651275044382
0.09096763343867413
0.023616140430794075
0.0029517182462341506
0.0023868546846673513
0.0037716807298102464
0.004512007698043624
0.010145236778207523
0.013392044923177944
0.023629324240121492
0.11832613477247875
0.5125871714275945
1.2087095313559757
2.2082720392087962
3.3062496264401213
3.8034759586990647
3.9369527024457183
3.7577898576215163
3.3108784539921583
2.6496885971430935
1.935460603543435
1.4108844262600342
0.8481484512264983
0.5797024659031916
