0.14043329733972096
0.16715280504724478
0.15516407059268877
0.08686593637081316
0.021823581760707325
0.0029395602193618134
0.0023866588413533328
0.0035503818858938574
0.0036820558937344806
0.008400889553551309
0.012502517848903593
0.019529327793313803
0.0983153963062065
0.41075085447742765
1.077022784594248
1.9984555246774052
3.1046733927882
3.753958329519911
3.9174343553416042
3.813951711857296
3.45070084706444
2.8998380220202304
2.200664686464468
1.5090241992468763
0.945291405549539
0.6288504113225296
