0.14443377293059964
0.17251671588397688
0.16242227166832968
0.0900055794355881
0.022905374143711046
0.0029174737208066087
0.002385685045132188
0.003743840133578458
0.004227632872443472
0.009514533527423855
0.013026035771374834
0.021805034041984646
0.10837617248448589
0.4672031355150814
1.1432010856321968
2.105037551007753
3.2114650704528334
3.767515282187857
3.910749414938996
3.7732416938012014
3.3873420049406486
2.827623718330418
2.1048151310326357
1.3881701141000424
0.8686231269916761
0.6105317973137567
