0.14849603977642137
0.1780038828962278
0.16838026936865474
0.09120273800958494
0.023399725011394222
0.003024078396890098
0.0023606074703224926
0.003762948053270835
0.004823783711584711
0.010745848135603796
0.013823169921195614
0.02596909614212068
0.13005450606303876
0.5577146679601934
1.276267760353289
2.3082978227580337
3.394558657659195
3.8395053559932144
3.953088742312778
3.7365107701418454
3.2515072009814086
2.549741133637334
1.878394675882677
1.3526816397253527
0.8001426882899874
0.5764042064125682
