0.1424254110553161
0.16981998227118078
0.1589185704063693
0.08856485992178699
0.02231707069730628
0.002919738298359012
0.002386763203683847
0.003669561298298756
0.0039558458503832356
0.00894090347233031
0.012749293703407
0.020644602980154563
0.103124016095219
0.4355809799592157
1.1052221007057692
2.0433917805801403
3.1517953565430066
3.7584931375622834
3.912453929390382
3.793718385913584
3.4247204504492226
2.8803836976252
2.171978069295173
1.446293638499156
0.9118519058018663
0.6203493585162552
