0.15260829777241292
0.18353148533298963
0.17492405026547975
0.09148495533644764
0.022945600371819114
0.0031578482306788445
0.0022691268814416556
0.003682040670467722
0.005507683161287686
0.01191987854414284
0.01486979677394104
0.031454425503327804
0.1581334722567378
0.6633254196026067
1.4388386134491988
2.52213006547726
3.560818476672776
3.922831045392571
3.9804357962882233
3.680305658312568
3.0808273249906364
2.3988979690133103
1.770227414858326
1.195463358857692
0.6737305370764519
0.4604979815773468
