0.15679012910460283
0.18875128189554058
0.18131375858581622
0.09193918005825462
0.02318381564807824
0.003121843578971529
0.0021795503316496758
0.0037934508750553063
0.006620768677060376
0.013426398395844906
0.01629627267134832
0.03804254574648798
0.18990711487459086
0.7493395068590416
1.5744870345323716
2.7035466777998214
3.6812126122800097
3.9641810016448122
3.9920064706608853
3.648855230837318
3.012704164613379
2.2747152754319475
1.645367797972793
1.03672763979023
0.5188322233623419
0.36526139762788157
