0.16307599765229785
0.19677910670537888
0.19112620880538594
0.09268634086279828
0.023405609208456392
0.0032351422375506847
0.0021374226144212473
0.003994740581918609
0.008232966847718117
0.015854797155431838
0.01907551018673734
0.04981264699804919
0.24418979684856068
0.8679383724506615
1.7551094010430197
2.9277155166657107
3.773178617772392
4.030794880927713
3.9965413602303306
3.5642409488646214
2.8353863652883824
2.1305836410787418
1.3997154674668162
0.9097137217327689
0.41265840156949024
0.33456409995664227
