0.1589082642208727
0.19135570435681412
0.18449112796099632
0.09206805630578128
0.02329616888975369
0.0031317473640947854
0.002161788157695239
0.0038745943153964102
0.0072335219553569825
0.014263159508586974
0.017134262876045088
0.04178850515013262
0.2063615482631479
0.7853977928635602
1.6315204093225548
2.7796472360113427
3.718654355145394
3.970586637080049
3.984984708475867
3.6247256013995
2.9798937988470473
2.2105802021862875
1.5895857901103436
0.9599860956011395
0.44854394173971995
0.32373756945633747
