0.1719420237551849
0.20847095250566058
0.20875350972070128
0.09493704763961724
0.0245144573397271
0.003548495577246154
0.0018800727202621375
0.004194202636016312
0.01089342528140587
0.019703881914183523
0.023056709743552638
0.06651190029702347
0.3232910224560628
1.0022024341750961
1.9371455036511356
3.0813306273109236
3.771188569221807
3.9704463748253866
3.8330482791799874
3.3400178817006396
2.594167612995221
1.9035432316361784
1.3373767292846126
0.7772988091610157
0.4339093017558843
0.48773862114504685
