0.1675763658581509
0.20260539061309202
0.1993661306734567
0.09384394355429548
0.023796243584030697
0.0033556768095596087
0.0020119068082031077
0.004074949265116085
0.009336634523446914
0.01772097419079957
0.02115708415907012
0.05828299948328278
0.2828853218854903
0.9398742090394689
1.8501893448235722
3.007042425551763
3.774463850699176
4.006191128229083
3.914026132907321
3.4367800779197886
2.6912206272764294
1.9990251124392036
1.4300075240394896
0.8338448041197672
0.42598261146035715
0.4367453417133597
