0.16528665244121302
0.1997243411999049
0.19519711013187338
0.09323196116861523
0.023605361678644826
0.003364511206069844
0.002116154042344475
0.004047998239879303
0.008745722600488772
0.01667410329338101
0.02007801424455152
0.05415267131882416
0.26411156644659517
0.9061779029157782
1.8063522007357848
2.971323324932068
3.77470078394722
4.023776105454001
3.9576238781481266
3.4979748844800396
2.7548700232074506
2.0557998089984704
1.4466169468688799
0.8393382377238826
0.4215376747674323
0.42444338504721135
