0.1796956473195423
0.22102784857082955
0.22272213910494693
0.10657685602655811
0.037585684718984935
0.005139170105191374
0.0019384108014808242
0.0038691989258725582
0.01170946986149993
0.022707178231088716
0.02750889400528917
0.0885527168118304
0.4158817516890513
1.1364356299682943
2.1216383032557955
3.234856532606371
3.778111299830761
3.9276696743885595
3.704717331762736
3.159816162649689
2.396454157874446
1.7518360580470977
1.0695740345340994
0.5553648193890701
0.44041557431126127
0.603714255794155
