0.17398281245191186
0.21120721659971592
0.21276579095503914
0.09580374462818833
0.025549397667266265
0.0037966178925989344
0.0018942047202005247
0.004177229049029513
0.011454171292921676
0.020504256830476696
0.02409837845891602
0.07119129943400583
0.3433295585708884
1.0337391258730901
1.9808754287431127
3.116837479001918
3.7668321088332255
3.957078796422693
3.799320912279116
3.297275618035134
2.5467965675056212
1.8636060741152325
1.2750746620615487
0.7232138505293705
0.4229873989835131
0.4981378407651457
