0.1815281373326989
0.2242911353656036
0.22531906296434687
0.11616479006045466
0.05061368255166299
0.0067114068928846955
0.0023939609729171593
0.0037104113769570474
0.011367969152517296
0.02259998334125161
0.027979562715679474
0.09579192087012947
0.4454567824807351
1.1750234947472877
2.1782951811699918
3.280816202465711
3.791824692458365
3.920968268783463
3.6733033975796188
3.1022600830567235
2.346990114946791
1.7107527325863874
1.0215302518903244
0.5472989917429225
0.48687669693584446
0.7087489343839228
