3.41445339415349e-5
3.54604277845003e-7
3.66845268112440e-7
4.27279066960290e-7
6.50476796049592e-7
9.65084782518253e-7
1.32339037278725e-6
1.69423231143077e-6
2.05675384632812e-6
2.39708138624959e-6
2.70599990937828e-6
2.97736896091799e-6
3.20700315117976e-6
3.39186324026020e-6
3.52946948294379e-6
3.61748714831962e-6
3.65346125688737e-6
3.63470450303377e-6
3.55837571297286e-6
3.42182975004266e-6
3.22337141898580e-6
2.96358696025881e-6
2.64739877382197e-6
2.28676272447796e-6
1.90331292093315e-6
1.52922048236809e-6
1.20381311652806e-6
9.65110475004846e-7
8.40390385144648e-7
8.42619322385788e-7
9.72162495514859e-7
1.21591934950096e-6
1.54502532336793e-6
1.91970575698276e-6
2.30006072981987e-6
2.65457920513036e-6
2.96283809763194e-6
3.21408776352284e-6
3.40439923684299e-6
3.53398216356826e-6
3.60522570348475e-6
3.62146925763015e-6
3.58633462045809e-6
3.50344585528597e-6
3.37641100868150e-6
3.20899239218763e-6
3.00543579723459e-6
2.77096314930305e-6
2.51246055707894e-6
2.23941637655705e-6
1.96518026503971e-6
1.70861594294687e-6
1.49618615611464e-6
1.36439220667953e-6
1.36220338568370e-6
1.55249978294748e-6
2.01039692026676e-6
2.81445362872612e-6
4.02453575839549e-6
5.63966025768537e-6
7.53668143503325e-6
9.41713613461390e-6
1.08382194055221e-5
1.14268774475677e-5
1.12379903663890e-5
1.08782963177388e-5
1.09791569116711e-5
1.14507324934108e-5
1.15621670188715e-5
1.07641506588650e-5
9.13554461897724e-6
7.13743935998849e-6
5.21724187976321e-6
3.62922432736169e-6
2.44964932138477e-6
1.65687652241773e-6
1.19772841678166e-6
1.01982786300163e-6
1.07752696090855e-6
1.32587149901949e-6
1.71457916460113e-6
2.18801761874381e-6
2.69094887675085e-6
3.17611327767705e-6
3.60962649246752e-6
3.97237672119005e-6
4.25794437732644e-6
4.46870741001224e-6
4.61173170853558e-6
4.69540624768197e-6
4.72713114078288e-6
4.71195340289760e-6
4.65188021722025e-6
4.54560186949186e-6
4.38845248748738e-6
4.17259997307440e-6
3.88771954065386e-6
3.52285606960144e-6
3.07089499818770e-6
2.53774698743164e-6
1.95720657306295e-6
1.40475221659485e-6
9.88337807663885e-7
8.02002168064822e-7
8.88179687496160e-7
1.23180041102796e-6
1.74242031705855e-6
2.29532105941720e-6
2.80110133382428e-6
3.21863127839542e-6
3.53858663617235e-6
3.76691092459557e-6
3.91484064890853e-6
3.99420323304949e-6
4.01565449911738e-6
3.98829820501194e-6
3.91987567259910e-6
3.81715507707225e-6
3.68637081806015e-6
3.53366404819366e-6
3.36551746102854e-6
3.18919186018103e-6
3.01317240796971e-6
2.84762294647448e-6
2.70482593592557e-6
2.59954762333784e-6
2.54920350061228e-6
2.57359615072278e-6
2.69384836501826e-6
2.92997272583867e-6
3.29638011839923e-6
3.79474195025190e-6
4.40440579040487e-6
5.07262500128417e-6
5.71051544090088e-6
6.20456727102650e-6
6.45279325187659e-6
6.42127288009444e-6
6.18954826547593e-6
5.93419396888811e-6
5.83009995274693e-6
5.92993516969537e-6
6.12714789521488e-6
6.23755322464623e-6
6.12109183986974e-6
5.74614208301414e-6
