2.83346250126046e-5
3.05282697189147e-7
3.10051746500565e-7
3.20582800847927e-7
4.67092420766348e-7
6.92647576740273e-7
9.60088156830693e-7
1.24438607109841e-6
1.52845213322597e-6
1.80067591756526e-6
2.05318047739910e-6
2.28062491749317e-6
2.47935717521395e-6
2.64679825286527e-6
2.78098796738544e-6
2.88025104829305e-6
2.94296008514339e-6
2.96738577945246e-6
2.95163980568119e-6
2.89373427408946e-6
2.79180593057983e-6
2.64458151407667e-6
2.45218376288645e-6
2.21736744417928e-6
1.94717024703337e-6
1.65466952330808e-6
1.35999983966294e-6
1.08924900617333e-6
8.70176905788619e-7
7.25901617017824e-7
6.70476007000325e-7
7.08893230827226e-7
8.38187412925482e-7
1.04595070978424e-6
1.30968724752684e-6
1.60116037606703e-6
1.89327630509324e-6
2.16491838735510e-6
2.40230063676860e-6
2.59798764528379e-6
2.74909461265726e-6
2.85558112692352e-6
2.91897149162605e-6
2.94152131425080e-6
2.92573915549409e-6
2.87416049646188e-6
2.78929466818218e-6
2.67369461740930e-6
2.53012478245604e-6
2.36182249981357e-6
2.17286444892250e-6
1.96866300252770e-6
1.75662824313377e-6
1.54703787997872e-6
1.35415327849351e-6
1.19759155557690e-6
1.10388368092282e-6
1.10796637570375e-6
1.25398875597871e-6
1.59415261446372e-6
2.18327105207256e-6
3.06550740651203e-6
4.24937193055955e-6
5.67041048243123e-6
7.15344471261465e-6
8.41125159246889e-6
9.13877701550276e-6
9.22292349203838e-6
8.92689925559594e-6
8.75957731341545e-6
8.99039300913157e-6
9.33642334934311e-6
9.26144397806010e-6
8.49401057997781e-6
7.17207667815616e-6
5.63094387648246e-6
4.16889980265578e-6
2.95314734081451e-6
2.03514669172335e-6
1.40139088343810e-6
1.01575627598025e-6
8.41431935646230e-7
8.46219794100840e-7
9.99381467156688e-7
1.26731899297345e-6
1.61234799705749e-6
1.99532141918073e-6
2.38032015663660e-6
2.73890599837021e-6
3.05227458439984e-6
3.31102228057916e-6
3.51323039224870e-6
3.66186717819222e-6
3.76230412952440e-6
3.82036643496771e-6
3.84101512219258e-6
3.82756958708412e-6
3.78131105018135e-6
3.70131762217037e-6
3.58443623093964e-6
3.42538497131901e-6
3.21711842055698e-6
2.95182213787363e-6
2.62327801125852e-6
2.23177796261480e-6
1.79260329489544e-6
1.34628314611731e-6
9.61013717809318e-7
7.12557602796979e-7
6.50831055866869e-7
7.89336808719470e-7
1.10062047434089e-6
1.51015125395234e-6
1.93421151174735e-6
2.31687475642421e-6
2.63303541110074e-6
2.87747292574387e-6
3.05462438825770e-6
3.17238300545523e-6
3.23908398814621e-6
3.26231513488656e-6
3.24861936834127e-6
3.20358392779068e-6
3.13207469744881e-6
3.03851203745808e-6
2.92715038570092e-6
2.80235312571250e-6
2.66886563270578e-6
2.53209194822382e-6
2.39837767437112e-6
2.27529378042602e-6
2.17190128566201e-6
2.09895157471772e-6
2.06893616256927e-6
2.09583734642617e-6
2.19434506122960e-6
2.37820634906764e-6
2.65730685364999e-6
3.03316088085562e-6
3.49292298750668e-6
4.00312974590704e-6
4.50631127707405e-6
4.92584033074786e-6
5.18475701507445e-6
5.23894787518718e-6
5.11168377092660e-6
4.90211994349972e-6
4.74443946803991e-6
4.73023881829016e-6
4.84908274594680e-6
4.99761188445092e-6
5.04842212594168e-6
4.92085842611204e-6
4.60787351624921e-6
