1.88078954098450e-5
2.32970024772738e-7
2.26796233167164e-7
1.86163013198164e-7
2.33554867136741e-7
3.35607128788092e-7
4.71217329356313e-7
6.25261156637043e-7
7.86962135687360e-7
9.48684681840631e-7
1.10502410499219e-6
1.25215968122705e-6
1.38739294309508e-6
1.50881123202968e-6
1.61503654552792e-6
1.70503481239140e-6
1.77797022387017e-6
1.83309504673669e-6
1.86966934135686e-6
1.88690852341719e-6
1.88396059462962e-6
1.85991971170369e-6
1.81388892827822e-6
1.74511232890374e-6
1.65320405865060e-6
1.53850484560233e-6
1.40258615588029e-6
1.24888110824959e-6
1.08332773911641e-6
9.14757309144156e-7
7.54609371782137e-7
6.15601020953710e-7
5.09481650746713e-7
4.44868266437048e-7
4.26429950895171e-7
4.55417530457837e-7
5.29984796540423e-7
6.44510553487098e-7
7.89269816538845e-7
9.51793073365096e-7
1.11934014642852e-6
1.28103228259140e-6
1.42886914813822e-6
1.55774447843150e-6
1.66492014170031e-6
1.74935315483204e-6
1.81109192096211e-6
1.85081791798424e-6
1.86953423986397e-6
1.86837408718891e-6
1.84849814851412e-6
1.81105526128482e-6
1.75718852886788e-6
1.68807632517668e-6
1.60500359696565e-6
1.50946367996625e-6
1.40329480610334e-6
1.28885885596473e-6
1.16927272942390e-6
1.04870457006407e-6
9.32746856171556e-7
8.28873651432354e-7
7.46975486892026e-7
6.99934236478074e-7
7.04138440655426e-7
7.79726769256454e-7
9.50159411783333e-7
1.24043947708110e-6
1.67297662713725e-6
2.25989324212968e-6
2.99103950100015e-6
3.81912877800270e-6
4.64847139421665e-6
5.34140326795948e-6
5.76029628767343e-6
5.84732695034023e-6
5.69724630268925e-6
5.53415146111205e-6
5.55322570978330e-6
5.74782217746171e-6
5.90964595351291e-6
5.80748025737325e-6
5.35272858900401e-6
4.61878771540552e-6
3.75689313030817e-6
2.90900159089404e-6
2.16642837227402e-6
1.56874662560140e-6
1.12058500011495e-6
8.09654798181973e-7
6.18963669200970e-7
5.32433136285899e-7
5.35796560836775e-7
6.15225591888372e-7
7.55734851812703e-7
9.40590567708045e-7
1.15202356624762e-6
1.37282148945561e-6
1.58806220663990e-6
1.78635589406410e-6
1.96030264901532e-6
2.10621492150497e-6
2.22335626953238e-6
2.31298918327162e-6
2.37746051851547e-6
2.41945315920897e-6
2.44144450449632e-6
2.44535527074615e-6
2.43234547640277e-6
2.40270989124522e-6
2.35583403201358e-6
2.29018884538411e-6
2.20336726141285e-6
2.09220393816772e-6
1.95308123880476e-6
1.78262191155722e-6
1.57909627106005e-6
1.34493906125949e-6
1.09045396246613e-6
8.37410455844611e-7
6.18589690881760e-7
4.68815806546962e-7
4.11763315582403e-7
4.55743407178604e-7
5.94699502676861e-7
8.03641282203619e-7
1.04442276436023e-6
1.28243539350570e-6
1.49576503712910e-6
1.67447733035912e-6
1.81643976936145e-6
1.92355592000134e-6
1.99935984310179e-6
2.04773912987426e-6
2.07235911701737e-6
2.07646462757044e-6
2.06286529761418e-6
2.03400125735516e-6
1.99203878605110e-6
1.93897365201571e-6
1.87673388306589e-6
1.80728029369141e-6
1.73270583593509e-6
1.65533554996654e-6
1.57782834331328e-6
1.50328019027566e-6
1.43532536171855e-6
1.37822736656725e-6
1.33694347698057e-6
1.31713482769652e-6
1.32507695882567e-6
1.36740295366175e-6
1.45058525118187e-6
1.58004107705099e-6
1.75875014842415e-6
1.98534007446214e-6
2.25178354588989e-6
2.54122493731757e-6
2.82701788140501e-6
3.07462802690985e-6
3.24810716753899e-6
3.32151506694817e-6
3.29235948886033e-6
3.18988618777376e-6
3.06961018371772e-6
2.99127421152529e-6
2.98961024566812e-6
3.05608130649596e-6
3.14440139376887e-6
3.19556296939225e-6
3.16512955661261e-6
3.03768142800513e-6
