2.48598724059497e-5
2.78168635159346e-7
2.78602451395582e-7
2.65840568781490e-7
3.72061298351104e-7
5.49010202033704e-7
7.65588664429131e-7
1.00041615305527e-6
1.23869251316072e-6
1.47022099426574e-6
1.68798452457322e-6
1.88716111513028e-6
2.06442648362966e-6
2.21744641698463e-6
2.34449982437667e-6
2.44419726087748e-6
2.51527383238657e-6
2.55644514998380e-6
2.56632396492729e-6
2.54340554382116e-6
2.48614322559586e-6
2.39315250674787e-6
2.26360059848919e-6
2.09785067902679e-6
1.89841482478629e-6
1.67118416368122e-6
1.42668895879811e-6
1.18077320260044e-6
9.53726011464696e-7
7.67162205879200e-7
6.39417803767810e-7
5.82130795177236e-7
6.00013684232290e-7
6.91888666718324e-7
8.49924438983712e-7
1.05857992252320e-6
1.29674918692517e-6
1.54258376250101e-6
1.77774082156156e-6
1.98925407472325e-6
2.16935928948547e-6
2.31433739682540e-6
2.42319432603496e-6
2.49656586708254e-6
2.53594498250336e-6
2.54319732122908e-6
2.52029458726057e-6
2.46920103797144e-6
2.39186654361765e-6
2.29029822481635e-6
2.16669816662854e-6
2.02366699671107e-6
1.86448308274959e-6
1.69347548494781e-6
1.51651557710154e-6
1.34165598725498e-6
1.17994218098896e-6
1.04640288593691e-6
9.61173635533406e-7
9.50592510784013e-7
1.04787931028201e-6
1.29260198595022e-6
1.72749268403850e-6
2.39036954503732e-6
3.29843471347258e-6
4.42350949480748e-6
5.66278093045981e-6
6.82357679532054e-6
7.65885277510789e-6
7.98694965499028e-6
7.85800161493703e-6
7.60053975247542e-6
7.58500336273226e-6
7.85938291376344e-6
8.08608452678271e-6
7.87601040886560e-6
7.11007967421126e-6
5.95137127124577e-6
4.66598668979176e-6
3.47052791682193e-6
2.48119967357624e-6
1.73137132373541e-6
1.20877456419210e-6
8.85308651977681e-7
7.32477715746799e-7
7.25254869858687e-7
8.39909354794149e-7
1.05078137465768e-6
1.32905847912643e-6
1.64431093821444e-6
1.96775840654413e-6
2.27556551834287e-6
2.55085766524364e-6
2.78403246479035e-6
2.97169607434367e-6
3.11488329365392e-6
3.21717435212943e-6
3.28309483959224e-6
3.31694874619662e-6
3.32207084372525e-6
3.30040521362128e-6
3.25230024847986e-6
3.17643168753936e-6
3.06980918738945e-6
2.92788865926750e-6
2.74491887162249e-6
2.51482802106313e-6
2.23322695152525e-6
1.90137774719697e-6
1.53271973175700e-6
1.16030591011884e-6
8.37928677880295e-7
6.24757225363240e-7
5.60435190961665e-7
6.57038626586533e-7
8.97631446820397e-7
1.22931118465249e-6
1.58565963080521e-6
1.91724576105072e-6
2.19883228101254e-6
2.42269481178208e-6
2.59050655772230e-6
2.70783955102740e-6
2.78124353962371e-6
2.81695477568454e-6
2.82046258708218e-6
2.79647651655371e-6
2.74905963614423e-6
2.68181939644035e-6
2.59811117417813e-6
2.50123983344845e-6
2.39465777759254e-6
2.28216272977467e-6
2.16809878594767e-6
2.05756149676205e-6
1.95660164894531e-6
1.87241165179928e-6
1.81346055193324e-6
1.78951537988468e-6
1.81144437410190e-6
1.89064061771404e-6
2.03784012218113e-6
2.26106413991102e-6
2.56245899456137e-6
2.93406586915082e-6
3.35320965532471e-6
3.77938235540747e-6
4.15598974638831e-6
4.42103852403961e-6
4.52854708947156e-6
4.47510988824534e-6
4.31569330064229e-6
4.14932469731792e-6
4.07097102006711e-6
4.11609426125120e-6
4.23936574011577e-6
4.34478673021775e-6
4.34195390087528e-6
4.18743100715480e-6
3.89162125224497e-6
