4.80665608636946e-5
5.03337792420126e-7
5.30861095117996e-7
7.61468741697698e-7
1.20902645401194e-6
1.76962593461846e-6
2.36861931397580e-6
2.96022231018343e-6
3.51495662474772e-6
4.01403474639081e-6
4.44543505054642e-6
4.80124405573843e-6
5.07579711395731e-6
5.26437880160908e-6
5.36235638250467e-6
5.36470451240015e-6
5.26597135896110e-6
5.06085637649245e-6
4.74572213675760e-6
4.32150408256045e-6
3.79844203227303e-6
3.20240949816066e-6
2.58070679916840e-6
2.00205191214054e-6
1.54449806338766e-6
1.27323231944184e-6
1.22458060680140e-6
1.40600203830512e-6
1.79556939770284e-6
2.33670662934031e-6
2.94997317850088e-6
3.55894159880521e-6
4.10784131536629e-6
4.56443356292705e-6
4.91473309466742e-6
5.15620327797064e-6
5.29238165792732e-6
5.32946237377908e-6
5.27445821642957e-6
5.13443953680686e-6
4.91647617613123e-6
4.62807159944929e-6
4.27801371875518e-6
3.87767114515708e-6
3.44284650447390e-6
2.99636406343846e-6
2.57160309109116e-6
2.21713878513052e-6
2.00238922047562e-6
2.02341124725686e-6
2.40621826151185e-6
3.30142239933927e-6
4.85806668850278e-6
7.15808926824445e-6
1.00965059199585e-5
1.32348159574098e-5
1.57724799069439e-5
1.69101861322270e-5
1.66502587996192e-5
1.61592681253498e-5
1.65359742075103e-5
1.72347468454586e-5
1.67786094628871e-5
1.46314062406101e-5
1.14679907590775e-5
8.24369191531963e-6
5.55946944353896e-6
3.60703680061195e-6
2.34874504156350e-6
1.67801674938264e-6
1.49288761991062e-6
1.70448027633158e-6
2.22106972209309e-6
2.93814500957557e-6
3.74516958102829e-6
4.54269843590391e-6
5.25755950689421e-6
5.84844451949757e-6
6.30193698120456e-6
6.62341758767414e-6
6.82742836676745e-6
6.93011390458570e-6
6.94439325341234e-6
6.87739459476495e-6
6.72935473633084e-6
6.49333407817687e-6
6.15551434163651e-6
5.69654377728299e-6
5.09561763562563e-6
4.34100209873968e-6
3.45255590248715e-6
2.51692147459295e-6
1.70884415523328e-6
1.23701007684964e-6
1.23404437907113e-6
1.71367282872595e-6
2.52526727350470e-6
3.41923997299866e-6
4.22216925718533e-6
4.86361859670192e-6
5.33377429612592e-6
5.64840849092516e-6
5.83015056714324e-6
5.90083708190608e-6
5.87927259633054e-6
5.78122960380919e-6
5.62023772176870e-6
5.40858784950170e-6
5.15836364080273e-6
4.88246706469927e-6
4.59565541090286e-6
4.31560748576832e-6
4.06400148580773e-6
3.86750771389726e-6
3.75844985375871e-6
3.77462855029493e-6
3.95739041100802e-6
4.34647710315991e-6
4.96970915317163e-6
5.82582900451016e-6
6.86136112520857e-6
7.94934086790748e-6
8.88977654873874e-6
9.46108826972617e-6
9.53563651245659e-6
9.20694738932155e-6
8.79674106868643e-6
8.65001635680541e-6
8.85196671586419e-6
9.15666927095175e-6
9.20763180857127e-6
8.80468193762356e-6
