5.62535765789670e-5
6.16443564698420e-7
6.48935463817396e-7
1.00985649137523e-6
1.61215426945827e-6
2.33493624244766e-6
3.08685953924031e-6
3.81371166727336e-6
4.48125073202003e-6
5.06809977709702e-6
5.56074259381275e-6
5.95015063852814e-6
6.22945428656560e-6
6.39237181078302e-6
6.43226689131918e-6
6.34185327416579e-6
6.11374993791807e-6
5.74233246652500e-6
5.22758181439068e-6
4.58166336037149e-6
3.83811195060527e-6
3.06060901103702e-6
2.34324578407345e-6
1.79236375020874e-6
1.49377290617202e-6
1.49151683382916e-6
1.78866561262106e-6
2.34309985142895e-6
3.06414659269449e-6
3.84016918468128e-6
4.57608027234660e-6
5.21030958778121e-6
5.71212622046567e-6
6.07177855103737e-6
6.29125223070719e-6
6.37798186997106e-6
6.34131392600958e-6
6.19090897431342e-6
5.93639400247593e-6
5.58785027755086e-6
5.15696652933810e-6
4.65887493843070e-6
4.11483411309873e-6
3.55603887884631e-6
3.02889924719368e-6
2.60204767137058e-6
2.37486354246097e-6
2.48591526467307e-6
3.11640352584093e-6
4.47697870667497e-6
6.75559232938765e-6
9.99524827336118e-6
1.38907208005973e-5
1.76052348764421e-5
1.99439855216088e-5
2.02699887051490e-5
1.95765421280409e-5
1.96859772297243e-5
2.06288344829235e-5
2.04659845208806e-5
1.80672201082066e-5
1.41611498536796e-5
1.00757851716487e-5
6.67884516006856e-6
4.24455510040876e-6
2.71722255296501e-6
1.94857459664826e-6
1.80050925429297e-6
2.15160659835482e-6
2.87278793857941e-6
3.81717681558712e-6
4.83537027908847e-6
5.80177975707302e-6
6.63303562337012e-6
7.29030935459706e-6
7.76917156876920e-6
8.08495355102253e-6
8.25971657942116e-6
8.31330406878957e-6
8.25833851964854e-6
8.09796379931979e-6
7.82514355458359e-6
7.42291161904126e-6
6.86601339810078e-6
6.12621371344807e-6
5.18668929866597e-6
4.07409771781078e-6
2.90970325377417e-6
1.93738071993736e-6
1.43529878632960e-6
1.56327493342538e-6
2.30123137386426e-6
3.38223889196995e-6
4.47623283582131e-6
5.40296921314946e-6
6.10744149905554e-6
6.59621109717900e-6
6.89709700827895e-6
7.04081716256231e-6
7.05471460155442e-6
6.96169294634431e-6
6.78106498446849e-6
6.52997108500424e-6
6.22490605282247e-6
5.88324694219289e-6
5.52479603396970e-6
5.17336944066855e-6
4.85841173682945e-6
4.61649093261649e-6
4.49228093074426e-6
4.53819686127179e-6
4.81113948730692e-6
5.36386528681499e-6
6.22777384520555e-6
7.38484051443413e-6
8.73212045092855e-6
1.00565925582505e-5
1.10592855162871e-5
1.14731667783832e-5
1.12603307272943e-5
1.07364706827228e-5
1.04062579376498e-5
1.05429039646880e-5
1.09316357889672e-5
1.10856755044952e-5
1.06686409588911e-5
