5.34303567314733e-5
5.75053461639029e-7
6.06277716546174e-7
9.19875986318359e-7
1.46708515533146e-6
2.13265206364612e-6
2.83105329375614e-6
3.51096345851931e-6
4.13975685123182e-6
4.69692747092396e-6
5.16946828678745e-6
5.54875087372510e-6
5.82835988221628e-6
6.00261160909915e-6
6.06562518496323e-6
6.01093653417234e-6
5.83179161743263e-6
5.52244906071462e-6
5.08104483144049e-6
4.51468232314005e-6
3.84697311265540e-6
3.12639378290275e-6
2.42988932943007e-6
1.85275655874934e-6
1.48227720612943e-6
1.37248538759506e-6
1.53974495902371e-6
1.96355654505980e-6
2.57919449178356e-6
3.28971596547169e-6
3.99948411428176e-6
4.63853177582810e-6
5.16687504143434e-6
5.56764215354157e-6
5.83820207965620e-6
5.98327898437887e-6
6.01067989155243e-6
5.92907846560957e-6
5.74717307628701e-6
5.47373526422873e-6
5.11829260358606e-6
4.69237399313088e-6
4.21138674421525e-6
3.69730745706495e-6
3.18245319271588e-6
2.71462105170371e-6
2.36373310255534e-6
2.22953638935204e-6
2.44833587645012e-6
3.19321103760793e-6
4.65548110814793e-6
6.98562637547939e-6
1.01674517464667e-5
1.38293728410653e-5
1.71176221792989e-5
1.89624071239910e-5
1.89965218955373e-5
1.83575195447505e-5
1.86080854214357e-5
1.94702279275346e-5
1.91390788603061e-5
1.67632505925607e-5
1.30963331599430e-5
9.32723488650481e-6
6.20801735657784e-6
3.96999879740097e-6
2.55923279781498e-6
1.84212082517679e-6
1.69427056963277e-6
2.00628853817606e-6
2.66239248616185e-6
3.53075478146859e-6
4.47602637697290e-6
5.38241615167100e-6
6.17082169743200e-6
6.80216893088499e-6
7.26936454386443e-6
7.58458703421769e-6
7.76746806825331e-6
7.83667132481533e-6
7.80499433815829e-6
7.67704015690415e-6
7.44839575791022e-6
7.10567312180024e-6
6.62755315550074e-6
5.98832659578104e-6
5.16780634878093e-6
4.17456043933327e-6
3.08751075474998e-6
2.09487497464998e-6
1.45490493447783e-6
1.35771023636703e-6
1.84858947401686e-6
2.76891881936440e-6
3.80940573460501e-6
4.74722630262034e-6
5.49284505732413e-6
6.03399948020062e-6
6.39036905977028e-6
6.58975450254050e-6
6.65866749151762e-6
6.61975336707048e-6
6.49195197740804e-6
6.29158276195949e-6
6.03366411340840e-6
5.73325715156153e-6
5.40680784170016e-6
5.07351469984288e-6
4.75673685813491e-6
4.48539085661911e-6
4.29514326458138e-6
4.22894275646071e-6
4.33598455410720e-6
4.66751948145770e-6
5.26711914433765e-6
6.15266622350653e-6
7.28904432412548e-6
8.55721191316429e-6
9.73974441039883e-6
1.05601787582461e-5
1.08084782880447e-5
1.05163761296209e-5
1.00261111590252e-5
9.78601132171483e-6
9.97339556558976e-6
1.03331043059602e-5
1.04229231502997e-5
9.97450727120737e-6
