5.07017511426749e-5
5.37465905855720e-7
5.67005737376299e-7
8.37236062102612e-7
1.33291003924746e-6
1.94444669993559e-6
2.59188571153963e-6
3.22671187808697e-6
3.81788804368239e-6
4.34577147102173e-6
4.79785249435099e-6
5.16587251157201e-6
5.44381509606181e-6
5.62651557184298e-6
5.70875879239168e-6
5.68483588301102e-6
5.54864663555224e-6
5.29458730311582e-6
4.91965011623971e-6
4.42730087686201e-6
3.83351675054566e-6
3.17423262498228e-6
2.51061783894284e-6
1.92499587617318e-6
1.50183578261366e-6
1.30243469643054e-6
1.35400033297447e-6
1.65208314694582e-6
2.15557758899370e-6
2.78683791103983e-6
3.45550887483472e-6
4.08629721399183e-6
4.63056763386028e-6
5.06381494648294e-6
5.37805416444144e-6
5.57470175626035e-6
5.65965974454765e-6
5.64048323901536e-6
5.52504322124775e-6
5.32116591950115e-6
5.03692342063820e-6
4.68142794099263e-6
4.26612029886969e-6
3.80665081301167e-6
3.32553731611975e-6
2.85584261762870e-6
2.44609762825614e-6
2.16648404999444e-6
2.11560620406265e-6
2.42548017181880e-6
3.25875717755208e-6
4.78578543516065e-6
7.12104691668501e-6
1.01983790266735e-5
1.36020656794782e-5
1.64932108954070e-5
1.79391118177312e-5
1.77872111310673e-5
1.72232393815541e-5
1.75596728636740e-5
1.83353664534419e-5
1.79091804173652e-5
1.56229665055870e-5
1.22062967987068e-5
8.72355598501967e-6
5.83985926473177e-6
3.76040905003848e-6
2.43771130933301e-6
1.75203860478473e-6
1.59095472778231e-6
1.85590043968312e-6
2.44356962341857e-6
3.23623965400695e-6
4.11142995181508e-6
4.96193990062567e-6
5.71195624702164e-6
6.32151225460284e-6
6.78049815069160e-6
7.09778536048140e-6
7.29052257334670e-6
7.37616566690790e-6
7.36763191678041e-6
7.27086758309367e-6
7.08389472465067e-6
6.79667830904935e-6
6.39173363258103e-6
5.84637328635996e-6
5.13922861034044e-6
4.26629307065091e-6
3.27256658659380e-6
2.29231735489957e-6
1.54782052071817e-6
1.24790014534045e-6
1.48629333621347e-6
2.20322540289063e-6
3.15334965710889e-6
4.08393270287087e-6
4.86448520314782e-6
5.45743765797398e-6
5.87049148406120e-6
6.12683394536672e-6
6.25159399370738e-6
6.26714909280096e-6
6.19231135253878e-6
6.04296902533837e-6
5.83317452367383e-6
5.57632083269164e-6
5.28631640291017e-6
4.97876509486887e-6
4.67217621903159e-6
4.38920209099403e-6
4.15782492994145e-6
4.01226594104883e-6
3.99312187038927e-6
4.14579517566239e-6
4.51566077491028e-6
5.13777408621219e-6
6.01893084713375e-6
7.11214390075512e-6
8.29072569430344e-6
9.34265411419283e-6
1.00189186688947e-5
1.01571294796176e-5
9.83174508638434e-6
9.38335270411211e-6
9.20407638147290e-6
9.40993457755507e-6
9.73947884061525e-6
9.79587994767433e-6
9.35483338634587e-6
