3.84344378781001e-5
3.95288536269604e-7
4.12849257620850e-7
5.18406094899215e-7
8.05015406872504e-7
1.19090728747184e-6
1.62029297615062e-6
2.05748147191758e-6
2.47889344714032e-6
2.86906617000200e-6
3.21786774901707e-6
3.51860360502578e-6
3.76668042930106e-6
3.95864775275093e-6
4.09151533797345e-6
4.16229225439352e-6
4.16773240980847e-6
4.10431526015559e-6
3.96854764251201e-6
3.75774508082063e-6
3.47152288306995e-6
3.11423641289034e-6
2.69839715376216e-6
2.24837938410228e-6
1.80234010383517e-6
1.40894841333219e-6
1.11698017392524e-6
9.62420302777972e-7
9.62735135356067e-7
1.11873394905118e-6
1.41337930342027e-6
1.80901966683617e-6
2.25475631077677e-6
2.70112793961588e-6
3.11060050505926e-6
3.46003465151118e-6
3.73815525347007e-6
3.94164532374294e-6
4.07176826755883e-6
4.13204039390846e-6
4.12685260822249e-6
4.06078333205229e-6
3.93837560323161e-6
3.76422879793267e-6
3.54332854584709e-6
3.28159643616500e-6
2.98668654282699e-6
2.66909281516024e-6
2.34366058502002e-6
2.03160919568023e-6
1.76314712622742e-6
1.58064028739301e-6
1.54196422987070e-6
1.72292270869178e-6
2.21612676663804e-6
3.12118651712262e-6
4.51777311430574e-6
6.41179178286541e-6
8.65429023212847e-6
1.08693349498282e-5
1.24974121969956e-5
1.30929966257481e-5
1.28009109854779e-5
1.24423034292293e-5
1.27010781082412e-5
1.32387194947310e-5
1.30940867306646e-5
1.17882309262936e-5
9.63255533279365e-6
7.24934525494032e-6
5.11881786442770e-6
3.45714647320539e-6
2.29173902856434e-6
1.56793169485482e-6
1.21632498560106e-6
1.17574413159137e-6
1.39011218451482e-6
1.79892412077514e-6
2.33377790440470e-6
2.92382809419755e-6
3.50583599627014e-6
4.03261935733491e-6
4.47627241231268e-6
4.82619165935200e-6
5.08409974187430e-6
5.25846136433357e-6
5.35981564339202e-6
5.39755885012469e-6
5.37806122459400e-6
5.30373667686274e-6
5.17268216758600e-6
4.97864716682482e-6
4.71134211909275e-6
4.35750317187869e-6
3.90383812746099e-6
3.34406413336351e-6
2.69300010322981e-6
2.00748102943411e-6
1.39913563952404e-6
1.00510800183195e-6
9.21023951747090e-7
1.17211594016313e-6
1.69576914404005e-6
2.34225037678272e-6
2.97148856589609e-6
3.50775136536232e-6
3.92649068343122e-6
4.23007281140323e-6
4.43126145870906e-6
4.54498904609996e-6
4.58509442790444e-6
4.56345185628487e-6
4.49009886275790e-6
4.37372162530289e-6
4.22223718424598e-6
4.04338482303802e-6
3.84531074658898e-6
3.63715522410479e-6
3.42965338781802e-6
3.23574739364301e-6
3.07117666319217e-6
2.95495536691108e-6
2.90954691727262e-6
2.96038549878349e-6
3.13416443151414e-6
3.45504205804338e-6
3.93775598875199e-6
4.57697771167946e-6
5.33383477937186e-6
6.12431141353029e-6
6.82017386976906e-6
7.27738519447317e-6
7.39957200952691e-6
7.21416810487789e-6
6.89797962421882e-6
6.69128843951010e-6
6.73205344052662e-6
6.95021235631877e-6
7.12746281964371e-6
7.05987919202288e-6
6.67366921981922e-6
6.02750424549860e-6
