4.07088303671151e-5
4.18594078695336e-7
4.38805635710443e-7
5.70997444079162e-7
8.93381807718211e-7
1.31878657813430e-6
1.78705526077527e-6
2.26010116201364e-6
2.71292443143998e-6
3.12924761117647e-6
3.49847382884941e-6
3.81362118468752e-6
4.06986729038359e-6
4.26351023914668e-6
4.39123738096628e-6
4.44964729164654e-6
4.43501789248696e-6
4.34337021402752e-6
4.17095160090894e-6
3.91535279435432e-6
3.57754908883763e-6
3.16510992796076e-6
2.69640737051365e-6
2.20451297150407e-6
1.73762189589706e-6
1.35201772635039e-6
1.09774545398366e-6
1.00610309511227e-6
1.08789386856728e-6
1.33509703723791e-6
1.71700470878532e-6
2.18190731215747e-6
2.67162448098946e-6
3.13719499309181e-6
3.54577278838380e-6
3.87963592545100e-6
4.13195624665184e-6
4.30251129989350e-6
4.39451410947868e-6
4.41264302649567e-6
4.36199547795207e-6
4.24767044729167e-6
4.07476906135556e-6
3.84869570253942e-6
3.57571817568390e-6
3.26380454974426e-6
2.92380174904972e-6
2.57105925771670e-6
2.22762423514389e-6
1.92511823480996e-6
1.70829224174163e-6
1.63892203043534e-6
1.79891516225755e-6
2.28987580165036e-6
3.22349723760566e-6
4.69320766563220e-6
6.71531395831802e-6
9.13726803957480e-6
1.15514437667980e-5
1.33356609684468e-5
1.39863570930393e-5
1.36661262568061e-5
1.32984126616183e-5
1.36162804481640e-5
1.41792126832555e-5
1.39144990595229e-5
1.23692262228616e-5
9.96015708495817e-6
7.38488875542180e-6
5.14129962801205e-6
3.43094320805414e-6
2.26115332224636e-6
1.56346384520672e-6
1.26107997111012e-6
1.28744545573467e-6
1.57935127839726e-6
2.06671525766313e-6
2.67125391624027e-6
3.31487710049213e-6
3.93141879989620e-6
4.47481140894709e-6
4.92073267556039e-6
5.26284027675306e-6
5.50650372854983e-6
5.66260222376909e-6
5.74274994207787e-6
5.75623325946910e-6
5.70834875822966e-6
5.59965921145034e-6
5.42576949473669e-6
5.17745421518216e-6
4.84134414821692e-6
4.40202073952132e-6
3.84745580419503e-6
3.18106074462045e-6
2.44286526428115e-6
1.73203023544718e-6
1.19806335729897e-6
9.73941981691292e-7
1.11845993375719e-6
1.60136110147446e-6
2.27900367419622e-6
2.97871477135339e-6
3.59358858621166e-6
4.08269491271310e-6
4.44274037813467e-6
4.68614606671426e-6
4.82946483205779e-6
4.88856644286984e-6
4.87718619281141e-6
4.80690720917939e-6
4.68766931681082e-6
4.52843003357237e-6
4.33784724576911e-6
4.12495511583200e-6
3.89984148797574e-6
3.67434058427975e-6
3.46274062859676e-6
3.28247089338494e-6
3.15466601525901e-6
3.10438876481211e-6
3.16010271212710e-6
3.35170986963161e-6
3.70614294776941e-6
4.23931066377842e-6
4.94362942150314e-6
5.77238383202405e-6
6.62689156986962e-6
7.35969570728568e-6
7.81156831423491e-6
7.88882952688563e-6
7.64823592585464e-6
7.30976571630797e-6
7.13520319768463e-6
7.23589991924554e-6
7.48505913100408e-6
7.62537179136921e-6
7.45833218579928e-6
