8.60944788065545e-5
1.22790792494467e-6
1.23475907454435e-6
2.23646527996456e-6
3.51657624180448e-6
4.91159536939977e-6
6.26533927968122e-6
7.49466330862654e-6
8.54983472931076e-6
9.40112790262188e-6
1.00291290458774e-5
1.04184704120776e-5
1.05539748018294e-5
1.04189740098251e-5
9.99628050945837e-6
9.27324992368562e-6
8.25342728799290e-6
6.97729259676109e-6
5.55013155114944e-6
4.16072652628485e-6
3.05601745884258e-6
2.45677488889671e-6
2.48200540652035e-6
3.13731134207096e-6
4.29556164134344e-6
5.70943026774603e-6
7.12210322548915e-6
8.35581332074425e-6
9.32110919085468e-6
9.98956263045624e-6
1.03653662762658e-5
1.04665760955492e-5
1.03153844138894e-5
9.93442131608726e-6
9.34676572643082e-6
8.57848754338458e-6
7.66347322995288e-6
6.65098775237401e-6
5.61696336333854e-6
4.68030104689508e-6
4.02504210999754e-6
3.92670697904664e-6
4.77307760124991e-6
7.04991538915724e-6
1.12238441609809e-5
1.74117729213978e-5
2.47852557609129e-5
3.11116999670902e-5
3.37696589720066e-5
3.30030363174724e-5
3.28438323547757e-5
3.45883598746529e-5
3.39001645561695e-5
2.84646213062859e-5
2.06602071282022e-5
1.34434331017661e-5
8.14913405086731e-6
4.86486408725759e-6
3.25226415108270e-6
2.96798121726389e-6
3.71810453618497e-6
5.18837564978606e-6
7.02296800764034e-6
8.88283710426920e-6
1.05198755860818e-5
1.18071793378549e-5
1.27191925238326e-5
1.32889190832078e-5
1.35679873837431e-5
1.36003215832412e-5
1.34088049771384e-5
1.29902802402019e-5
1.23149848246521e-5
1.13298228574395e-5
9.97096016373934e-6
8.20222415350325e-6
6.10768305838927e-6
4.03477214259154e-6
2.60837014817358e-6
2.38378901750620e-6
3.52020133318860e-6
5.50678122735834e-6
7.51837363284705e-6
9.15704986121657e-6
1.03327176524674e-5
1.10809503499596e-5
1.14707740926898e-5
1.15691568333760e-5
1.14323721937859e-5
1.11069776157093e-5
1.06336614975587e-5
1.00517065300773e-5
9.40354884520349e-6
8.73945719238269e-6
8.12239292822253e-6
7.63280591740501e-6
7.37235866459915e-6
7.46402891702051e-6
8.04330434088108e-6
9.23127368077947e-6
1.10775241069308e-5
1.34670174062974e-5
1.60182209989090e-5
1.80749791819555e-5
1.89635884603195e-5
1.85502041808308e-5
1.76229520125901e-5
1.73219524065623e-5
1.78964603630876e-5
1.84145047406106e-5
1.78637710282004e-5
1.60722587246107e-5
