6.53022171759079e-5
7.67190738480781e-7
8.00012867749620e-7
1.32879960990028e-6
2.11902999584834e-6
3.03345304696908e-6
3.96167229476834e-6
4.84038007049882e-6
5.63034027837971e-6
6.30751489596310e-6
6.85675433082996e-6
7.26757900259748e-6
7.53132987848148e-6
7.63936113692616e-6
7.58219042806378e-6
7.34979721135351e-6
6.93362407919909e-6
6.33126720643507e-6
5.55506290023868e-6
4.64486416130493e-6
3.68139452259387e-6
2.78870128113346e-6
2.10997233055250e-6
1.76061280483456e-6
1.79772731137731e-6
2.22018247622784e-6
2.95990516595138e-6
3.88366051835636e-6
4.84182517667288e-6
5.71834849639988e-6
6.44535148902870e-6
6.99371549046691e-6
7.35818412500903e-6
7.54556250819164e-6
7.56751594704121e-6
7.43697412975078e-6
7.16689239143366e-6
6.77051576752263e-6
6.26272954043746e-6
5.66242581798456e-6
4.99608002825496e-6
4.30293933015821e-6
3.64235701542500e-6
3.10373219154748e-6
2.81885897401556e-6
2.97438513868227e-6
3.81680460148831e-6
5.63138355475406e-6
8.65869159653434e-6
1.28998640521088e-5
1.78078645413187e-5
2.20818858500324e-5
2.41710623610605e-5
2.38713916710917e-5
2.32663922826151e-5
2.41188864868412e-5
2.48605445901471e-5
2.30253793828135e-5
1.86494969531857e-5
1.34649585745082e-5
8.92331013795038e-6
5.59775627684958e-6
3.48542573167954e-6
2.39306089095813e-6
2.12770678485926e-6
2.52331822331428e-6
3.40664815828754e-6
4.57975330227779e-6
5.84123649550346e-6
7.02461949653242e-6
8.02393423539567e-6
8.79477104974750e-6
9.33772913076407e-6
9.67690312282000e-6
9.84204835047480e-6
9.85719509843183e-6
9.73481953847359e-6
9.47354425847008e-6
9.05775176695242e-6
8.45875546544897e-6
7.63938926212301e-6
6.56787758555038e-6
5.25259361412337e-6
3.80776232381891e-6
2.51604926143829e-6
1.75816974909036e-6
1.79366300462905e-6
2.64253357001211e-6
3.97270961996252e-6
5.32820487354414e-6
6.46577750244350e-6
7.31633686129797e-6
7.89203118124403e-6
8.23115084031595e-6
8.37426260312373e-6
8.35674655538608e-6
8.20800831197654e-6
7.95299065449082e-6
7.61430568700557e-6
7.21446464944503e-6
6.77811788855711e-6
6.33434605707872e-6
5.91902506322050e-6
5.57715193655093e-6
5.36471869848275e-6
5.34914704078954e-6
5.60630571217706e-6
6.21067905271179e-6
7.21380270935613e-6
8.60655568406993e-6
1.02680302541610e-5
1.19245160599961e-5
1.31763538420790e-5
1.36641374415566e-5
1.33556738869735e-5
1.27122297989832e-5
1.24033313439972e-5
1.26859815399991e-5
1.31437269866108e-5
1.31266117284314e-5
