9.38484115370710e-5
1.44373952290260e-6
1.42958591978751e-6
2.63668145166134e-6
4.11769831375535e-6
5.70385008959949e-6
7.22125807059593e-6
8.57979149656543e-6
9.72609067914684e-6
1.06283146139942e-5
1.12650746300811e-5
1.16184182487785e-5
1.16697686848492e-5
1.13987595033827e-5
1.07859583802198e-5
9.82186080803629e-6
8.52571937044299e-6
6.97617170922936e-6
5.34483680652131e-6
3.89952191697167e-6
2.93337935495325e-6
2.65039242020383e-6
3.11688574048411e-6
4.24854031189986e-6
5.79096982988394e-6
7.42351942637442e-6
8.89874617206340e-6
1.00817602179200e-5
1.09228845837357e-5
1.14201543306557e-5
1.15927300075808e-5
1.14665853787891e-5
1.10686946554412e-5
1.04264126111885e-5
9.57026679255900e-6
8.53968863869527e-6
7.39219005611363e-6
6.21723947236040e-6
5.15651960412524e-6
4.43171882431296e-6
4.37757425050374e-6
5.46685033082746e-6
8.28634903894417e-6
1.33700688047774e-5
2.07427353910127e-5
2.91469785507709e-5
3.56494122130365e-5
3.75161028981650e-5
3.63862188427081e-5
3.71207220304663e-5
3.88148895848203e-5
3.59867072546067e-5
2.82366494520457e-5
1.92898809074414e-5
1.19525897767729e-5
7.02799290802869e-6
4.28103671356856e-6
3.27268389204362e-6
3.62909126461860e-6
4.99415562909071e-6
6.95969011973380e-6
9.10075578434540e-6
1.10719865943206e-5
1.26708916610062e-5
1.38323577014865e-5
1.45801599816294e-5
1.49735181217986e-5
1.50690154601397e-5
1.49002648933477e-5
1.44698128694737e-5
1.37476058747834e-5
1.26741937183788e-5
1.11742244996020e-5
9.19934532991885e-6
6.83607258694416e-6
4.48104550855335e-6
2.87060776140764e-6
2.66579573602548e-6
4.04336064273326e-6
6.33931095467128e-6
8.58586968115994e-6
1.03709893820579e-5
1.16192510230092e-5
1.23844928064861e-5
1.27497543941511e-5
1.27920104714919e-5
1.25750713115049e-5
1.21520563313789e-5
1.15705091205788e-5
1.08780235043545e-5
1.01279909948460e-5
9.38555733620847e-6
8.73377007908792e-6
8.27929245653723e-6
8.15567299710193e-6
8.51945357903914e-6
9.52990149720006e-6
1.12978565183304e-5
1.37894391332555e-5
1.66943676951930e-5
1.93443936014489e-5
2.08817910228685e-5
2.08455743481130e-5
1.98333880008487e-5
1.92244127389351e-5
1.97033903851128e-5
2.04122321307537e-5
2.00376002010013e-5
