6.21884246469567e-5
7.12113454297776e-7
7.45510172498407e-7
1.21380382317351e-6
1.93747769545583e-6
2.78460131916200e-6
3.65140096237371e-6
4.47766997264919e-6
5.22585931023156e-6
5.87282664271260e-6
6.40398871742036e-6
6.80939921851902e-6
7.08107693111734e-6
7.21126870198481e-6
7.19153935173348e-6
7.01280335852250e-6
6.66670519286410e-6
6.14911854209600e-6
5.46680761191023e-6
4.64787134784148e-6
3.75409280055006e-6
2.88734602479200e-6
2.17621723757991e-6
1.73806224564287e-6
1.64302325241604e-6
1.90829448913564e-6
2.49623461786366e-6
3.30585086003371e-6
4.20098012929196e-6
5.06046157848776e-6
5.80439074344413e-6
6.39256228500256e-6
6.81198569488622e-6
7.06479988791717e-6
7.16006295638093e-6
7.10919680481689e-6
6.92398641654903e-6
6.61620786169786e-6
6.19834325949570e-6
5.68517712468001e-6
5.09632536191613e-6
4.45994870413249e-6
3.81805625796510e-6
3.23386504721051e-6
2.80147493055571e-6
2.65720447117568e-6
2.98935628640986e-6
4.03720343963759e-6
6.05849511075107e-6
9.22894441119997e-6
1.34347709735966e-5
1.79919103199959e-5
2.15710762472652e-5
2.29082271925053e-5
2.23278440779880e-5
2.19875684932861e-5
2.29632587904599e-5
2.33547664626208e-5
2.12009680012265e-5
1.69137030995344e-5
1.21126761347463e-5
8.00952118257151e-6
5.04011442970177e-6
3.16970498117955e-6
2.21929565417719e-6
2.01685134296782e-6
2.41286882030065e-6
3.24948502901793e-6
4.34674908392075e-6
5.52248868184271e-6
6.62622972415458e-6
7.56161920847445e-6
8.28745418843395e-6
8.80326638073092e-6
9.13033411791557e-6
9.29570862068144e-6
9.32182980969617e-6
9.22108058534342e-6
8.99355058086836e-6
8.62655187577768e-6
8.09543220606707e-6
7.36698594248136e-6
6.40992200570892e-6
5.22172072904147e-6
3.88233009090817e-6
2.61699305495680e-6
1.76826984480114e-6
1.61065386522999e-6
2.22114890521407e-6
3.38364740968050e-6
4.67338379892100e-6
5.80780311958294e-6
6.68642394777465e-6
7.30406314335499e-6
7.69129121351040e-6
7.88558355770735e-6
7.92105924154672e-6
7.82633206508988e-6
7.62537128533370e-6
7.33927373293852e-6
6.98822395896606e-6
6.59346616699934e-6
6.17929941234494e-6
5.77513553476730e-6
5.41758928604151e-6
5.15238801164943e-6
5.03552553117987e-6
5.13243085506249e-6
5.51287642517425e-6
6.23801734647060e-6
7.33516660200868e-6
8.75822761384917e-6
1.03422216094631e-5
1.17839897935887e-5
1.27091690359895e-5
1.28714596340365e-5
1.24028822427100e-5
1.18421127586120e-5
1.17341830128096e-5
1.21110850023066e-5
1.24677324071485e-5
1.22627724871568e-5
