8.99191712398135e-5
1.33125788156347e-6
1.32858629430695e-6
2.42970905701795e-6
3.80777415036810e-6
5.29635397634897e-6
6.73057560162352e-6
8.02381987990984e-6
9.12454897976147e-6
1.00020002882281e-5
1.06358207235528e-5
1.10094271932970e-5
1.11060324804657e-5
1.09071727307502e-5
1.03944414252852e-5
9.55629337983957e-6
8.40293377383363e-6
6.99171981945630e-6
5.45837540144705e-6
4.03010776308985e-6
2.97975166671203e-6
2.52364400680503e-6
2.75704993345983e-6
3.64647780728508e-6
5.00361461769078e-6
6.53852107690744e-6
7.99362112992907e-6
9.21090381429335e-6
1.01211057878332e-5
1.07097973386129e-5
1.09892789399686e-5
1.09819098513316e-5
1.07123361789970e-5
1.02053196094849e-5
9.48706457977859e-6
8.58918979289665e-6
7.55544427871994e-6
6.45199360509597e-6
5.38262613299284e-6
4.51028131480743e-6
4.08487960298804e-6
4.47190084599542e-6
6.16082599755228e-6
9.69862004560109e-6
1.54403773219167e-5
2.29987021428188e-5
3.05525468011549e-5
3.50972935899176e-5
3.52737846702643e-5
3.44021269338977e-5
3.59187781756405e-5
3.65510686621500e-5
3.21679147073365e-5
2.41777477539732e-5
1.60672964884844e-5
9.82056820409351e-6
5.79879027323888e-6
3.68455018993523e-6
3.08617368687475e-6
3.67488821757805e-6
5.11668198719047e-6
7.02845378780634e-6
9.02905448324366e-6
1.08254597413538e-5
1.22575499154362e-5
1.32834198427281e-5
1.39331235527562e-5
1.42623843705736e-5
1.43210392573328e-5
1.41366886211540e-5
1.37084031153707e-5
1.30057829142850e-5
1.19722797190729e-5
1.05384502676486e-5
8.66311686864451e-6
6.43433960525514e-6
4.22808370060588e-6
2.72533025442380e-6
2.52833797647465e-6
3.79776478077604e-6
5.94017912497300e-6
8.06391916831710e-6
9.76917682295581e-6
1.09753116981053e-5
1.17276127361892e-5
1.21020549642828e-5
1.21703799516114e-5
1.19923872504783e-5
1.16176962554883e-5
1.10902174575841e-5
1.04531715514744e-5
9.75421107432347e-6
9.05070504297315e-6
8.41521644714444e-6
7.94076111501412e-6
7.74439462727219e-6
7.96560615607886e-6
8.75244382037251e-6
1.02236429314581e-5
1.23931701414336e-5
1.50570728842087e-5
1.76945600559867e-5
1.95325337096242e-5
1.99602625677343e-5
1.91802808806418e-5
1.83327916200844e-5
1.84347351583111e-5
1.91795173282537e-5
1.93336932068252e-5
1.81274746008769e-5
