0.000106268963185088
1.84249454620244e-6
1.78004889390932e-6
3.34701193808585e-6
5.16808058956266e-6
7.07150799957365e-6
8.85445087500512e-6
1.04160606600273e-5
1.16973906937014e-5
1.26630261718265e-5
1.32877436268766e-5
1.35483922476153e-5
1.34198879757257e-5
1.28758455922996e-5
1.18962352282765e-5
1.04866211470403e-5
8.71380870848906e-6
6.75365266355567e-6
4.91711212534925e-6
3.58807308120098e-6
3.06999679438930e-6
3.48811977785167e-6
4.76838415808851e-6
6.60162714334531e-6
8.56936442970715e-6
1.03453599786858e-5
1.17551016157992e-5
1.27372561676074e-5
1.32919746060683e-5
1.34454174939654e-5
1.32314661463998e-5
1.26849289791533e-5
1.18416663052807e-5
1.07433889363592e-5
9.44679068762582e-6
8.03809596567481e-6
6.65515557758156e-6
5.51955837398315e-6
4.97922031767458e-6
5.55293931756298e-6
7.94192439758241e-6
1.29125533794072e-5
2.08613465204865e-5
3.08878972350961e-5
3.98545539429523e-5
4.36818875264231e-5
4.27055927711383e-5
4.30719540514671e-5
4.53505401808538e-5
4.24577860528767e-5
3.31821348448149e-5
2.23232533408532e-5
1.35360493673475e-5
7.78664233852356e-6
4.72013854080669e-6
3.76600367824462e-6
4.44735396099801e-6
6.29210071366108e-6
8.75768425747478e-6
1.13084187680302e-5
1.35474120354721e-5
1.52763776704235e-5
1.64620131932339e-5
1.71609590448843e-5
1.74525546621442e-5
1.73974491179818e-5
1.70186805435659e-5
1.62959613581453e-5
1.51672303064506e-5
1.35402315238258e-5
1.13332344063872e-5
8.58950783251314e-6
5.69967156352983e-6
3.53644915294877e-6
3.01974424811827e-6
4.50492605576755e-6
7.24724974394981e-6
9.95350881761626e-6
1.20845284559481e-5
1.35500749900188e-5
1.44225868444787e-5
1.48084207038142e-5
1.48041710613351e-5
1.44892989541289e-5
1.39303664548159e-5
1.31882932134241e-5
1.23261762890676e-5
1.14173385533136e-5
1.05537359926417e-5
9.85447401254770e-6
9.47289036447485e-6
9.59782400016923e-6
1.04393470374646e-5
1.21812556104218e-5
1.48768120198585e-5
1.82799344952973e-5
2.16830484320556e-5
2.39985547076372e-5
2.43995294868516e-5
2.33116607383089e-5
2.24318934796698e-5
2.28916664876227e-5
2.37691670655143e-5
2.33432153383961e-5
