0.000115081228984241
2.16642890317039e-6
2.05795368947506e-6
3.90244944775803e-6
5.97737898945314e-6
8.11318881193883e-6
1.00860540708152e-5
1.17878648090424e-5
1.31558126092541e-5
1.41517051807313e-5
1.47469835920956e-5
1.49139568134064e-5
1.46222673654670e-5
1.38418587799447e-5
1.25563691136648e-5
1.07934399626364e-5
8.67603097806843e-6
6.47827587579528e-6
4.62178334846824e-6
3.53906116478807e-6
3.49251909619315e-6
4.51687692367871e-6
6.37145019594067e-6
8.58241243078525e-6
1.06993955262635e-5
1.24498359592189e-5
1.37209168168925e-5
1.44941485743680e-5
1.47937991776291e-5
1.46583872531195e-5
1.41288926844276e-5
1.32470262017914e-5
1.20598987631033e-5
1.06301312699869e-5
9.05245455024338e-6
7.47934794626032e-6
6.15894504343752e-6
5.48643929754118e-6
6.05990538698414e-6
8.69936895884749e-6
1.43115143050163e-5
2.33608672397012e-5
3.47246254441108e-5
4.45775428739777e-5
4.82656171974515e-5
4.70366250359657e-5
4.81354032736972e-5
5.02266437910571e-5
4.51525326683019e-5
3.36581882447330e-5
2.17023694526023e-5
1.27181517066993e-5
7.21655839302538e-6
4.60483465423385e-6
4.23596915998890e-6
5.56450878534027e-6
8.00048812000671e-6
1.08869679380934e-5
1.36444980044168e-5
1.59085571617724e-5
1.75469158244997e-5
1.85843914499197e-5
1.91096653864555e-5
1.92082181386864e-5
1.89276460259356e-5
1.82648960606930e-5
1.71649996028925e-5
1.55295758764397e-5
1.32503583686155e-5
1.03130421657950e-5
7.03267825004041e-6
4.30043624304936e-6
3.26178856405675e-6
4.53112012118719e-6
7.51180424027517e-6
1.06186196718423e-5
1.30972211686414e-5
1.48098838644415e-5
1.58315337265890e-5
1.62864704647235e-5
1.62887699664004e-5
1.59322184827920e-5
1.52952319459108e-5
1.44497501076554e-5
1.34708801058297e-5
1.24468716220358e-5
1.14895666220545e-5
1.07448891074571e-5
1.04010594824343e-5
1.06880896228984e-5
1.18544360333444e-5
1.40958725939258e-5
1.74069442846819e-5
2.13598088019487e-5
2.49500175025880e-5
2.68761674784935e-5
2.65634666686506e-5
2.51947480581569e-5
2.48293970618532e-5
2.58047650914784e-5
2.62704054626908e-5
2.46786797968844e-5
