0.000133993381414938
2.98151414202706e-6
2.73841187158882e-6
5.23807606344846e-6
7.88980000560121e-6
1.05413501524965e-5
1.29227493568023e-5
1.49111833178131e-5
1.64355666032797e-5
1.74506689932155e-5
1.79186706216000e-5
1.77997158233915e-5
1.70514063060734e-5
1.56415196001213e-5
1.35830170541439e-5
1.10009777897280e-5
8.21931634282965e-6
5.78657875648446e-6
4.31218793036881e-6
4.19159878079755e-6
5.49319089078717e-6
7.87843616503671e-6
1.06777050831008e-5
1.32891992299621e-5
1.53776253735913e-5
1.68214436449198e-5
1.76148248601588e-5
1.77993378375807e-5
1.74298151719058e-5
1.65626893235519e-5
1.52575339998880e-5
1.35877059806688e-5
1.16600917181979e-5
9.64699992545064e-6
7.83524638016217e-6
6.69660196361182e-6
6.97301162309103e-6
9.73042037911078e-6
1.62291313389498e-5
2.72632078759205e-5
4.15637906281268e-5
5.40538283278250e-5
5.84303554333444e-5
5.70299427072035e-5
5.93280578409207e-5
6.06736861204630e-5
5.12954630735597e-5
3.56431681075947e-5
2.15426661470097e-5
1.20006154655665e-5
6.80936808506590e-6
5.01439596923695e-6
5.80134373420859e-6
8.39999714352513e-6
1.19245044429377e-5
1.55091510818245e-5
1.85479991233759e-5
2.07807936348809e-5
2.22057105092141e-5
2.29370960274769e-5
2.30959053832936e-5
2.27520373157541e-5
2.19032691832295e-5
2.04733148707246e-5
1.83260107389710e-5
1.53219555582437e-5
1.14943302556848e-5
7.42425954656695e-6
4.49666639392639e-6
4.16096092572674e-6
6.84241235075607e-6
1.08911115913817e-5
1.44428645224366e-5
1.70275789284278e-5
1.86480239030247e-5
1.94621519298149e-5
1.96331013810126e-5
1.92974667742985e-5
1.85674532556038e-5
1.75431350702529e-5
1.63267087042736e-5
1.50374004228134e-5
1.38271658601406e-5
1.28966009327055e-5
1.25074586308519e-5
1.29811841316802e-5
1.46595573631112e-5
1.77850736360484e-5
2.22550720446452e-5
2.72838622572096e-5
3.12813674829458e-5
3.26087390068350e-5
3.13585069273743e-5
3.00465104220825e-5
3.06975399581361e-5
3.18509472604733e-5
