0.000138990597385707
3.22504760786023e-6
2.93772016641610e-6
5.62365067037652e-6
8.43453746639251e-6
1.12256918123100e-5
1.37146961293207e-5
1.57750299325444e-5
1.73333685328447e-5
1.83423041296615e-5
1.87610334775593e-5
1.85459739992569e-5
1.76517145091535e-5
1.60478062053068e-5
1.37622038620701e-5
1.09607323084401e-5
8.03996781486177e-6
5.62620285050857e-6
4.35230777629167e-6
4.57493735924483e-6
6.27926307393325e-6
8.98566193906126e-6
1.19453282739012e-5
1.45785243514773e-5
1.65975115867940e-5
1.79168021834586e-5
1.85510934854416e-5
1.85521662168056e-5
1.79802987956104e-5
1.68968823286369e-5
1.53697075569359e-5
1.34879997983290e-5
1.13885013642411e-5
9.29700948224908e-6
7.59130009549240e-6
6.88754179700018e-6
8.13085777714552e-6
1.26014510126427e-5
2.15829348748143e-5
3.52159445801586e-5
5.03771078414393e-5
6.00706229069127e-5
6.05731318474621e-5
6.03651952806116e-5
6.40567422922142e-5
5.97770718584869e-5
4.49882557901325e-5
2.85749434783913e-5
1.62573594653413e-5
8.91650621898731e-6
5.64245567319417e-6
5.46628482733878e-6
7.56781319391462e-6
1.10374028804590e-5
1.48980548662593e-5
1.83678812850823e-5
2.10350089312521e-5
2.28176176531660e-5
2.38129597360248e-5
2.41586241933164e-5
2.39511488972758e-5
2.32125259842864e-5
2.18830765447184e-5
1.98310006282364e-5
1.68965293001649e-5
1.30395569262950e-5
8.69825673403339e-6
5.18263029776701e-6
4.15682695401862e-6
6.41474170246162e-6
1.06322214024048e-5
1.45389950551793e-5
1.74463172241842e-5
1.93065449507847e-5
2.02784907274636e-5
2.05406274246720e-5
2.02442804086983e-5
1.95131605365351e-5
1.84561527121615e-5
1.71829067608288e-5
1.58202227128646e-5
1.45293265764616e-5
1.35235157812277e-5
1.30824459507519e-5
1.35517288946433e-5
1.53017380528546e-5
1.85985624449457e-5
2.33348757461546e-5
2.86573910178366e-5
3.28377757232504e-5
3.41299296764483e-5
3.27415228649105e-5
3.14633641472474e-5
3.22918911444102e-5
3.33975268439547e-5
3.19396078243493e-5
