0.000124322159184503
2.54390928512160e-6
2.37596693539827e-6
4.53062617804185e-6
6.88216995019515e-6
9.26731746388976e-6
1.14398792253374e-5
1.32844184791456e-5
1.47341027838751e-5
1.57475147689633e-5
1.62919544258858e-5
1.63341901206448e-5
1.58379854405820e-5
1.47708636545249e-5
1.31262279691375e-5
1.09693117025727e-5
8.50666748802174e-6
6.13874380518722e-6
4.39418580965661e-6
3.71128278326548e-6
4.27636464157059e-6
5.97785958724270e-6
8.35697754746759e-6
1.08313096803110e-5
1.29861943528353e-5
1.46231893922435e-5
1.56875133221553e-5
1.61949240717157e-5
1.61873092634259e-5
1.57124952580884e-5
1.48189863024811e-5
1.35597385094234e-5
1.20028652512752e-5
1.02500346290041e-5
8.46545221097705e-6
6.91954433585346e-6
6.04981358626661e-6
6.53033380123363e-6
9.30462161700080e-6
1.54444942213846e-5
2.55414425079555e-5
3.83327546627939e-5
4.93289616222570e-5
5.31633213534729e-5
5.18136994493049e-5
5.35711610898583e-5
5.52845251787222e-5
4.80106587445116e-5
3.44186864732435e-5
2.14210521241230e-5
1.22080520684686e-5
6.90157346294791e-6
4.71717401522196e-6
4.93127484307006e-6
6.90067290906622e-6
9.89530479739615e-6
1.31497766976994e-5
1.60631477138789e-5
1.83191416230213e-5
1.98525397327371e-5
2.07374821732067e-5
2.10835146431007e-5
2.09723937215051e-5
2.04304357592338e-5
1.94212019934296e-5
1.78498530662113e-5
1.55870587639026e-5
1.25515956058599e-5
8.93001733997834e-6
5.52096022090790e-6
3.66662059316850e-6
4.35946494730336e-6
7.39804446679604e-6
1.09758070627850e-5
1.39222990561464e-5
1.59963146533173e-5
1.72561834565208e-5
1.78451447703834e-5
1.78992839945561e-5
1.75309679359149e-5
1.68334705703435e-5
1.58916184853344e-5
1.47935789048526e-5
1.36431115434224e-5
1.25724372059805e-5
1.17551526141870e-5
1.14161236267328e-5
1.18297195580472e-5
1.32873559438341e-5
1.60010989115441e-5
1.99067672316469e-5
2.43876738397844e-5
2.81418379724698e-5
2.97007405933321e-5
2.88348958329980e-5
2.74425450587592e-5
2.76351988636679e-5
2.88119472377297e-5
2.85529987413284e-5
2.57939390986782e-5
