0.000119647986845186
2.34807564284458e-6
2.21168277464923e-6
4.20704396830050e-6
6.41738417091406e-6
8.67573403053823e-6
1.07472617282412e-5
1.25202009409619e-5
1.39297551996155e-5
1.49361837950965e-5
1.55089685074290e-5
1.56177793935239e-5
1.52293803406046e-5
1.43122742642564e-5
1.28540190524070e-5
1.08987266665534e-5
8.60729512112241e-6
6.31370507025313e-6
4.49486425789648e-6
3.59218443287354e-6
3.83435626609069e-6
5.19194399863098e-6
7.31891584273592e-6
9.67703889426456e-6
1.18265658966356e-5
1.35307234460432e-5
1.47066257957981e-5
1.53540178954899e-5
1.55066910214223e-5
1.52080649511730e-5
1.45026589023451e-5
1.34370128360179e-5
1.20671097960063e-5
1.04721386886310e-5
8.77650963829632e-6
7.18348938549451e-6
6.02377116068821e-6
5.81716115529227e-6
7.32552268543034e-6
1.15191934070423e-5
1.92628454361666e-5
3.04094725254663e-5
4.23313230404155e-5
4.97910703408736e-5
5.01408641094011e-5
4.95024768122363e-5
5.23792035487206e-5
5.08048314810456e-5
4.06280570955847e-5
2.74415460037878e-5
1.64833671221940e-5
9.30306888309516e-6
5.50380162366326e-6
4.34410227156145e-6
5.20623619238312e-6
7.47972316276399e-6
1.04635811136157e-5
1.34818299695907e-5
1.60594356512933e-5
1.79847571634751e-5
1.92474975721942e-5
1.99338229816220e-5
2.01420833539781e-5
1.99358500188087e-5
1.93250584293009e-5
1.82623135976392e-5
1.66494676332311e-5
1.43664803551254e-5
1.13656750040955e-5
7.90320324416955e-6
4.83997048173108e-6
3.43023820094249e-6
4.46343372064294e-6
7.50773242699017e-6
1.08432227330881e-5
1.35394308831575e-5
1.54164153058353e-5
1.65442085372304e-5
1.70566183939085e-5
1.70781138475027e-5
1.67111612517851e-5
1.60411761913919e-5
1.51462876118139e-5
1.41080126618583e-5
1.30223245892803e-5
1.20112622838889e-5
1.12345679436674e-5
1.08986474754403e-5
1.12553087683134e-5
1.25737356831502e-5
1.50567278650488e-5
1.86682940359565e-5
2.28854573483121e-5
2.65542555163371e-5
2.82863018201456e-5
2.76748718662031e-5
2.62714332215569e-5
2.61916123966968e-5
2.73041657920072e-5
2.74311617743743e-5
