0.000194857139389638
6.80224019242586e-6
5.74486114665879e-6
1.08654661736830e-5
1.56185476271976e-5
2.00336269644738e-5
2.36823394614928e-5
2.63997113155665e-5
2.80818358506174e-5
2.86434405862557e-5
2.79939531832958e-5
2.60453650903282e-5
2.27705381437855e-5
1.83457263078501e-5
1.33782015063262e-5
9.03527706586034e-6
6.67484530227043e-6
7.13647069621562e-6
1.03843570644582e-5
1.52426690666144e-5
2.01360460847521e-5
2.41065579042881e-5
2.68027285228695e-5
2.81932526956019e-5
2.83698756863754e-5
2.74548380923713e-5
2.55749687376071e-5
2.28736908189361e-5
1.95513256481999e-5
1.59385472066363e-5
1.26180188288935e-5
1.06109773277157e-5
1.16144835048070e-5
1.81333770948586e-5
3.29314429445930e-5
5.64979114224695e-5
8.18993587926632e-5
9.46206384205669e-5
9.37468691072342e-5
9.90622749481104e-5
9.82705580748230e-5
7.44412141139389e-5
4.52182870415708e-5
2.40246020679640e-5
1.23657639362300e-5
8.11088532472598e-6
9.27251526533849e-6
1.40841441630640e-5
2.05234448535259e-5
2.67116700279793e-5
3.15293863373150e-5
3.46813719072584e-5
3.63430123638636e-5
3.67957539485474e-5
3.62206715815773e-5
3.46238311937467e-5
3.18306757832904e-5
2.75379948321459e-5
2.15273793935941e-5
1.43098805732153e-5
8.13819324390881e-6
6.40679906775886e-6
1.08960362319430e-5
1.82498181806951e-5
2.42122692923002e-5
2.82512109897565e-5
3.04847638322596e-5
3.12811803635664e-5
3.09626528649003e-5
2.97925000711461e-5
2.79985413678595e-5
2.58115434661242e-5
2.35067406390941e-5
2.14484530508766e-5
2.01344772699482e-5
2.02228200509740e-5
2.24889380310911e-5
2.75987872951708e-5
3.55299558382833e-5
4.46495247185511e-5
5.13428217983121e-5
5.23613047887500e-5
4.96852152517670e-5
4.94306705972642e-5
5.17460454968811e-5
5.04024380975202e-5
