0.000188792935944496
6.33493688089584e-6
5.38727206714465e-6
1.02133656089799e-5
1.47426817116728e-5
1.89775619197353e-5
2.25061148041261e-5
2.51674321276970e-5
2.68616743262940e-5
2.75091088867218e-5
2.70258996239281e-5
2.53277737767396e-5
2.23766110691609e-5
1.82998640773791e-5
1.35932373086070e-5
9.27408058365665e-6
6.62796911508145e-6
6.55178254822399e-6
9.17945008673913e-6
1.36132301555697e-5
1.83600798844697e-5
2.23790160763263e-5
2.52382811407165e-5
2.68590795984088e-5
2.73103517442178e-5
2.67032418204548e-5
2.51550796585103e-5
2.27926868159044e-5
1.97821340661480e-5
1.63861238514837e-5
1.30603049262187e-5
1.06046740857037e-5
1.03719616735017e-5
1.44523603583546e-5
2.54809726373100e-5
4.51176027332097e-5
7.00035539039229e-5
8.81882627597814e-5
9.04898508571604e-5
9.16779894062134e-5
9.70756166875014e-5
8.31428046180514e-5
5.52994938923314e-5
3.11175889487804e-5
1.60614063260687e-5
8.98064776651759e-6
7.81794727790130e-6
1.09160367290049e-5
1.65141604995931e-5
2.27093865181191e-5
2.80505184645467e-5
3.18885768440618e-5
3.42031721124417e-5
3.52377970230837e-5
3.52282217427241e-5
3.42755078948534e-5
3.23109293293763e-5
2.91097524757598e-5
2.43794872995022e-5
1.80802909926404e-5
1.12263486182659e-5
6.56589999592958e-6
7.02048505264865e-6
1.28912393094407e-5
1.96289839264624e-5
2.47202114122301e-5
2.79830976442935e-5
2.96497155063021e-5
3.00602099616517e-5
2.94989016248797e-5
2.81987172887540e-5
2.63691071407925e-5
2.42322434744542e-5
2.20617803883341e-5
2.02241734167042e-5
1.92175946241173e-5
1.96874264317971e-5
2.23609486164373e-5
2.77835998474991e-5
3.57102315117759e-5
4.42530500668562e-5
4.98335041113442e-5
4.99261726347753e-5
4.73468041030549e-5
4.76295128716778e-5
4.97339370106011e-5
