0.000182833647731186
5.89504155600229e-6
5.04869588690590e-6
9.59237236203935e-6
1.39046036296875e-5
1.79630342781984e-5
2.13718042173564e-5
2.39739936261021e-5
2.56735338046335e-5
2.63957610842535e-5
2.60631968279633e-5
2.45958438116656e-5
2.19479737452812e-5
1.82074614374122e-5
1.37737743187633e-5
9.52280360710477e-6
6.65228303505783e-6
6.09659410949954e-6
8.12412201430183e-6
1.20961583503050e-5
1.66491122819278e-5
2.06797917501474e-5
2.36749705990077e-5
2.55038613052076e-5
2.62093447815633e-5
2.58903094455057e-5
2.46555661924092e-5
2.26190455399974e-5
1.99206261048785e-5
1.67705254918796e-5
1.35250899118357e-5
1.08080614318621e-5
9.68665087927226e-6
1.18659834254538e-5
1.96955193363872e-5
3.53468759492669e-5
5.79934043414422e-5
7.94241282656797e-5
8.72916545670093e-5
8.60824788218376e-5
9.17283075567222e-5
8.81867161466858e-5
6.53080727999008e-5
3.95022662651969e-5
2.11262846125964e-5
1.10650787508787e-5
7.44796879593137e-6
8.57845004166342e-6
1.29259971110150e-5
1.87359387666375e-5
2.43672940520762e-5
2.88154530529143e-5
3.17874275439337e-5
3.34164113889666e-5
3.39490889384405e-5
3.35591930212815e-5
3.22748757153405e-5
2.99676145377615e-5
2.63842191493910e-5
2.12857567190462e-5
1.48940969303298e-5
8.75822334592639e-6
5.80042818169219e-6
8.20525666417415e-6
1.46093035281318e-5
2.05758639657960e-5
2.48806580120338e-5
2.74905561890066e-5
2.86956457238471e-5
2.88000980730873e-5
2.80547442336562e-5
2.66676725648423e-5
2.48337268816714e-5
2.27682169504406e-5
2.07429915910324e-5
1.91243975189520e-5
1.84064797993636e-5
1.92152086224612e-5
2.22221851957488e-5
2.78509115642951e-5
3.56560111409297e-5
4.35666204934122e-5
4.81427177920131e-5
4.75581610719835e-5
4.51873070170371e-5
4.58658863052615e-5
4.77138827223888e-5
4.54113197718654e-5
