0.000176979834432037
5.48135464470294e-6
4.72837861893348e-6
9.00145240905224e-6
1.31032483790080e-5
1.69890748491237e-5
2.02786716607238e-5
2.28190438537891e-5
2.45176278825544e-5
2.53043885313976e-5
2.51078070524521e-5
2.38525006896084e-5
2.14878568494400e-5
1.80700557861191e-5
1.39164700576765e-5
9.77210028471178e-6
6.73541133560603e-6
5.75855098476786e-6
7.21644913565711e-6
1.06993106559072e-5
1.50115121371705e-5
1.90157440688293e-5
2.21186261582018e-5
2.41332488896867e-5
2.50728707177041e-5
2.50225011351178e-5
2.40827901761446e-5
2.23574740549652e-5
1.99664742122262e-5
1.70797305505172e-5
1.39764808474814e-5
1.11414242432788e-5
9.40958061726967e-6
1.01480082840284e-5
1.53609564690241e-5
2.73120334305297e-5
4.67356787432834e-5
6.89780814953297e-5
8.25154110454326e-5
8.26273697091040e-5
8.48472168945476e-5
8.84512083583825e-5
7.38649885480778e-5
4.87700057437794e-5
2.75660613421289e-5
1.44074943121619e-5
8.20708096005524e-6
7.20244229480945e-6
9.96627396731848e-6
1.49775505797492e-5
2.05833980761949e-5
2.54930098534107e-5
2.90940868847907e-5
3.13322592882297e-5
3.24080603533651e-5
3.25364326127043e-5
3.18267172970469e-5
3.02447934182583e-5
2.76176089456849e-5
2.36874412677900e-5
1.83177925390546e-5
1.20656720916165e-5
6.94736376369891e-6
5.71660224676456e-6
9.64837469094928e-6
1.59387146309872e-5
2.11586233469028e-5
2.47634129441084e-5
2.68327620224083e-5
2.76641723300401e-5
2.75285101682387e-5
2.66473153406860e-5
2.52084440134658e-5
2.33948683979116e-5
2.14159767838341e-5
1.95410279282007e-5
1.81337044322063e-5
1.76795278028998e-5
1.87792731097008e-5
2.20442363543146e-5
2.77804651732002e-5
3.53725847299633e-5
4.26374315447039e-5
4.63445297742039e-5
4.52935765092032e-5
4.31749880768208e-5
4.41202771632776e-5
4.57151953642174e-5
