0.000144095559416340
3.48629287431577e-6
3.14987876054424e-6
6.03162653142222e-6
9.00784107473675e-6
1.19428550638070e-5
1.45414387872741e-5
1.66733531728576e-5
1.82629416999928e-5
1.92604079680244e-5
1.96216529449334e-5
1.92990980562647e-5
1.82445029362322e-5
1.64307495858389e-5
1.39052891071336e-5
1.08833392710113e-5
7.84356446587983e-6
5.48886893217959e-6
4.46145175344560e-6
5.06779039059112e-6
7.18721132447630e-6
1.01897141634910e-5
1.32741070861646e-5
1.58990359870563e-5
1.78259425144402e-5
1.90027625631872e-5
1.94621435441336e-5
1.92646431063105e-5
1.84757574062373e-5
1.71628930318698e-5
1.54048326864972e-5
1.33121347743994e-5
1.10612526100960e-5
8.94824505695554e-6
7.46829170669213e-6
7.41779340956921e-6
9.97597235747693e-6
1.66073810679897e-5
2.83912108779751e-5
4.42351846145231e-5
5.86344505727653e-5
6.40849915791922e-5
6.26824669509034e-5
6.53735013234687e-5
6.65646681171754e-5
5.52647648879304e-5
3.74977894398757e-5
2.21276048630124e-5
1.20950924874008e-5
6.91120659230131e-6
5.45295692283529e-6
6.79331344478788e-6
1.00083244371583e-5
1.40439652459631e-5
1.79394464075204e-5
2.10928202792247e-5
2.33015002576734e-5
2.46215548171254e-5
2.51995581212804e-5
2.51603420314841e-5
2.45551945228728e-5
2.33468262095673e-5
2.14140844860804e-5
1.85848619954913e-5
1.47546826128892e-5
1.02100789927768e-5
6.11561167233450e-6
4.29571562446661e-6
5.93242185520019e-6
1.02013125094269e-5
1.44926162049917e-5
1.77719655040866e-5
1.99205545023054e-5
2.10880343734266e-5
2.14690785177228e-5
2.12317146991415e-5
2.05128984893006e-5
1.94313757808624e-5
1.81046584596675e-5
1.66669894901719e-5
1.52883028022952e-5
1.41937608463963e-5
1.36801459791717e-5
1.41172650177716e-5
1.59063847331149e-5
1.93440400967706e-5
2.43315352109446e-5
2.99648651825878e-5
3.43837095630336e-5
3.57094232437179e-5
3.42145408465441e-5
3.29464668763908e-5
3.39181218462981e-5
3.49781220209296e-5
