0.000154628383801288
4.06577216405330e-6
3.61522784788235e-6
6.91839374187948e-6
1.02440773505999e-5
1.34794894559060e-5
1.63026374420826e-5
1.85757995227693e-5
2.02183156128523e-5
2.11748790529053e-5
2.13937760741891e-5
2.08187043939376e-5
1.93969133520775e-5
1.71144329357887e-5
1.40749625518798e-5
1.06227130310187e-5
7.42630089312773e-6
5.32493420828665e-6
4.93355054771394e-6
6.41740922957605e-6
9.36362085895427e-6
1.28586806099409e-5
1.60846306065282e-5
1.86081602754569e-5
2.02866332907463e-5
2.11256257761696e-5
2.11867543323857e-5
2.05451324713009e-5
1.92776631295377e-5
1.74694213933474e-5
1.52336516814765e-5
1.27471719987849e-5
1.03075425317422e-5
8.42035755662909e-6
7.91801036625791e-6
1.00740882703209e-5
1.65588375133678e-5
2.88112083023231e-5
4.61335909711767e-5
6.28673023669124e-5
7.00914379059161e-5
6.87917954631902e-5
7.16735174263308e-5
7.31106164543895e-5
6.01753647320131e-5
4.01581507500348e-5
2.32502123599283e-5
1.25027159519678e-5
7.18444387493072e-6
5.98983725246159e-6
7.85353454269623e-6
1.16739546463810e-5
1.62160541421354e-5
2.04227287161531e-5
2.36972896348524e-5
2.58923376516597e-5
2.71162413557024e-5
2.75416511480262e-5
2.72915909439379e-5
2.63931112563599e-5
2.47680882981841e-5
2.22478867901890e-5
1.86400582616346e-5
1.39503199901047e-5
8.89343793492559e-6
5.29332385268982e-6
5.09956857405504e-6
8.79357083731512e-6
1.38538733291965e-5
1.80302902343870e-5
2.09310107133197e-5
2.26316908848525e-5
2.33567725422233e-5
2.33138515329296e-5
2.26730354663026e-5
2.15771269965822e-5
2.01612811942208e-5
1.85744256813673e-5
1.70019120002528e-5
1.56892695383039e-5
1.49637800587756e-5
1.52418994877073e-5
1.69922084578120e-5
2.05941399386785e-5
2.60146848585180e-5
3.23172512836646e-5
3.74126074968199e-5
3.90615404178283e-5
3.74545523545666e-5
3.60921329054423e-5
3.72486150616677e-5
3.82916203423611e-5
