0.0005455889548597371
0.00011622064953082109
7.627173565347934e-05
6.733572613906819e-05
5.994559136789042e-05
5.369524377932488e-05
5.280467318529077e-05
5.311818808166485e-05
5.178497205761397e-05
3.346894613615302e-05
2.7985730350295826e-05
2.7953567480129885e-05
2.9141643822599892e-05
2.9297744182936497e-05
2.6867147147480946e-05
2.1866468735387202e-05
1.9880770013636427e-05
1.529999812016187e-05
1.0662784552967213e-05
1.9101985475862436e-05
3.295713250467784e-05
4.820386497904719e-05
3.638312012636988e-05
6.519314554121109e-05
4.44126950661111e-05
9.572474634227102e-05
0.00010328667442094251
0.00015031233860153333
0.00011639505377883952
7.954095478081069e-05
6.527666034170985e-05
7.576169126768931e-05
9.313894471365159e-05
0.0001379629973692792
0.0001470963296096589
0.00015679788079177529
0.0001685770421229143
0.00018263278378484763
0.0001805729593188962
0.00014746318581076062
0.00012105585420564132
9.136378431880596e-05
7.68667576624534e-05
6.84492368466377e-05
6.26609491635376e-05
5.190701908606199e-05
5.2130484953396895e-05
4.3615704745815824e-05
4.678682711253864e-05
4.523263271038344e-05
3.5708414589484885e-05
2.9923296949689364e-05
3.106106779454367e-05
4.152555625178342e-05
4.188452423180737e-05
4.490707234104512e-05
4.9091557415177514e-05
3.2592246145573016e-05
3.721269377834083e-05
2.529655250458155e-05
3.834680301815573e-05
2.8761613456679516e-05
3.667077860170668e-05
6.604524655549506e-05
0.00012973490941872045
8.374864498059406e-05
6.608801282961848e-05
6.770113025280254e-05
5.1162874641412535e-05
5.8796359036430724e-05
8.969066951289562e-05
0.00012039616454019574
7.522270295106454e-05
4.784421870040263e-05
2.683018205024032e-05
2.0166387224986637e-05
3.4124361192832676e-05
2.2852531958742705e-05
2.5730337844882295e-05
3.3193499737907975e-05
3.631500034831505e-05
4.139929886944523e-05
5.45518526647277e-05
6.119569923468895e-05
8.04431015523914e-05
0.00012117043440324133
0.00014747466743160234
0.00013544166587081178
0.00010175699849661387
9.01471123316908e-05
0.0001042479577921602
0.00010674178673953116
0.00010239609040534238
9.121652560643758e-05
7.477980927533774e-05
6.114956369406305e-05
5.93241729638938e-05
7.124904462644036e-05
6.287300337586861e-05
5.36259093398197e-05
7.123318465773303e-05
5.457356831922863e-05
8.335442698517057e-05
0.0001003510300788523
0.00012851853143635612
0.00011768041823565468
9.379138548913142e-05
6.913133696294293e-05
5.8126040071725566e-05
7.692457404821487e-05
0.00011639707438937434
0.000151855960981694
0.0001806954422764172
0.00020613823746214643
0.00021426645743972557
0.0002057294127104648
0.00018206458128708236
0.00013521906944811244
0.00011141820759047786
0.00011665320279196089
9.501804691197908e-05
8.084500182032158e-05
6.470061855343959e-05
5.566317512015446e-05
5.2671581611619744e-05
5.2723479052894294e-05
6.192060567064198e-05
5.693302891156908e-05
5.565705002448419e-05
4.8267989455559956e-05
4.486607733090721e-05
3.8911379264101326e-05
4.286008030538841e-05
4.404248795369279e-05
4.136293023843949e-05
5.389781404802566e-05
8.175067384208754e-05
9.162852582772535e-05
0.00010174783551148712
7.678275828716159e-05
8.164065753905391e-05
6.900645006488686e-05
3.701714627674028e-05
3.401506715822312e-05
3.7214157695538193e-05
4.283520030554619e-05
4.975027858132128e-05
3.7500215544076596e-05
4.3665677226427196e-05
3.5805643422194485e-05
3.395364487316836e-05
1.9950758767854852e-05
