0.0005180986345658012
9.368704736274976e-05
7.466591248744941e-05
7.757901887925883e-05
7.70486034755511e-05
7.401470165882895e-05
7.402571734408163e-05
7.594946058887517e-05
7.144905869216778e-05
6.625094344962822e-05
4.903046913179944e-05
4.0293836129436936e-05
2.994253629660504e-05
3.315251374197292e-05
3.232042204035623e-05
2.3745079243455013e-05
1.4574047600824256e-05
9.878144897435893e-06
6.47717278168908e-06
4.942297009175517e-06
9.81507821225542e-06
1.9288699279235874e-05
3.3250039374832064e-05
4.4452850230283795e-05
5.6569019426881206e-05
7.627323705683734e-05
8.969372465983104e-05
0.00010210908201336112
0.00012241941421490646
0.00014506219586362241
0.00011312335271711736
8.494892372866108e-05
8.828330210424847e-05
9.035119991127708e-05
9.255268238220805e-05
0.00011026160740672239
0.00014074014169494892
0.00015216645192530498
0.00016564840175986763
0.00016950661289221464
0.00016667353786967002
0.00016453059476162214
0.00014373721680300663
0.0001223135189771755
9.58453536097677e-05
8.412170021325325e-05
7.842167441349273e-05
7.330672973255812e-05
6.815524825468329e-05
6.740132906335003e-05
6.17139867025463e-05
6.746091923575252e-05
6.023664467421402e-05
5.966101906071219e-05
5.597476163599674e-05
4.9883865085721845e-05
4.18477441070609e-05
4.433390183521604e-05
4.2360896124135286e-05
4.3357615441519746e-05
3.82859081320043e-05
3.2268997171487144e-05
2.462289333076333e-05
2.7331374868252386e-05
2.699532945814813e-05
2.8765722968310818e-05
3.131948686895973e-05
4.672565024761224e-05
8.598509361860145e-05
8.938847987274143e-05
7.505683072780392e-05
8.576609832445232e-05
6.73181727874254e-05
5.7917461042503106e-05
4.640091638456652e-05
5.6048917477030156e-05
7.36284152607915e-05
6.4353834090377e-05
4.153297227380875e-05
2.9977806293213407e-05
2.1795382686892355e-05
2.5270163139249824e-05
2.858204897667965e-05
2.396578087502766e-05
2.7860039635314004e-05
3.700979633670124e-05
4.155994151837291e-05
3.9469887486362785e-05
4.4315538872551004e-05
6.296602991760415e-05
7.737369069746593e-05
0.00010437243390946322
0.00012255033345495183
0.0001338896107869489
0.00012970783707724675
0.00010237146912806663
8.16913727475543e-05
8.25816216764339e-05
8.189718686436612e-05
6.411728934823089e-05
5.20216271998464e-05
4.1435708502709266e-05
3.5873530078260745e-05
4.7067016439403206e-05
5.587616665152708e-05
6.315328010701688e-05
6.338749849183183e-05
6.780284726132121e-05
7.615682458002089e-05
7.757143123239037e-05
8.489823538811899e-05
0.00010203416291061073
0.0001298899513352742
0.00012122090026524508
9.407240569405968e-05
7.7719980396817e-05
6.927280213977514e-05
7.653022370020796e-05
9.459315945492056e-05
0.00012637140556852274
0.00015584651045064872
0.00017993788253787337
0.00018929112131795906
0.00017340331121854777
0.00015439376542514334
0.00014936784479590393
0.0001344010185330393
0.00011354928316030665
0.00010331000426823687
9.367234310362934e-05
8.689414019248329e-05
7.797140178426019e-05
7.239772805181086e-05
7.120179730477617e-05
6.955830371355089e-05
7.743955290298948e-05
8.013759941984438e-05
7.475903587044897e-05
7.277043263249824e-05
6.535312660194e-05
5.925029578258632e-05
5.181519058113737e-05
5.428006112851457e-05
5.6421099228490205e-05
5.984441885379918e-05
6.522580326251717e-05
7.945416186429419e-05
8.02789527692748e-05
9.915352417104423e-05
8.689807894648613e-05
8.399321172720122e-05
9.029544082264838e-05
5.4618174640222935e-05
3.805903068257221e-05
3.4025138740374705e-05
3.0040853031689966e-05
2.8044111307834428e-05
3.0307061357119228e-05
2.6713505045440476e-05
2.6844068283231624e-05
2.7294127418460165e-05
2.836330849724036e-05
