0.0005210241237645134
9.760173881199601e-05
7.672995487028412e-05
7.594348395047524e-05
7.502382820355263e-05
6.736415724226179e-05
6.995992536423341e-05
7.14347768554471e-05
6.5984210242756e-05
5.547255032152928e-05
4.230561407771644e-05
3.418545488249191e-05
3.0222639780856714e-05
3.207209409556929e-05
3.0509940792841836e-05
2.0267710994944598e-05
1.353961137641599e-05
1.070948279808049e-05
6.514138387931395e-06
6.611875789822358e-06
1.3356292439836199e-05
2.5838364693635444e-05
3.9858616822513304e-05
4.96142659077952e-05
6.408659966418652e-05
8.566740383874423e-05
9.003069697657387e-05
0.00011479451459306045
0.00014252720278300568
0.00013516098808006764
9.474974370309361e-05
7.909720990594968e-05
8.746603684596453e-05
8.605907679813218e-05
0.00010363899147052075
0.00013004328766349018
0.00014968178148899275
0.00016042503509545344
0.00017276351051529382
0.00017173720214288797
0.00016879228199848096
0.0001492328621225696
0.00012410724245257913
9.952888723328135e-05
8.56400396818408e-05
7.696181525470043e-05
7.135219166544792e-05
6.706777473276747e-05
6.384288997642998e-05
5.7591085793448475e-05
6.149276930938205e-05
5.533411544987172e-05
5.75313942199852e-05
5.046059086851045e-05
4.371290723085106e-05
3.7362259355470476e-05
4.242561054577906e-05
4.269149943188913e-05
4.4115105542196294e-05
4.248308772064015e-05
3.10947058503124e-05
2.9073552209152748e-05
2.5072113270898906e-05
3.0427999641517948e-05
2.8138021829038096e-05
3.340734260565632e-05
5.068702948687661e-05
0.0001049506991215778
8.72368566207738e-05
8.147038244066569e-05
7.760540450699657e-05
5.6600279390377695e-05
3.6795156829584064e-05
5.97502422410673e-05
7.916300729735952e-05
8.493903344421583e-05
6.0491748551999554e-05
3.751821849526315e-05
2.450617105346619e-05
1.9432058479184175e-05
3.113553554071698e-05
2.6220250496392986e-05
2.3463019913888473e-05
3.198614382083071e-05
4.375459575284776e-05
3.856804365859097e-05
4.036471138717154e-05
5.6335960700078045e-05
6.849071341096156e-05
9.592489191202132e-05
0.00012231738354411307
0.0001333842129659581
0.00013397204009192706
0.00010498577955581522
8.242524594151058e-05
8.62914421658258e-05
8.753019900464186e-05
7.315236223800716e-05
6.041158669282093e-05
4.9252496576008024e-05
3.927964751644639e-05
4.766691615102983e-05
5.895626940717536e-05
6.710858448994467e-05
6.594027683755429e-05
7.035790264470147e-05
7.532486758148976e-05
7.798451057186908e-05
8.588182841292027e-05
0.00010349531178895866
0.0001344057347479786
0.00011621093065208209
9.209002720179539e-05
7.50846934640175e-05
6.31874675860723e-05
7.889728812553832e-05
9.90761460303064e-05
0.00013250552965162615
0.00016541363112790617
0.00018930261449260624
0.0001936100609584666
0.00017859021219177344
0.00016338246284548807
0.0001442149114801769
0.00012547380754819468
0.0001050373148444843
0.00010161350503856578
9.035531524040387e-05
8.371619490509793e-05
7.270149898919181e-05
6.561619854627586e-05
6.616964555569122e-05
6.38771886416481e-05
7.545218410459685e-05
7.302094717411742e-05
6.997095595387012e-05
6.595442541325314e-05
5.929495729006094e-05
5.125267926302092e-05
4.9568693062618265e-05
5.043396195471671e-05
5.260053466824263e-05
5.647802514710958e-05
7.304131254926632e-05
8.386504456709513e-05
9.917244507743039e-05
9.140377072177528e-05
8.153909155965238e-05
8.727050626917693e-05
6.249897509348023e-05
3.741898209373117e-05
3.386609812962525e-05
3.14333191982126e-05
3.110325682489693e-05
3.483723132635274e-05
3.007980910628801e-05
3.0898548599346846e-05
2.853303509465727e-05
3.126069746627384e-05
1.8304203874994665e-05
