0.0004128682308924271
8.623488010899258e-05
7.222165852112488e-05
7.934373194678593e-05
8.589503914002797e-05
8.759384488639893e-05
9.005772434736866e-05
9.18927022973155e-05
8.819494207005021e-05
8.404035714432628e-05
8.041820153704923e-05
6.2346906485988e-05
3.995329012069571e-05
3.36363813400808e-05
3.627966359782151e-05
3.3802945391260914e-05
2.277728238955459e-05
1.6459259286471664e-05
8.806768575464785e-06
4.564609055106979e-06
5.973673198805763e-06
9.6741044035506e-06
1.680129789092682e-05
2.8111723175539115e-05
4.220331061628715e-05
5.1594455241320004e-05
6.5614535339238e-05
8.775974777787594e-05
9.851721642225154e-05
0.00010428051514377894
0.0001228589573527305
0.00014122533650199432
0.00010847619689226978
9.80998599020532e-05
0.0001025788345797022
0.00010962839371717883
0.00010672921901410897
0.0001130741731436765
0.00013773166614247458
0.00015572238745575697
0.00016192127524569953
0.00016640812848688568
0.00015828000838568568
0.00014968106520853137
0.00015420475778447673
0.00013719315409985958
0.00011927241292979219
0.00010131740021114286
8.98063649616946e-05
7.717512460851034e-05
7.279587233297453e-05
6.808889902346365e-05
7.408656244276122e-05
7.623756265880985e-05
8.690909767721395e-05
7.923580164909041e-05
7.922893892030576e-05
6.854669686079454e-05
6.603676430279773e-05
6.123825260227731e-05
5.9603176505981114e-05
5.1635249650930695e-05
4.757531883104197e-05
4.4358643081189785e-05
3.645220413484233e-05
2.9943926514283e-05
2.674369141179198e-05
2.885240431872565e-05
3.593929078701242e-05
3.0115595108408494e-05
3.392510878057484e-05
5.318799084614942e-05
8.649684905848204e-05
8.540720576260818e-05
7.297205196251589e-05
7.458194197988442e-05
8.389666581053844e-05
7.280532493268699e-05
5.1682211611073564e-05
3.513217775049821e-05
4.96646401950376e-05
4.8636544196161136e-05
3.546737631211173e-05
2.728394626247098e-05
2.4598584743402564e-05
2.1095858796967893e-05
3.1137791082261896e-05
2.326678521490392e-05
2.5273321509947483e-05
3.0010824386751188e-05
3.6664992336298135e-05
4.275395708024794e-05
4.1350514941186034e-05
4.566175085462764e-05
6.096220459586784e-05
7.454686525437752e-05
9.645191471348749e-05
0.00011419614035596137
0.00012731276797890337
0.00013461724226194994
0.00013372136199255345
0.00010488249094076233
7.80066727603253e-05
7.294034457959523e-05
7.037739826519965e-05
5.154092263797897e-05
3.822742923196826e-05
2.6831164465733697e-05
2.9145763856675272e-05
3.7716253971017905e-05
4.6363342047410784e-05
5.103248398810153e-05
5.467601621046077e-05
6.187392780453973e-05
7.336967275880644e-05
7.70485701650415e-05
7.837450314519638e-05
9.03161369302411e-05
0.00010398320184553379
0.00012865393818589432
0.00012165925163977161
9.38641091662671e-05
8.512184434476683e-05
8.088322384408088e-05
7.633785738306735e-05
9.556516830205104e-05
0.00012057564306479148
0.00015146061385185107
0.0001681771754337978
0.0001749601808250431
0.00015921954348585565
0.000142871280649506
0.00014195867945847253
0.00013580154360452422
0.00012610412405480656
0.00010927235431655147
0.00010280209525365044
9.293581830222016e-05
8.830933490442094e-05
7.859528756629116e-05
7.070673031039286e-05
8.06740088598399e-05
8.62546251939767e-05
9.026865665176379e-05
9.472719990858365e-05
9.075233929919008e-05
8.211023007324104e-05
7.531949518732176e-05
6.688070270135271e-05
6.0468731936158436e-05
5.73226697088458e-05
6.142436109136118e-05
6.330571379728966e-05
6.59172599040321e-05
6.778993139391775e-05
6.605823817814838e-05
6.912595912646012e-05
8.984899604975865e-05
9.606695128665197e-05
9.352737563482968e-05
9.457584183759495e-05
6.441381327569139e-05
4.600186508595973e-05
3.709197875980973e-05
3.118171639222656e-05
2.527571512347715e-05
2.3016602804824284e-05
2.0330131128908015e-05
1.4906840415806106e-05
2.1949433901530356e-05
2.4130215276760476e-05
2.1184800969941332e-05
