0.00057230090429786
0.00011546479536482507
7.598727400234786e-05
6.628925826558209e-05
5.0781943415216784e-05
4.91337996169909e-05
4.750480470779327e-05
4.784160698357454e-05
4.212468329517949e-05
3.103806771999686e-05
2.3406942283992508e-05
2.8073355285342288e-05
2.79251142266949e-05
3.0515914482394156e-05
3.009269822148182e-05
2.6745566795272482e-05
2.4262206230998135e-05
1.861252769120162e-05
1.2922431749050173e-05
2.6042926276326453e-05
3.754361603060122e-05
3.719951575620846e-05
4.1556560705819475e-05
5.053014793800359e-05
5.549516149527425e-05
9.71420314953071e-05
0.00011192802812466421
0.0001371428816324919
9.892658570283237e-05
6.22271950051202e-05
6.292680254602962e-05
8.106533969777487e-05
0.00012471533072768326
0.00014198249205206345
0.00014936578899159015
0.0001631099901747339
0.0001822610057350902
0.0001858174390196465
0.00016812382760032267
0.00013241692865148565
9.789665020419905e-05
8.25030771724464e-05
6.714415949305454e-05
6.174720997011121e-05
5.310863545871952e-05
5.0352856525282356e-05
4.228554147975995e-05
4.344889720443594e-05
4.2967555512680395e-05
3.472097697272063e-05
2.756212650280454e-05
2.9531596184113896e-05
4.112524678854504e-05
4.195598012703014e-05
4.419565766247426e-05
4.893671817790323e-05
3.178583607418552e-05
3.714896133138481e-05
2.5984370931287094e-05
3.905101547539199e-05
2.9243064306507552e-05
3.7021696961480936e-05
7.315721863859451e-05
0.00013930237122446998
7.790554575203037e-05
5.6618798693728964e-05
6.566159497981948e-05
5.463313951422024e-05
6.581742346309815e-05
0.00010477315655999817
0.00011564413550357415
7.307138594807087e-05
4.649547586119843e-05
2.5504762721881484e-05
2.2697423668572114e-05
3.186224623014221e-05
1.950983061938382e-05
2.7038262938185406e-05
3.709454897588104e-05
3.8178703687236525e-05
5.075915678041537e-05
5.5365876466197683e-05
6.484431477511383e-05
9.363931792456984e-05
0.00013933917383997886
0.00015578015597338138
0.00011626447261808037
8.942650313709192e-05
9.978757051219651e-05
0.0001145610376981985
0.00011177442947221946
0.00011009637336516555
9.483440089879128e-05
7.758588249130118e-05
6.403346894230017e-05
6.99560657543811e-05
5.840436163311284e-05
5.013545087007608e-05
5.940363901552406e-05
4.929192921146764e-05
8.180162205471901e-05
8.632220734182286e-05
0.00012251489979063623
0.0001232263308473378
9.970183901397535e-05
7.099693969110559e-05
5.75162526729679e-05
7.871985542277943e-05
0.00011754230113543603
0.00015205879282183742
0.0001818426252160381
0.00020985162100556812
0.00021727291200952328
0.00021344286032998425
0.00018837657137687564
0.0001358930154094237
0.0001137364888650535
0.0001184480371183631
9.271632088611184e-05
7.647889896320464e-05
6.0730222931589146e-05
4.9900350259965095e-05
4.912476740870021e-05
4.872696453430778e-05
5.772952305871536e-05
4.9082848671963666e-05
4.5629393178056424e-05
4.233768382848175e-05
4.040650546436026e-05
4.102328377846249e-05
4.688677468755638e-05
4.45763291360687e-05
4.250057459735815e-05
6.531259728308351e-05
8.568454117414033e-05
9.555974573731016e-05
9.809031560160548e-05
7.892161062828071e-05
8.004017364545935e-05
5.260754963360901e-05
3.26906596923098e-05
3.620847677023206e-05
4.309704209475833e-05
5.087781951604165e-05
4.6615679302742536e-05
4.234351144206145e-05
4.84502282464528e-05
3.68510678962913e-05
