0.0006903648291513714
0.00011107256287911594
8.652643049885582e-05
5.313689433893272e-05
3.71435594724716e-05
3.461496199883578e-05
3.6211500509145186e-05
3.122371034491311e-05
2.984604854718635e-05
2.4382798591917202e-05
2.7882381341688202e-05
2.86564228586313e-05
3.529044236211612e-05
4.44296730969802e-05
2.528149317357676e-05
2.419830419852495e-05
1.579854596215171e-05
1.5242717027057768e-05
2.148055658210861e-05
3.110606358042117e-05
2.9807554502093145e-05
3.344641975334817e-05
3.385803238641788e-05
4.643910284149409e-05
8.139837042940882e-05
9.757382674795376e-05
6.60925373580182e-05
6.181963955900313e-05
6.385011472814428e-05
9.148886507354631e-05
0.00013382161586765088
0.00013359490417455606
0.00015590076532088918
0.00017053926478414414
0.00020572748028762226
0.00020812832156297037
0.00016814225196721346
0.00013195273627715991
9.453606431690309e-05
6.65964733129688e-05
5.3505792220901934e-05
4.222164187053697e-05
3.693802433835451e-05
3.545006664470982e-05
3.061418699579431e-05
3.238758015781036e-05
3.359313050425406e-05
3.218182508590419e-05
3.7370156179423496e-05
4.038041173418364e-05
4.4189707421146185e-05
5.375243900139735e-05
3.973673499290508e-05
4.427342868965173e-05
3.141058501758175e-05
4.112227915074448e-05
2.976245195988435e-05
3.208817830429131e-05
7.41733783371039e-05
0.00017696189491305954
5.781873353679793e-05
6.445265029254957e-05
8.840797981975323e-05
8.719308567171694e-05
0.00010801722583932495
0.00017512780471677617
0.00011933399981395194
8.23046218657421e-05
4.1915366988992975e-05
2.5107639559389825e-05
3.3816208812128744e-05
1.5697766448440816e-05
1.7966799990670758e-05
2.9986933693578884e-05
4.271914122135862e-05
6.663706306427207e-05
6.693334675531778e-05
8.031686617305972e-05
0.00011019523638985482
0.00014709503899140218
0.000170484055126355
0.0001296542039361526
0.0001250566453290458
0.00014894925912613537
0.00016507914287367158
0.00015837888793816614
9.98911226660269e-05
9.324911267582005e-05
5.34099715684495e-05
5.091269819668167e-05
3.948656262480461e-05
4.3612413554602566e-05
3.1691487576954673e-05
4.8521951152273085e-05
4.670945620025368e-05
0.00010072685541091544
8.328370628570201e-05
0.00010816663523291502
7.828277983012668e-05
6.777708001509367e-05
9.907822687441065e-05
0.00012716254393709727
0.00016054366304154368
0.00018573720204185916
0.00021194906705458756
0.00023067843503981277
0.0002279844968795698
0.0001973910476172079
0.000134424952715761
0.00011217122071190843
0.00010423067646537576
8.010440299074836e-05
5.399963853048651e-05
3.787860437153249e-05
3.679197759738084e-05
2.9779659910619094e-05
3.603715236307884e-05
3.142219603521956e-05
3.477264093543169e-05
3.924611053303801e-05
5.6938114276437965e-05
6.024483059594062e-05
5.215565860224495e-05
4.282121522043127e-05
5.7062799575272566e-05
8.993674171544336e-05
9.40309278321698e-05
9.329236181032473e-05
8.496774090294113e-05
6.828445844670319e-05
6.452029424673783e-05
4.069510654682069e-05
4.693018080928409e-05
6.108832618977363e-05
6.280421422981067e-05
5.293534916559602e-05
6.175869832704527e-05
7.612910644418797e-05
