0.0008314386114244214
9.176167391326466e-05
0.00010085446313813561
4.254271900099392e-05
4.126161405953661e-05
3.3979612567938676e-05
3.3496880086334124e-05
2.670275764499558e-05
2.637662458679928e-05
3.4286420292207724e-05
4.528449062711271e-05
4.799634144663191e-05
6.220955066048512e-05
6.073871247526498e-05
4.382486430018472e-05
2.9058223173590372e-05
2.6383868651482848e-05
2.8495780490595735e-05
3.467384468804545e-05
3.497820135833535e-05
4.4130981057655964e-05
5.6420204349636e-05
7.790060768340924e-05
0.00010641719303879597
7.313351213644212e-05
4.9628975896592046e-05
7.670331601404305e-05
0.00012350653533241802
0.00013577584756855192
0.00014136286478407185
0.00017034749198619292
0.00019236113845940645
0.00021803803428802854
0.00020658157830617148
0.00017485285262130957
0.00012836618467080668
7.380538630184494e-05
4.6224656023510874e-05
2.4526196376271562e-05
2.5732693635158185e-05
2.4165062051945074e-05
2.8769053023210817e-05
4.057617541605149e-05
5.075177953615258e-05
4.1438989553245435e-05
4.938146209212672e-05
6.37042593917594e-05
6.809248628189814e-05
5.940036678220784e-05
6.14358484404399e-05
4.457317386821356e-05
4.2166630422538915e-05
2.295567845592459e-05
3.5057943929606624e-05
0.00014796229868156398
8.386161190428006e-05
7.846411997919834e-05
9.481580875060902e-05
0.00012409343195094003
0.00014900597756023178
0.00022506161301023635
0.00023780019219878521
9.698817077842658e-05
5.3175879956433605e-05
3.17787538432146e-05
2.901324336078348e-05
1.4173655577164162e-05
1.7978187122326646e-05
3.529127565942935e-05
7.49303885424216e-05
7.292196517367583e-05
8.230005334738296e-05
0.00010901444027045754
0.00016408203486991158
0.00020422628542330975
0.00019485418029715037
0.0002165989813614419
0.00023530790922919687
0.0001576383666061176
0.00012740761877835699
9.683539877735656e-05
7.627946550293995e-05
5.6526210771531176e-05
4.327268522501546e-05
3.7962283377917784e-05
3.749556152937459e-05
4.3508529881251064e-05
4.8779349778848384e-05
5.510325521617217e-05
7.336235054216675e-05
3.0327762121657222e-05
7.585842810342642e-05
9.449280193564124e-05
0.0001230130242898486
0.00013898203941462874
0.00016991676186247007
0.00020834344990543576
0.00022254723918317332
0.000252271352601087
0.00020985641199921205
0.00015585098871966934
0.0001229264234846819
9.919983238737388e-05
7.112860616907342e-05
3.644917483244208e-05
1.3978403246899065e-05
1.742931782516641e-05
2.3453081395767836e-05
3.8147178726295054e-05
6.17471055049702e-05
7.183867690986289e-05
8.038820824598208e-05
7.8932427293146e-05
5.3268002086283504e-05
5.685866635899179e-05
8.36805422427974e-05
0.00012254661663785963
0.00010706240648705169
0.00010703931829490744
8.028955616984796e-05
8.650001847360882e-05
6.546711234617486e-05
5.7246272867480314e-05
6.070741519721261e-05
5.816683344506398e-05
6.572788834320653e-05
9.777417037403784e-05
9.656759892954123e-05
