0.0008831474167234992
8.902897312144093e-05
0.0001087830680126455
4.162938296782465e-05
4.07602713507785e-05
3.5939678711939565e-05
3.2156413195524584e-05
2.6144641029986382e-05
2.6240082658236958e-05
3.9511911505744494e-05
4.8005452232469516e-05
5.758145251736246e-05
7.763465192725691e-05
7.258560694836777e-05
5.0621153006281394e-05
3.435147221877508e-05
2.8349351223654878e-05
3.0228559072458663e-05
3.492655793935461e-05
4.166079264216016e-05
5.170706806564915e-05
6.686457845743269e-05
8.081932311314377e-05
0.00010069908614550338
8.001743132745306e-05
6.708893737570129e-05
9.568357351134115e-05
0.00012698620241168165
0.0001342674231833766
0.00015695267396493426
0.00017854533966596675
0.0002120407853119647
0.00023672614508920376
0.000201808390162367
0.0001678799129929573
0.00010505176909639721
6.44752838802438e-05
3.144111024393395e-05
1.8824007660655847e-05
2.5745493334947497e-05
2.581135593428314e-05
3.989645509638748e-05
5.06760723473669e-05
4.668498068896744e-05
4.697707843928476e-05
6.211720637719607e-05
6.920503560964854e-05
6.453276010009919e-05
5.806794971945464e-05
5.069091647924334e-05
4.211338777394512e-05
2.3912717373144893e-05
2.8855668743270908e-05
0.00011668689890855697
0.00013258396360425057
9.797781209849799e-05
0.00010376222284026538
0.00012794391865711107
0.00015798555314853286
0.00023191700013832498
0.0002732183017169873
0.00011943805483304294
6.9122676051786e-05
3.759969692563413e-05
3.1125174037479656e-05
1.3583775412774888e-05
1.773026981530391e-05
3.5918269347935554e-05
7.529576706662643e-05
7.380720338458724e-05
7.493037502013654e-05
0.00011097684781538283
0.00016981552474857912
0.00020622949932939074
0.00020886460146824412
0.00024632288201223494
0.00020774856066748992
0.0001581074201227989
0.00012921153651194916
9.864306336462119e-05
7.946141836317901e-05
6.134158440775477e-05
4.500240991078111e-05
4.204833351369685e-05
4.189132858925468e-05
5.065571257177625e-05
5.614267810898152e-05
6.154381669782814e-05
5.308024094059741e-05
3.548653398514051e-05
8.004727519173526e-05
0.00010693905905763796
0.00012645039187877212
0.00014967652512886407
0.00018681883677817437
0.00021088251208246868
0.00023127626632762362
0.00024865026062191955
0.00019134904916740924
0.00013792717770409464
0.00011195611532666995
8.490394486202789e-05
5.392600977913592e-05
1.9362221422454294e-05
1.2778047331632326e-05
1.787169069155377e-05
3.622749025302234e-05
6.068689172856384e-05
7.856147495121038e-05
8.55227349519429e-05
8.424437610471061e-05
5.885216786847942e-05
5.516996166576927e-05
7.629234087844836e-05
0.00012370538562311628
0.0001161173900045988
0.0001035391614386246
9.529352704797615e-05
8.586587319819746e-05
8.398172568929717e-05
5.559302821703981e-05
5.712548663201968e-05
6.290207689161128e-05
6.776861734247825e-05
9.9333118522647e-05
0.0001122240233901014
