0.0007869179300145231
0.00010237480427503071
9.365194267718908e-05
4.159770138839792e-05
4.0123871579251055e-05
3.277123690041586e-05
3.4940094422835166e-05
2.747727826727492e-05
2.6654340790455652e-05
3.087040917104508e-05
4.4352154306773066e-05
4.0778243098691915e-05
5.459667875877882e-05
5.0425513873966903e-05
3.639917426560587e-05
2.5338233563996235e-05
2.3739907590843603e-05
2.5379885150469535e-05
3.167890037873754e-05
3.3973087541747676e-05
4.13863917813124e-05
4.9110165514795225e-05
6.551431959521815e-05
8.467627551514087e-05
8.450350278096333e-05
5.621872239930922e-05
6.952088598184973e-05
9.713254925945289e-05
0.0001349788672557558
0.0001319628689978142
0.00015553202228692196
0.00017810601694492146
0.00021140585144353703
0.00022146582572191143
0.00018147573609432846
0.0001482964444716546
9.260331102232176e-05
5.947401891241921e-05
3.546434883953061e-05
2.2095426190878258e-05
3.245905496913198e-05
2.3891775288421544e-05
3.352132558795227e-05
4.132156628308696e-05
4.631941498356035e-05
3.583268970141559e-05
4.9185438715583086e-05
6.110796779449553e-05
6.451961855899309e-05
5.4879527233896984e-05
5.9612597612161076e-05
3.797602137162159e-05
3.5141732554746e-05
2.250717647195285e-05
4.161741920208971e-05
0.0001796592857177267
7.237166730940478e-05
7.361130117618935e-05
9.211235102837567e-05
0.0001180753504324038
0.0001421052489597087
0.00021761844766630527
0.00020440748703555827
8.48258385215781e-05
4.3566136374350976e-05
2.8415598892529842e-05
2.9278177477056156e-05
1.5779020474179558e-05
1.8566436919205085e-05
3.3426603150134616e-05
7.100477949605023e-05
7.132416483446865e-05
8.129852355502913e-05
0.00010471306012009843
0.0001524634827507098
0.0001997946770587222
0.00017948335036424811
0.00018980839327264453
0.0002320782003551213
0.00017289404063377254
0.00013544393684814324
9.40622988453711e-05
7.922040474811064e-05
5.638773484544711e-05
4.1444586486132464e-05
3.5772177668056654e-05
3.637648297919493e-05
3.611271379190703e-05
4.1297584356242486e-05
5.280500117136287e-05
8.054833329895761e-05
4.177158702826105e-05
7.565879022505993e-05
8.644994298314846e-05
0.00011495020578378013
0.00012996760883135202
0.00016007416889911807
0.00019499838439248154
0.00022144646535108848
0.0002361865308835978
0.00023705815980397415
0.0001749485379092126
0.00012514384454491298
0.00011143527496857576
8.401503235496058e-05
5.90008117343077e-05
2.8198814908984886e-05
1.8242678544774302e-05
1.645615402102754e-05
2.940457166946932e-05
4.058145577606925e-05
5.4647359366003115e-05
6.85221438750199e-05
7.86111878884988e-05
6.930070825110383e-05
4.947579280138814e-05
5.953926684971081e-05
9.25687282087649e-05
0.00011662068298987698
9.887406663291707e-05
0.00010703608265317354
7.26207422634416e-05
8.519328140226174e-05
5.3762202489617004e-05
5.8526364798965844e-05
6.304304639174929e-05
5.846535768506027e-05
6.388550914911336e-05
9.423665585742865e-05
8.345745652991691e-05
