0.0009404825747222988
9.178658149257616e-05
0.000115380467584803
3.124654650195637e-05
4.0876408854058864e-05
3.816912788418439e-05
3.146983186980084e-05
2.5889838258012437e-05
2.7491189149805683e-05
4.7501753973518884e-05
5.2388507581926306e-05
7.159250989667907e-05
9.333878111771862e-05
8.51094937318158e-05
6.11982593533993e-05
4.3816913450866117e-05
3.207086375447792e-05
3.135856434136329e-05
3.528989150846363e-05
4.770977716401642e-05
5.8339615199195024e-05
7.979652973473968e-05
9.666108412571128e-05
8.279187451158118e-05
6.773112522257511e-05
7.70768516625827e-05
0.00011444860203243653
0.00013528524428789115
0.00014250404951778836
0.00017258403352785002
0.00018947209323831715
0.00022832035929212585
0.00023082793549564895
0.00019971255535817075
0.00014906159821833628
8.242518233585621e-05
4.4410785755673665e-05
1.979798016550474e-05
2.5153938973326505e-05
2.4406424060336992e-05
3.77897718598611e-05
4.843333744748659e-05
5.198651019610864e-05
4.879277347718943e-05
6.005636903928815e-05
7.343672383198357e-05
7.020258491221993e-05
6.593758927807323e-05
6.376425696973193e-05
4.542126014900196e-05
2.8350683814207334e-05
2.5207404539025262e-05
9.18644840749957e-05
0.00017293006696044545
0.00010454362760866628
0.00012200536044471869
0.00014147757926971842
0.00017102763506290743
0.00024582040605986195
0.00032451072063735157
0.00013961500203217944
8.037522000892441e-05
4.4080312192893964e-05
3.675876285907107e-05
1.3014043417843462e-05
1.691463539022073e-05
3.4409163585071286e-05
7.100128477277773e-05
7.21329425777212e-05
6.738385294445517e-05
0.00011297769669456524
0.00017384092576422643
0.00020734081424687826
0.0002223097794229524
0.0002570480257205777
0.00019180043460087008
0.00016084720864738015
0.00013428118843063902
0.00010783481314712624
8.752373588019536e-05
6.85145244557786e-05
4.838120310596708e-05
4.5640547480323775e-05
4.537250844911428e-05
5.6774679069012856e-05
6.13769329381252e-05
6.781252026017314e-05
4.034963486792913e-05
5.562127157637085e-05
9.43063881031601e-05
0.00012198362796368947
0.00013378989952221774
0.00015963785125992802
0.00019593826036438513
0.00021614284340056234
0.0002491623102738439
0.000230580713990362
0.00017482917052649903
0.00012921640224902584
0.00010126465456962303
7.365354571994874e-05
3.2195079869030585e-05
8.546027011954315e-06
1.6395091702923028e-05
3.07044800955813e-05
5.465520341159223e-05
8.340473341150318e-05
9.545685916717178e-05
8.947164637776724e-05
7.100773110498496e-05
5.527024905474445e-05
6.851382910735066e-05
0.00010694672973041725
0.00012609065292617586
0.0001075011208323184
0.0001108209909918851
9.414380994745993e-05
0.00010492744250743401
5.396071026755898e-05
5.387176594208163e-05
6.944333911056883e-05
6.907209366810533e-05
9.625246787904441e-05
0.00011979237189813252
