0.0010709921299127613
0.00010554193051159037
0.00013520246386552223
2.5432199682236213e-05
2.834516536859137e-05
3.641149328587016e-05
2.36254478029495e-05
2.593298100814182e-05
3.3636871516313985e-05
5.6809504067260775e-05
7.247440934839966e-05
0.00011122473466648683
0.00012936815396280047
0.00012270119083437948
0.00010516206265962871
7.541689041726428e-05
4.9210804535885705e-05
3.6644110107540676e-05
4.472008335259738e-05
5.5583741576601626e-05
7.460537748562525e-05
8.82095323546709e-05
9.466816777786827e-05
0.00010198047200740919
0.00011982021582950206
0.0001445246134684363
0.00015829701636266253
0.000151272614590708
0.00018022932809503227
0.0001964882653062173
0.0002413008838883712
0.00025650712734704985
0.00022895299092698268
0.00017605899225638897
0.00010313393781341462
4.875428942736031e-05
1.8680532627843368e-05
2.4576619096433634e-05
3.0093962130248425e-05
4.8167044910519295e-05
5.248479039199994e-05
5.822001696530377e-05
6.0706858709326124e-05
7.433665758190615e-05
8.010972133007884e-05
8.046209259417625e-05
7.415632199979746e-05
6.160506501120516e-05
5.293970896781306e-05
2.509293801252323e-05
4.5339394982827865e-05
0.00017902276601623507
8.35739487715823e-05
0.00010814736862082078
0.0001383948337826662
0.00019087706659638522
0.00026953279713019503
0.0003658710522512258
0.00020442611709778956
0.00011232140762512864
7.674555901414082e-05
5.618372893496694e-05
1.8478060674692472e-05
1.4825195712422185e-05
2.6908405645685062e-05
6.626229646039232e-05
5.910838311985124e-05
6.252137869810623e-05
0.00010884801479036679
0.0001751616272036651
0.00020916249087839925
0.00025065549265094957
0.00022821849580178947
0.00019306866169164968
0.00017711796432656675
0.00015204994886114243
0.00013039197490335126
0.00010761741478763045
8.714709920733545e-05
6.0489475520955704e-05
4.86734498948767e-05
5.3911553785559327e-05
7.247773176144792e-05
6.885609626663552e-05
6.557092382975114e-05
3.687484064665099e-05
7.063324290295163e-05
0.00011671210722366719
0.0001359580609688842
0.0001548408662728956
0.00018766470316062596
0.00021279454878344066
0.0002518334623805516
0.00027241050866411804
0.00020421021364464407
0.00014725031130622326
0.00011500688633719692
8.702268566150146e-05
3.931706504394336e-05
7.873476250331273e-06
1.3597053345760015e-05
4.0077785679486845e-05
6.722517450494825e-05
0.0001089202600533115
0.00010866305856191079
9.931960226001262e-05
7.339543277094527e-05
6.0408867608934046e-05
7.915456428961746e-05
0.000124100169876575
0.00012660119904463912
0.0001211134449795399
0.00011221615025484749
0.00012365298071163799
9.665376872416426e-05
5.538481717511408e-05
5.9132596991914524e-05
5.805905734076174e-05
8.194901692840156e-05
0.00013420357009081012
