0.0012716337981555754
0.0002283137444409073
0.00014800728862609651
6.88731510245577e-05
4.308671963219323e-05
3.647434668811021e-05
2.5389249339029743e-05
2.4694485212979226e-05
6.126590650002682e-05
0.00013147078711615693
0.00023710779766350113
0.0003740615460670979
0.00046309461516852993
0.0005049125740445542
0.0004688574851125467
0.0003973432904974347
0.0002995966060749741
0.00019700805166706918
0.00011621738804710545
8.58471171388319e-05
9.596441074799831e-05
0.00016770076916224362
0.0002334489350358681
0.0003148955019575381
0.0003443364190995951
0.0003364659825463483
0.00032189430609004223
0.00032133792241819645
0.0003368784488980346
0.0003543428215445727
0.00030617688898127153
0.00018602820151141018
7.406068331883338e-05
3.617755625235146e-05
3.349462520267783e-05
6.484767129031172e-05
7.20162719301501e-05
8.407751566622267e-05
9.909013060373258e-05
0.0001321330961739446
0.00015515628613485178
0.00015231113969615896
0.00014777373011082238
0.00010455725110044847
6.52072219145799e-05
6.77578009450657e-05
0.0001549274663854735
0.00011916062051793724
0.0002098739798789666
0.00030322637525803306
0.00026251839914888744
0.0004029294443008736
0.0005175837247819097
0.00031744167814218006
0.00019081135002888043
0.00014898595237546164
0.00011277950418378408
9.747026752615208e-05
9.898888337789414e-05
9.976636138137451e-05
6.587661108054022e-05
7.990051583845515e-05
0.00012138902352708984
0.00016808567429169851
0.00020788722614443662
0.00021978919906637086
0.0002634314896599437
0.0002765791127695079
0.00033796446541307885
0.00035377302205232003
0.0003315628503202733
0.00030163188191332504
0.00022476463391081546
0.00015421613103264992
0.00011776531670793678
8.580012716160648e-05
6.834859502841642e-05
8.783512206713781e-05
0.00024230700185486916
0.00032960734147967976
0.00034367931343267006
0.000286780869574385
0.00028576079575014023
0.00027806494307903263
0.0003037713827198751
0.00030278725456381133
0.000247591688247283
0.00019093435198427536
0.0001416109006921498
6.724021435728603e-05
1.873909666351387e-05
2.6995174100372453e-05
8.472320619923849e-05
0.0001355629143788344
0.00015690980282716935
0.0001614959805701691
0.0001447782342069624
9.969251788766666e-05
0.00010004536851089948
0.00012621296542127944
0.00014912457418684712
0.00018711458649751158
0.00017591085456912845
0.0001713866658162829
0.00010217473747868607
8.425776298971823e-05
7.555639434250236e-05
0.00010362876348314284
0.00019903471388391968
0.00016587818477536358
