0.001358641113560342
0.00018371896615413728
0.0001658745292954409
5.4372523437959786e-05
4.202507480459076e-05
2.6612003807994578e-05
1.9710261899671874e-05
2.9118024223373837e-05
4.647273324881183e-05
8.488862967046256e-05
0.00014334182301619264
0.000217964825747803
0.0002827512949645012
0.00030082690550806715
0.00027956890969505345
0.00021920505682518975
0.00013267043634621956
9.280368168208968e-05
8.002775426864092e-05
7.528464514457076e-05
9.628870264914487e-05
9.614694863687444e-05
0.00014736957673446683
0.0002026981954079292
0.0002597136643607593
0.00026647288574954475
0.00024831836517947225
0.00024262586427127708
0.00026801741498381517
0.00030354642730100954
0.00029636164419205894
0.00025692046438986413
0.00016614600879875468
7.316556451653631e-05
2.8033962602954595e-05
2.107841330056528e-05
4.757732948898391e-05
6.740100878375629e-05
6.446296706485205e-05
7.993636817034839e-05
9.648386845792509e-05
0.00011921364972700967
0.00012235664765295856
0.00011955745595875802
0.00010779636893844113
7.139509295322214e-05
4.6292694012445e-05
5.1827831957823e-05
0.00016221876812789373
9.743642269108827e-05
0.0001526806604231848
0.00019774843060684402
0.0002387560290506671
0.00034848167990519084
0.00044847386677067397
0.00026277803187060557
0.00015996253068494928
0.00012487456904207547
8.932786474257236e-05
4.945862686750247e-05
5.345300317300165e-05
8.375418202606706e-05
6.690077180582792e-05
5.76567647511799e-05
8.469576479245575e-05
0.00014557920484917485
0.00019806251472155164
0.00025354356118348494
0.00022832932841393406
0.00022906152524135127
0.00022093649749649523
0.00023368281560380975
0.00022559858464443346
0.00018913352582362332
0.0001478137986026859
0.00010101737543428113
7.709139246490665e-05
7.544853664345786e-05
8.062458211915847e-05
7.892799064771115e-05
5.885779658270549e-05
0.0001285583901311293
0.00021086532030665226
0.00023531449688496674
0.00024000812256971444
0.0002383693200539226
0.00025511650700737933
0.0002935560901655189
0.00031693494046155905
0.00025225833655040885
0.00018299445084748767
0.00014508928660709195
9.492831223921595e-05
3.386104773070259e-05
4.337596211829678e-06
3.671548094543405e-05
8.311176669652217e-05
0.00012540437025826927
0.0001407770493767912
0.0001297197130419159
0.00011486355526428156
7.962207840058812e-05
8.672661041862955e-05
0.00011608817789646582
0.0001377079468597491
0.00015399999530433885
0.00015481735041399024
0.0001604376791361762
8.900040860250461e-05
6.465219848600892e-05
6.948127168602366e-05
7.826857195855985e-05
0.00012467183660286194
0.00014169374125711228
