0.001284087863673013
0.00013913446833091242
0.0001611796620377184
3.9628460228967655e-05
3.7307980982273177e-05
2.0735578253154185e-05
2.2076537277071903e-05
2.8247174008279786e-05
3.87610428113897e-05
6.754869576963125e-05
0.00010337403190090717
0.00015895701384849637
0.00018759518325832674
0.00019854208135617623
0.00017831689333520245
0.0001375894136314133
8.367531930467453e-05
5.2891827302587844e-05
5.595018622565637e-05
6.674137509484913e-05
8.00305939372938e-05
0.00010015351949852698
0.00010286927939569303
0.00012945943110112692
0.00016925210029757572
0.0002034909014227802
0.000198141871794906
0.00019362371440255187
0.00021071243330927675
0.00025164122521817753
0.00028345884836917916
0.00025969144747589894
0.0002093389187064816
0.00012993348391278817
5.785141655505192e-05
2.1936788147408673e-05
2.308712681542616e-05
3.809773282053568e-05
5.648693111481238e-05
5.617371949802894e-05
6.534930472760056e-05
7.665882469231774e-05
9.483576190555626e-05
9.633362867599176e-05
9.532901847006041e-05
8.910200659843079e-05
6.489318306038878e-05
4.569594010457242e-05
3.010495509568703e-05
0.00011218189541738579
0.0001476723746879905
0.00013269793723039633
0.00016013211529341534
0.0002019107904488582
0.00023870823412013747
0.0003641685636118499
0.0003117457681604658
0.00015896838820110857
0.00011772485214450647
8.407247991116832e-05
3.718204442291571e-05
2.384061560050963e-05
3.18334647521391e-05
7.404604930369744e-05
5.4052939781688874e-05
5.5500909074701706e-05
9.4927670520012e-05
0.00017013994743685388
0.00020973310827312612
0.00026215151266559917
0.00022249896216311728
0.00020554487632041976
0.00019392949255751967
0.00018261209615377948
0.00016430490198326793
0.00013509067954429736
0.00010779281029890478
7.579005223956617e-05
6.113047508137534e-05
6.365951337092805e-05
7.675631477054022e-05
7.88277563281327e-05
4.6038889302776054e-05
7.187900549699357e-05
0.00013837934270684055
0.00017325293509134907
0.00017971843742277483
0.00019174310616282923
0.0002188623403613203
0.0002501436197589805
0.00030310106325348357
0.0002484047528896184
0.0001869909794939057
0.00013643420479736402
0.00010885876727675382
5.738734818627819e-05
1.4949409276905026e-05
8.162144616309739e-06
4.4886378265426994e-05
7.84595287541758e-05
0.00012104522338089721
0.00012316513357556524
0.00011378823210632276
8.834718415845047e-05
6.841662266895065e-05
8.367810050097609e-05
0.00012680983271380944
0.00013083427220025631
0.00013842298822330687
0.00013243906789573242
0.00014192696888628528
8.45229488839757e-05
5.757757826982032e-05
6.969596390027554e-05
6.571313164105813e-05
0.00010248629953164978
0.00014329889560865019
9.522832330141169e-05
