0.0013378199103682552
0.00016003534058585774
0.0001646574094216932
4.8590231381979366e-05
4.271784179573948e-05
2.3966559199604327e-05
1.9217536182882557e-05
3.013406990973187e-05
4.1375120957161844e-05
7.337657331574514e-05
0.00012075866158194253
0.00018369226032942832
0.00023155956977379238
0.000245807968471371
0.00022351971096330566
0.00017789747998698836
0.00010528140319181983
7.135126830848681e-05
6.635665783190527e-05
7.458794023412516e-05
8.777251938000987e-05
9.095414885822776e-05
0.00011799901413072204
0.0001662339370367326
0.00021996434834875632
0.00023932278876418687
0.00022420414909320478
0.00022117884842038103
0.00023872975111227996
0.00027858870955319124
0.00028312321504703165
0.0002626029724493434
0.00019298316834043006
0.0001011968450384711
3.9009721483630007e-05
1.7130952685579456e-05
3.193786483896944e-05
5.29181533887639e-05
6.176114559162833e-05
6.746713386928273e-05
7.476251641966541e-05
9.72127394595839e-05
0.00010744392493239987
0.0001092653098638263
0.00010123016331055362
8.632149553436283e-05
6.227579107424436e-05
3.5517025109555764e-05
7.544447908068423e-05
0.00017841958744427218
0.00012464117501882098
0.0001892010852148363
0.00022459135125887797
0.0002195816748299893
0.00035142387037225253
0.00042255636791517975
0.00022369560855225098
0.00013846689723514448
0.00010808989268710532
5.9343341334577876e-05
3.622072619465944e-05
4.391358337673191e-05
8.077240709690383e-05
5.7335009867694145e-05
5.491127141052393e-05
9.160199639458775e-05
0.00015602408551069555
0.00020472677481102992
0.00025662615527841895
0.00022573887104970915
0.00021622733702576777
0.0002030879036468375
0.00020269079980596695
0.00019084543220467456
0.0001578464979953182
0.00012351408521085204
8.56071335143943e-05
6.796001830706782e-05
6.890993627880576e-05
7.865637001361738e-05
8.362248217374977e-05
4.910847154034958e-05
9.914686286795505e-05
0.00017489963886649574
0.00020286062646129903
0.00020808273230924824
0.00021325830010081548
0.0002350557575600633
0.0002712446084636145
0.00031525477544017285
0.00025243457412046173
0.00018490706535919077
0.00014226625363302628
0.00010394371692389962
4.432502566761301e-05
7.713300375749597e-06
1.7325410686715837e-05
6.63670526977758e-05
0.00010209198661086326
0.00013536376189874738
0.00012410673258171656
0.00011677012839615548
8.259674229547869e-05
7.359440897698021e-05
9.552807773821774e-05
0.0001418549997950787
0.00013257174373745994
0.00014620456482068863
0.00014256058763221455
0.00014196217990045413
6.555985829114828e-05
5.329810658527989e-05
7.1648708356161e-05
9.035298940276561e-05
0.0001621744941184766
0.00013865280771634418
