0.0010031242094415375
9.840461186395082e-05
0.00012347386441778513
2.432470384455238e-05
3.592873717170027e-05
3.8166804653968077e-05
2.8447479256719675e-05
2.5877104853792647e-05
2.9927515677663968e-05
4.999468529924527e-05
5.792175377187729e-05
8.775385530107203e-05
0.00010851107755080179
9.82030703797035e-05
7.895925124357292e-05
5.497121000603472e-05
3.754285530153252e-05
3.314412368111513e-05
3.767145079323579e-05
5.067806683044097e-05
6.553077293715785e-05
8.330558459153161e-05
0.00010739743979442659
9.067838969477562e-05
7.785852155261944e-05
0.00010265580399040696
0.00013095422836180673
0.00014036793708341853
0.00015604611886582925
0.00018261120772220375
0.00021526170060920873
0.0002514271228117315
0.00022927838245392898
0.00019370622766713211
0.00012559757228756675
6.985504102844029e-05
2.9081328581863725e-05
1.7335173489927075e-05
2.5180401484121586e-05
3.266082853306059e-05
4.7830046057451873e-05
5.372850211910964e-05
5.302297611667903e-05
5.995176331094755e-05
7.60899080227214e-05
7.725248807429144e-05
7.305319731240319e-05
7.389943830346055e-05
5.0758429293744356e-05
3.93151749800359e-05
2.3284899376832414e-05
6.651085819927899e-05
0.00020246228825828816
0.0001022926320363519
0.00012641177250777595
0.0001528785529555434
0.000185272519144008
0.00026163488281652844
0.00034573707886154716
0.00017229156326918903
9.407145483585849e-05
5.8826493518857836e-05
4.551727133882973e-05
1.3687872101831614e-05
1.640575107153576e-05
3.0469227802488535e-05
6.901201395229038e-05
6.548411989739652e-05
6.483941723953247e-05
0.00011404824491495777
0.00017527888157323361
0.00020785314985648234
0.0002363063558763273
0.0002468576991283035
0.00019314676678300035
0.00016812414097125818
0.0001398266290634416
0.00011667453731576393
9.621326870486914e-05
7.681931379922869e-05
5.326109771263097e-05
4.438759329788904e-05
4.990285019858598e-05
6.410541210281648e-05
6.456731323555329e-05
7.275046579130736e-05
3.265678906929844e-05
6.502057554252867e-05
0.00010628631203749632
0.00012632835568131783
0.00014420498223034542
0.00017156104871249273
0.00020232249484387763
0.00022773547929880595
0.0002760367639357404
0.00021696011924189406
0.0001600086625139603
0.000120058718816169
9.313462281725445e-05
5.639562394256419e-05
1.6519236215724554e-05
8.23083652930194e-06
2.3947879634769053e-05
4.7952248682419456e-05
8.048118220132678e-05
0.00010364917010438995
9.813293113805777e-05
8.565061148264182e-05
6.180028626271244e-05
6.261403996669663e-05
8.470278107081803e-05
0.00013397946004324615
0.00011611525862456067
0.0001234871887071528
0.00010031361370625935
0.00011813450198699634
6.432431349062207e-05
5.273391280983734e-05
6.67125219909735e-05
6.349711625501766e-05
8.472130765335944e-05
0.00012674955902702392
