0.0018913399314040744
0.0010124157632213815
0.0005951768435413457
0.00037970069950289437
0.0002601173137624932
0.00019293504218449796
0.00015840612734000975
0.00014184527671022188
0.0002777771002577471
0.0006962661742686348
0.0011454722330969157
0.0017810994731008183
0.0030289817655894426
0.005381804240601905
0.009932305582495747
0.018784868655366483
0.04091671554563448
0.10042974742768296
0.20477554631896594
0.7666765354058206
2.2368416208199093
4.698721040600938
7.766133854098687
10.695562002390215
12.073833462805721
11.239656439535187
10.222943777688482
8.446706274357654
6.298703896538868
5.093265514401567
6.281405711805067
7.86115501978922
8.162553398152376
6.989662837487044
5.791591718381155
5.257214078984854
4.022306072079942
3.1510785916891995
2.3261789231704513
1.8609140854103048
1.2708072938668697
0.8252532268912957
0.4078557110044809
0.3148578696124996
0.2688775070631727
0.21211953079491846
0.19247745008531053
0.14284269519851517
0.09015388989245196
0.0412199766611556
0.014514225619184687
0.003972150519576742
0.007831721083914571
0.015116866446484297
0.019751794389331886
0.028275461315506144
0.041139248443429983
0.06203152430358248
0.11380054628416011
0.11834623534996203
0.08646692244612642
0.07765548715884606
0.06529872251733143
0.05676808778667303
0.056348319560353355
0.04932289145238513
0.048770802146420426
0.03738541211595806
0.030615706690036507
0.01939070251643261
0.014463068979681443
0.0094839909097287
0.006504123526106035
0.02580133415060082
0.014781689995461597
0.025202189675672854
0.04057003750069619
0.09814816105210712
0.13174922068639772
0.19865025109737897
0.24795408377784736
0.39832550307051906
0.7306611417699505
0.7561548008840633
0.6629960328820248
0.39865395210154936
0.37054559845211993
0.5645340098867245
0.37211755222227466
0.33065565673287056
0.34491219546165636
0.38712174482560785
0.40186280712713496
0.3457162165236256
0.3393832140308527
0.2738929590701388
