0.0012724715414378144
0.00025893670919401675
0.00014866078015453844
7.821264144425976e-05
5.615474432494133e-05
5.046399821885077e-05
3.839590024221534e-05
3.13872704711066e-05
7.912932717011291e-05
0.0001674005877897842
0.00031834698471440144
0.0005016140050035439
0.0006217002737614753
0.000672699805238463
0.0006643456111912604
0.0006072460261777198
0.0004967178064137267
0.00031820175739416176
0.00013912524175324002
7.296579838220047e-05
0.0001640463938356094
0.000210321087247876
0.00030954422769177356
0.00036628385716609566
0.0003928994963367903
0.00032876142026316195
0.0003123282586235566
0.0003520621448445218
0.00037698764639119335
0.0003542770647079446
0.00023983743386284134
0.00010939319541060057
5.610893426783907e-05
3.093082485294208e-05
6.602372880767144e-05
7.136944875362367e-05
8.999433282158394e-05
0.0001128056691853102
0.00014255938064882296
0.0001744647096319722
0.00016258948586088577
0.00015898152134705265
0.00011437701246658246
7.513564936144903e-05
0.00010166723891741428
0.00020415442732922199
0.00016543355033701116
0.00028455361180138207
0.0003676427017309746
0.00031641641511890125
0.0004583640997892686
0.0004826209454536217
0.0002813380952419628
0.00019956169438000443
0.00016922744870786715
0.00013764059484735254
0.0001158283261675153
0.00012665335314642758
7.431621041696234e-05
7.359786375769844e-05
0.00011805761155457357
0.00013841814710058357
0.00019222432958403715
0.00018978723834902963
0.0002539094013101255
0.00030384367294243944
0.0003876478288244273
0.00045025576267958387
0.000454085999558517
0.00045686932669472026
0.00037330530832823723
0.00030660563075117297
0.0002123596783453114
0.0001228813153154338
6.409584372367017e-05
9.1139407507859e-05
0.00028745950809432096
0.000356125556782775
0.00035599978032465696
0.000276578353858625
0.0002870231573805143
0.0002670904108853792
0.00029562299904198493
0.00030149574051294083
0.0002575213946260852
0.00021006792081723437
0.00014688616438052795
6.338853509359522e-05
1.856786905081914e-05
5.327217762736088e-05
0.00010819738809265606
0.00015015186063638977
0.00016566723875669428
0.0001736573422203681
0.00015277857371844786
0.00010985528898262273
0.00012302299445787236
0.00017024216811561393
0.00018484600763789494
0.0002003454594101552
0.00018916746144851423
0.000153585892071288
0.00011011824758207858
9.323310268430089e-05
0.00011061044595449554
0.0001913739676458776
