0.0014677893516979513
0.00048249323799300336
0.0002348881586490743
0.00013231139377525012
0.00011156338594542051
0.00010668899741557168
9.62013024199199e-05
8.201283229721139e-05
0.0001414456777305839
0.00033580462786933333
0.0006650835444640552
0.0009815713938141808
0.0011688543364525782
0.0013781132187269246
0.0015522054627920222
0.001502007099932174
0.0010662782887005872
0.0005897671572575106
0.00031757831113257955
0.00032203410035151276
0.0003002248292326155
0.0004189919058310721
0.0003777284519183516
0.0004089579104954598
0.0002921086699067136
0.00032526755177256683
0.0003684986361378549
0.00039641011458460725
0.0003499321559040896
0.0002068840329304722
0.00011784045470371524
5.5958421071701305e-05
7.598562632802822e-05
7.616820209208526e-05
0.00013188926833404747
0.00020104115490185057
0.0002651004696570228
0.00027479231782554534
0.0001777418506204684
0.00016289662576723165
0.00013352074638915213
0.00013827361804096696
0.000253175005673517
0.00020077584792401452
0.00028710848629418727
0.0005225614661654158
0.0004841445289319314
0.0005471177574784372
0.0005991269576357734
0.0003609538406555054
0.00026362016154789675
0.00023165591950779802
0.0001412650684206606
0.00015648692376441675
0.00016149039506563865
0.0001109593992491611
0.00014574432577901434
0.00017426461985305087
0.0001723694831647638
0.00016703252873148024
0.00023009546081861792
0.00038044748840143416
0.0005238354538767616
0.0006859959248740274
0.0008892596435896998
0.0010542699596423131
0.0011316229352980893
0.0009937024771194507
0.0006819395163937918
0.00036972770084667955
0.00017390663783207176
0.00037538557713657757
0.0004778353910853626
0.00037146471703513944
0.0003594219714762156
0.00027004470453121456
0.0002845175575865833
0.00026991465864642397
0.00028262860384318356
0.0002633853881397601
0.00024814019851041925
0.00019219979867870747
9.370028346929573e-05
4.4578223364077755e-05
7.420898523898879e-05
0.00013751194196732098
0.00019360306498701993
0.00023798947843753015
0.00021035314419046933
0.00018655024029305532
0.00014740183545179978
0.00022377364496803634
0.00027530636179403663
0.00025723571037241527
0.00023989011310944473
0.00022244592275245297
0.00017897965353816004
0.00015811142154052707
0.00020311895667259554
0.00023995395519966313
