0.0013103959666612443
0.00031620485473659145
0.00015263731718463067
9.021309920304008e-05
7.127428629771975e-05
6.986478120872142e-05
5.6951848133477e-05
4.1733546567732976e-05
9.249456392417209e-05
0.00022207844717468816
0.00044177429008385226
0.0006592850143076492
0.0008318411052445342
0.0008979185188550107
0.0009270376020250845
0.0008730198140881302
0.0006786414394904054
0.0004081372900798361
0.0001569253093926508
0.00010850042586038745
0.00018127811251414353
0.0002748852006417541
0.0003699775993102739
0.00043518260097047027
0.00037784986836989247
0.0003013705185005113
0.0003249651079378346
0.00037074504100843115
0.0003870168573980638
0.000318114379982307
0.00017347285504461094
8.700787979928933e-05
3.8375742312867456e-05
6.683148963606279e-05
7.106384267748279e-05
9.563342532991067e-05
0.00013568633725612026
0.00016536380661942004
0.00020908939363986038
0.00017307482667671222
0.00016248168871050743
0.00012747912632138486
9.101540551841833e-05
0.0001312965136752903
0.0002513479472106792
0.00019604455265241822
0.0003633459000589496
0.0004128022896684943
0.0004074694550208148
0.0005278925349043961
0.0005047238658213967
0.00029056038781130925
0.00021771452030867178
0.00020285275723462874
0.00012578307130925982
0.00013838654488185063
0.00012935838728487435
7.313080941106104e-05
9.865112814224696e-05
0.00012910357342195002
0.00017546495267719173
0.00016484604397924824
0.0002091241642421652
0.0003102602507116925
0.0004076652608198839
0.0005252178649072151
0.0005710048107102862
0.000637581608474942
0.0005801543571938833
0.0005167651389141158
0.00040259417128167557
0.0002441369943102311
0.00010052027067732686
9.998158875271565e-05
0.0003145626293708855
0.0003692549575705466
0.00035619546545352925
0.0002865713073425142
0.0002734241353877728
0.0002691594237258688
0.00028062710573497615
0.00029613903111649876
0.0002608427186861898
0.00022786406979757488
0.00016328859829869437
6.910051191725396e-05
2.6461795955995446e-05
6.86129853850965e-05
0.00012799102413709362
0.00016567167875273963
0.00018536869247121052
0.0001818460865301095
0.00015439162477855493
0.00011968669386457656
0.00015946399061021117
0.00020043710599722982
0.00022943517232954262
0.00021766164946585527
0.0002282236542661037
0.0001494624922062495
0.00012705132662109008
0.00011993880451610265
0.0001724972511467636
0.00020453186590401923
