0.0016504880917358983
0.0007523935029284635
0.0003907469229334897
0.0002273855973576444
0.00016810884654562647
0.0001412268774195568
0.00012948239743540185
0.00010603862255937252
0.00019103485287631534
0.00047487573648938666
0.0008764536481556466
0.0012755256572244947
0.0017494808718607293
0.0025636251152439523
0.003555607718003768
0.004491332401259643
0.004885976614893704
0.004652765116766598
0.0038606772388807675
0.0029399963957746967
0.0016051380340199024
0.000816784455693579
0.0004970659164471913
0.0003605895378576354
0.00032342343481323694
0.0003372129548988593
0.00038333843796855427
0.00037278547067721513
0.00028619152074564483
0.0001559768127244393
8.192997410936624e-05
8.699283265092683e-05
8.27718470260481e-05
0.00013223858483889489
0.00023023777723005776
0.00031672709050443656
0.000351005898234515
0.00022113795488455036
0.0001823231979314268
0.000161945983937375
0.0001681014408429878
0.0002960270577837793
0.00022791218440907024
0.00031524760102432135
0.0006001715178791156
0.000563814195796006
0.0006147446266686202
0.0006563566646943163
0.0003486103995003063
0.0002919443848740735
0.0002446539044042352
0.00014833614743319916
0.0001732069710942386
0.0001682728643562601
0.00015724666965573507
0.00018821349927996195
0.0002243130892055556
0.00017420079631546412
0.00018919178484380294
0.00028776707884114024
0.0004574333431325312
0.0007072724712704413
0.0009756774458409114
0.0012730723483078406
0.0015529071843585344
0.0016702101245791052
0.0014139368287648898
0.0008817978695565022
0.00040869184010315174
0.0005560189524264429
0.0006173348031577357
0.0004429689805828195
0.0003932277522721816
0.0002920209260356402
0.0002877312256461843
0.00027310539375670497
0.0002676441077901245
0.0002715115869750727
0.00025755853847223063
0.00021082655630335134
0.0001094227480559175
6.465583361715256e-05
7.86483463274161e-05
0.00012923132656959683
0.00020762295755024702
0.0002712727979718678
0.0002505903030903378
0.0002210869917840426
0.00017606743956079723
0.00025768829561983217
0.00032115697723007563
0.00028984994283094104
0.0002958268493138028
0.00025231240071915315
0.00019599123606315707
0.00019183351948708093
0.00023251832830892795
0.00024867434733650504
