0.0015514640042554619
0.0006100506818494827
0.00029715238505455824
0.00016135614639851547
0.00013449519158916114
0.00012157409266588684
0.00011338586697079211
9.5285953123853e-05
0.00016195402501728123
0.0003938601708674918
0.0007518114274026139
0.0010923535102474002
0.001389425746019733
0.0018334043305333456
0.002270969191227221
0.002330169976641114
0.0017831249592273795
0.0009831951551868437
0.0007043217652946242
0.0005184678317811775
0.0004104562952825019
0.0004357953018734822
0.00037836860401873403
0.0003760782005895629
0.00029665929045684966
0.00033105505116025227
0.00037207755367451017
0.0003930771791442135
0.0003266621922313155
0.00017393975901897876
9.593888082884557e-05
6.637772879183999e-05
7.627124732781467e-05
8.987396122230414e-05
0.00017568433035471077
0.0002608612911355231
0.00031825171759645933
0.0002554096713151317
0.00017808400874887016
0.00016400360898038277
0.00013795097482939813
0.00019980072419550655
0.00032594193014550283
0.00024340610234810638
0.00044496851265290614
0.000548525766120318
0.0005612990909480763
0.0006666176550652866
0.0004962873931408146
0.00030708707407042644
0.0002771445956117333
0.0001921091923221705
0.00015121361055066268
0.00017552815838455186
0.0001271637449403412
0.00014369399909653098
0.0001792331896487519
0.00018188684755443028
0.00016394933071495194
0.0002010789179501829
0.00033195611686407674
0.0004871925618834495
0.0006931132608940677
0.0009328841966371533
0.0011729665883923092
0.0013525061418280145
0.0013398217069286024
0.0009916412548706059
0.0005861916286997844
0.00024323201390918068
0.00048002077115433966
0.0005413741095190467
0.0003996546320390578
0.0003753239388529996
0.00029588763192929133
0.0002921492354824152
0.0002729444363214253
0.0002766759992854794
0.0002652368874050733
0.0002510427833735041
0.0001990813219911498
0.00010095468545041119
5.3585659011746225e-05
7.621627716924084e-05
0.00013405336291822864
0.0002007472694708891
0.0002536868562032632
0.00022741843643430342
0.00020098112249207793
0.00016066508214125004
0.0002400500013473326
0.0002974755751550785
0.0002645886505003417
0.0002643487927306433
0.00023328286649669538
0.00018978904027988733
0.00017348791527576891
0.00021890108741035082
0.00023774483747712472
0.00028682069905186476
