0.0029340067658774564
0.0019802397083100564
0.0012237716806988179
0.0009052256579032818
0.0004337226922445901
0.00028924174263073987
0.00017589152415543419
0.00026402268882502836
0.0006696555699945177
0.0013639088095467272
0.0028232747834483875
0.006576345312743619
0.015901240541715923
0.04669175945222596
0.12402510731256192
0.27954404796787535
1.165645475589296
2.919430389423205
5.472733780321002
8.43588866700582
10.744802661770379
11.15128085370933
9.564647178537667
7.713279303450232
5.279554664490662
3.2355005045003686
2.3238835665668063
2.469270719638512
2.067312631774584
1.7286383912531549
1.3064775840275686
1.3032634783541417
0.8309180776259429
0.9680737171268397
0.9235142825875974
0.8074501747030957
0.6809896284294534
0.5567571402867024
0.3168951201280804
0.1582283973586308
0.06643243525247446
0.029996948046943563
0.010563859821499436
0.006603977080986884
0.006401253769853996
0.008967482125945132
0.009864842255158318
0.009507254777059614
0.007306835544634193
0.005692649938174379
0.005315578717782474
0.003089733731547025
0.0016169381276454093
0.003188686212345371
0.0071098587552282395
0.012317335825264978
0.021627493388272544
0.030702018351313767
0.04157409281704953
0.05842566606489549
0.06803000413110402
0.05261385066432699
0.053922668401377834
0.04263744524611519
0.03738272973700681
0.02247357839448423
0.017624545683074085
0.010581444207128225
0.006114445910330358
0.006911197742053997
0.005332904323294871
0.019560353655650564
0.018508609980906438
0.07571470353543919
0.09252579631237459
0.23203276081564692
0.1937684086831992
0.35146504226007574
0.6176567695455721
0.5111250305494465
0.31865566357348174
0.3491714847116526
0.36358733510220986
0.43648872509963155
0.48371052835680806
0.42684669738020453
0.4839614890110777
0.3502921937577752
0.21147970348166967
0.18833299628881417
