0.002027699185629125
0.0011014901875042596
0.0007098756158454347
0.00047882046652919627
0.00033579912846828203
0.0002286942622160711
0.0001729367340026093
0.00016839955353945867
0.0003577462558768651
0.0008030585226720567
0.0013633409715603805
0.002281895544614662
0.004236515622302336
0.008391642788387254
0.016026295130844335
0.03569144426476542
0.09219805756886851
0.19216339171071092
0.7214301451405823
2.1635561981895854
4.441947864587924
7.448522551293795
10.526103628511406
12.206304334466562
11.656444788822117
10.785295930360618
9.125686424711127
6.92238379271433
5.425174806511899
6.393351376670756
8.11598800558523
8.63032941503615
7.593174082545637
6.0131623495494635
5.288528970693904
3.927941196063276
3.5034273668904
2.772899634216374
2.4732462280166847
1.6545049806742718
1.1502190880637804
0.9333203938511089
0.2694481449371137
0.15360432564548085
0.17633490059970844
0.20256819480553948
0.08866203593357798
0.07385104372975937
0.029399464437970455
0.009295696510368134
0.0032384987830954936
0.006816329879882767
0.012851983781060469
0.016315545596167116
0.021651421288248554
0.031307168700690974
0.047166329558848384
0.07346751421034664
0.12930079517044807
0.11388368454436396
0.0718558742375267
0.07670007746592641
0.06416443605604495
0.05253346811992309
0.05838867381877977
0.043853997883892534
0.042800988762174835
0.02654853245217315
0.022024941934068665
0.015611589531018174
0.009032888656063952
0.007165263221088713
0.008418650762083214
0.010123190186198942
0.020156461353296906
0.027056679539499223
0.07732288766600309
0.11533329848671472
0.17426338801740437
0.21915424327364744
0.2608944915081884
0.2887625814124304
0.2877976613746237
0.2850459350112326
0.2987856437023799
0.3399370737278506
0.4324888066161729
0.4904370873691418
0.458680751558243
0.48345434730402814
0.5244776511824645
0.32776165266381285
0.32265540996141384
0.2878102353015819
