0.0035261244868886256
0.002789307968780013
0.002074821502419874
0.0012937592432008542
0.0004987453466749871
0.0002801238195176176
0.00021387337846393085
0.00043442449460600615
0.001053489904753771
0.0020942369838323044
0.005006375798774397
0.013252103526626336
0.03862870080561326
0.10286096066221095
0.2223066319410805
0.7946563348565328
2.2212229657047455
4.520549754591744
7.419228165641466
10.172725144389698
11.383924629625541
10.469294682039903
8.95662005184341
6.538535528626917
4.175674679551913
2.6531964679599556
2.32117587200341
2.658940060544923
1.928778671571435
1.5497752915063179
0.92199243566559
0.9198669423218562
1.036217364307657
0.9847068316360174
0.8289315054268318
0.6874632638001302
0.5703065619061156
0.359281264366825
0.1851576115391449
0.08426405130902398
0.04074435563735375
0.021153827520985366
0.010910246637228373
0.00858912190276698
0.005421878750653042
0.006469445255399603
0.006585680724263233
0.006270242535196946
0.005144537986092492
0.004000189230017226
0.0032625138746764358
0.005041695283042592
0.009550965074887046
0.01604222036468173
0.026671662025796565
0.04130316123759266
0.0629130482543775
0.09420470427361252
0.07784582626350214
0.05384400548643854
0.05982895677807523
0.043692267907377805
0.044357184679954545
0.02739817610730153
0.023215639937191095
0.0164139242841401
0.0091932140440797
0.005931882559204878
0.004358853156061996
0.010423215550450731
0.009327000586323984
0.029615661457134394
0.04959381392488303
0.11722287567852967
0.16519797203952372
0.22517451572999897
0.2807798194236805
0.2935704559172236
0.2995715354091037
0.33478663261815594
0.4228010120870117
0.4849239465086377
0.5148759293693569
0.4660258300698109
0.4575397862830004
0.37841481814306466
0.3239332399820073
0.30783428930434104
