0.004572467076240366
0.0030652497840143855
0.002766417803542384
0.0014893315330141207
0.0005575423477364205
0.00034242264856839533
0.000348320586901736
0.0008550728891624204
0.00183559003209536
0.0045420686767321155
0.011712760367343887
0.037166086124196786
0.09824056124145389
0.2229662303144084
0.7573562817850926
2.139605099864493
4.3611251820408095
7.21565424093793
9.970969636651876
11.228893331943087
10.375609127925609
8.820600226322076
6.425153852294953
4.08577398485216
2.6172736577630826
2.3581932351901034
2.745276707666584
2.0094678522312206
1.5727856724342388
0.9997537281884152
0.9667683090405996
1.0492172565425488
0.9583069057993949
0.7791602337715944
0.6355086939703671
0.49771052855855097
0.2993218712760511
0.1625172353181103
0.08174399484561529
0.044087275453953766
0.027415448155303272
0.01919251612193197
0.01384474949477028
0.011375817021483622
0.010382283320636648
0.009494377779584196
0.011413421481644936
0.013402174568769904
0.017611021040154155
0.02525877073466303
0.03679761635044162
0.05393311000696206
0.10654812954547273
0.1294895136862057
0.08152911616120376
0.10980287441058775
0.06267798265259522
0.08838405793830288
0.052652500564189145
0.06219753769910597
0.03997911728142255
0.038241414478022984
0.0222701415453943
0.017032347428656794
0.0107877401084077
0.006095139213153908
0.002398384023227664
0.007402130236734549
0.0018783101472144004
0.03079505379385193
0.02205809100454618
0.11034288077129525
0.12216268814127852
0.21715467746244757
0.2463642694806869
0.28637194033443547
0.2831096500571658
0.3064250644683419
0.3762676443975396
0.4957351984669763
0.4702904539727387
0.5555805517145649
0.3840040867385068
0.26356569343951525
0.2282934578591456
0.17845352287233962
