0.0042051966048058526
0.0030114836922399907
0.0025848967855417408
0.001445194516219261
0.0005371179930109202
0.00031247603552272984
0.00029336341742815963
0.0006818642393093968
0.0015149962164055395
0.0035029914322297086
0.009608964744342816
0.025336965552619283
0.06700510116750494
0.16805818435665354
0.35384084909308816
1.3123866659695154
3.0821460582113698
5.6425611604850765
8.659953814180342
10.963437553632351
11.32814211960089
9.799711531452084
8.046165096031046
5.591834988054073
3.427692557695155
2.3411734163884885
2.3601960657540553
2.024310462730854
1.650444904147923
1.263867828646536
1.2439022500485506
0.8638756053300538
0.9776014880025649
0.8842113592082367
0.7561257175601332
0.6284916928696359
0.47296925086002867
0.2622360664078734
0.13154047478202568
0.06127782671197801
0.029727136481963436
0.014775129569044646
0.010831021058554446
0.007828027114906483
0.006411761706147072
0.005781749001499173
0.005445090972716362
0.005663463123566045
0.00623208329883921
0.008975994520000688
0.013733539327354105
0.022268851966871943
0.03356413218786029
0.053692604735591364
0.10291339849799529
0.107564370927404
0.06367218216898098
0.08646886200575135
0.06249744566462764
0.05661874182159198
0.047113485076523194
0.04254846746262197
0.02893640688964112
0.02404143819830748
0.014952177797639316
0.009433227655071161
0.013581733534533014
0.0028374268899528836
0.009615278256374694
0.007138568157404123
0.030246867737606584
0.04413635469241328
0.11244634416958556
0.1628222079890043
0.22574037594621452
0.27563044926729696
0.29290607576966593
0.31994140109477076
0.39412829802232785
0.46986057787178437
0.5263530809294449
0.49388063285327627
0.442066858547677
0.3460838159315361
0.3040949743690877
0.28353206077460064
