0.00219425106303289
0.00120571062357754
0.0008078858390269993
0.000576929788902421
0.00039490360222695575
0.0002611032671612896
0.00017399804282725354
0.000193558039115892
0.00043659592943778635
0.0009300914299631409
0.001645006782767215
0.0030746408659605767
0.006440905927274308
0.01393448273401429
0.03306696413991203
0.0862217157486617
0.17156092056937589
0.598020977991377
1.900999355142997
4.170511689769058
7.044893302036106
10.007855016989524
11.66675296593135
11.163651826335547
9.63670073691962
7.297030566791048
4.963488565882845
3.041037904852222
2.2515068656383135
2.2804230881391376
1.7909914885823468
1.333221237862107
1.101421105893695
1.1750950760581553
0.9847602013280177
0.9858962057045826
0.848810935509896
0.7158081085913159
0.6184726808413891
0.4201535275512396
0.2099043747167222
0.09282058737355617
0.04449757274198403
0.022369005104122267
0.008528717294340495
0.007586120053679404
0.005333956831189093
0.008253757549327008
0.00961099887681168
0.010123146924400897
0.009726700930237468
0.00847852031107326
0.006546575124981906
0.003048913591565623
0.0014496605194566274
0.002209160845688391
0.005347282367021611
0.009509753524675818
0.015966363304082045
0.022959054694218734
0.028429645417603497
0.03463126519601286
0.040954544524183914
0.045438697760910654
0.04418785945919113
0.034228097067706985
0.02893127591769623
0.018679991641041286
0.01447532794400144
0.008996847701861578
0.006718318864160337
0.019532955111108235
0.01094269908941599
0.024735519002373748
0.028441546960266274
0.08451576156472503
0.11723947743901905
0.1803982917957095
0.22127155888989414
0.2679828171970875
0.2982584715851864
0.29760808719850423
0.2900270688321787
0.306775784904071
0.3640682498677057
0.44703014274282094
0.526174024733391
0.4588225582417675
0.48611601854393943
0.5826762783865527
0.4082457321406654
0.5127053762947991
0.3474370964724519
0.25488118405505333
