2.2434910435316064e-06
9.67131211194778e-06
1.6000272047376631e-06
8.336710212455824e-06
1.4156262556503338e-06
7.866032453717558e-06
1.344329551683031e-06
7.612547675927856e-06
1.3062585316178543e-06
7.403365345946841e-06
1.1117080856840402e-06
6.901690010977159e-06
8.233896219333785e-07
6.187972677719283e-06
5.504738358486622e-07
5.379481906391277e-06
3.3202925940921814e-07
4.540005246705861e-06
1.95218885184945e-07
3.6851825652665846e-06
1.8524739504045146e-07
3.126800351405876e-06
3.08468821874158e-07
2.8144075772253145e-06
4.6937045526212714e-07
2.6137610660286474e-06
6.443143316190888e-07
2.4645120297255686e-06
8.080851685502643e-07
2.233274368866265e-06
9.879637101268082e-07
1.9966393124401314e-06
1.2039266615434016e-06
1.86811304060674e-06
1.3676260389393513e-06
1.8106096120849127e-06
1.4992306655379772e-06
1.7962113039275247e-06
1.6136655564275055e-06
1.810595417584028e-06
1.7115432795413345e-06
1.8452220328858055e-06
1.797646587356834e-06
1.8847607130165972e-06
1.8630634888263983e-06
1.927143574612067e-06
1.9236132053805355e-06
1.964131580505996e-06
1.949903917942945e-06
1.9746233755769517e-06
1.9723494608148033e-06
2.0251520848530015e-06
2.0511030820431395e-06
2.090514855354137e-06
2.1239217362879384e-06
2.1603689611745613e-06
2.1957851201784877e-06
2.2321354300117663e-06
2.268259934871586e-06
2.3049680647323694e-06
2.341633596307232e-06
2.3967970999470475e-06
2.4471417155563694e-06
2.500223243853827e-06
2.545495113408876e-06
2.5932215094478255e-06
2.6322555404095593e-06
2.624277652970772e-06
2.627613870922614e-06
2.628831133780318e-06
2.6300730836088442e-06
2.631309008677604e-06
2.632466994760006e-06
2.6337813949459856e-06
2.635239776023635e-06
2.636532330306628e-06
2.637624732105735e-06
2.6388452806606086e-06
2.623313625724675e-06
2.5500741677402182e-06
2.48316686195793e-06
2.4203310355947988e-06
2.3656395727796716e-06
2.3177755216468017e-06
2.2767301262688724e-06
2.2429897885229647e-06
2.2160442175860183e-06
2.1935930618436497e-06
2.176389742734997e-06
2.1647652772633457e-06
2.1567325949570374e-06
2.153407999713732e-06
2.1552066701832107e-06
2.1620312736864576e-06
2.1738533460089155e-06
2.190775599124961e-06
2.1983237733208725e-06
2.2127919879841456e-06
2.240846270334884e-06
2.2794884741295463e-06
2.3273927781214618e-06
2.4068713656536447e-06
2.5068377589304803e-06
2.599770898343709e-06
2.6946185420524586e-06
2.7926168389281063e-06
2.894006833958668e-06
2.9988857803033774e-06
3.107246105827603e-06
3.219005920287478e-06
3.3345320002780166e-06
3.453309953352145e-06
3.575853758137015e-06
3.701689909944691e-06
3.8322599583621925e-06
3.966973821483169e-06
4.105537042880649e-06
4.247884157304952e-06
4.393845865540593e-06
4.54353087510549e-06
4.696910354732644e-06
4.853961065810914e-06
5.014798746093729e-06
5.1793078509324655e-06
5.34733038974177e-06
5.519272200249185e-06
5.694537529025002e-06
5.873873990779798e-06
6.056874163660385e-06
6.243666593712942e-06
6.35792854720157e-06
6.449847524624449e-06
6.541969801805824e-06
6.6075953122323555e-06
6.6384987925366605e-06
6.685951192541344e-06
6.74824229842855e-06
6.816990385396617e-06
6.890911355995573e-06
6.96970839606639e-06
7.053215362870697e-06
7.141842249954013e-06
7.235312003946553e-06
7.333508055107574e-06
7.437027204872538e-06
7.5505335566103365e-06
7.67667399767292e-06
7.811330642464404e-06
7.937793177566098e-06
8.083347112616567e-06
8.245162581581925e-06
8.415712783059396e-06
8.559619988539697e-06
8.699765775195783e-06
8.850939347181124e-06
9.012293502234458e-06
9.184705999951694e-06
9.368253518429024e-06
9.563355727882805e-06
9.768915723222517e-06
9.98633670328856e-06
1.021402416775126e-05
1.045380121238327e-05
1.0706694981422314e-05
1.0998337116103386e-05
1.1311597402521121e-05
1.1626398569618024e-05
1.1952910322153085e-05
1.2286247510241498e-05
1.2629370799706846e-05
1.297916185569392e-05
1.3336929474755892e-05
1.3703806528701517e-05
1.4056972159551742e-05
1.4367690175982571e-05
1.47655547423785e-05
1.5150025033948371e-05
1.5565670204783392e-05
1.593780138381835e-05
1.6207509170344497e-05
1.6508053602027143e-05
1.6878113631842122e-05
1.7269530726128962e-05
1.769533764839071e-05
1.809662693778807e-05
1.8528636036994265e-05
1.8949993716034874e-05
1.9389888592752802e-05
1.9827391217883008e-05
2.027801352029619e-05
2.073091727226884e-05
2.1192701335140875e-05
2.1660010927747093e-05
2.213473839583016e-05
2.2615777104059947e-05
2.310358733743809e-05
2.3598256678952273e-05
2.413444067223075e-05
2.4722214784568188e-05
2.5304165402711456e-05
2.5819283996970866e-05
2.631117692419265e-05
2.6820184755150615e-05
2.733081603951904e-05
2.7847108357548143e-05
2.836998276172864e-05
2.8898442907895913e-05
2.9433026385483836e-05
2.9856174116242054e-05
3.02460712266189e-05
3.064288124131252e-05
3.10476541581169e-05
3.1446638148759425e-05
3.1848696660263065e-05
3.228080633764427e-05
3.273166905451189e-05
3.318333800896457e-05
3.334066765655558e-05
3.3318461160949734e-05
3.324019411716911e-05
3.314955392343182e-05
3.306028424005943e-05
3.297326454390312e-05
3.288755284882031e-05
3.2805463953505336e-05
3.2726169661448876e-05
3.264930871696274e-05
3.244245675544646e-05
3.220787414977445e-05
3.202428372923927e-05
3.1863322508110905e-05
3.171027482360043e-05
3.155997681485239e-05
3.1411247250081785e-05
3.126453143251916e-05
3.1120473399352833e-05
3.097737961580483e-05
3.083665409164605e-05
3.074153162239007e-05
3.063808727036941e-05
3.054529384692547e-05
3.0461010835249227e-05
3.0378868160903582e-05
3.0299765977692897e-05
3.0220196559710503e-05
3.014826059298038e-05
3.0090954416526586e-05
3.0039035851729454e-05
2.9989021415310254e-05
2.9941883084660952e-05
2.9896885724921016e-05
2.9853144723761797e-05
2.9811860952639703e-05
2.977214972717947e-05
2.9734824008592476e-05
2.9698855874924856e-05
2.9664876181285463e-05
2.963289280522939e-05
2.960368565971136e-05
2.957486986033653e-05
2.954192976491187e-05
2.9509549783888264e-05
2.9480211311804594e-05
2.9434904029508052e-05
2.9387928665413478e-05
2.9354774830417225e-05
2.9327788184652713e-05
2.930386626319982e-05
2.92813577117002e-05
2.922222828847181e-05
2.8860597552569564e-05
2.8452111259487847e-05
2.8059128559643122e-05
2.7673119050979606e-05
2.7292718349843763e-05
2.6917449007060956e-05
2.6547787013345205e-05
2.61829693001928e-05
2.5822593423309025e-05
2.546810415718425e-05
2.5117617616348553e-05
2.4772670406844536e-05
2.442958453358532e-05
2.405666250976519e-05
2.365722053463208e-05
2.3261880610031736e-05
2.2649245788329108e-05
2.1994049072230457e-05
2.136056327378621e-05
2.0739534684226554e-05
2.0130583216502475e-05
1.9533675394027988e-05
1.8947303611825344e-05
1.837325041879518e-05
1.7809229235148403e-05
1.7257642486009684e-05
1.671585400341202e-05
1.618563512985929e-05
1.5666794388073455e-05
1.5184109221165206e-05
1.5024522465157454e-05
1.4703040681140756e-05
1.4404106182304387e-05
1.4112085864511214e-05
1.3829359273275163e-05
1.3555477758561347e-05
1.329084147086111e-05
1.3035340912283619e-05
1.2848548241755303e-05
1.2681548481598035e-05
1.250846536037172e-05
1.2350497243583718e-05
1.2199260850960606e-05
1.2006308636102286e-05
1.1742392600475632e-05
1.1524474876672863e-05
1.133206493588332e-05
1.1154517127477924e-05
1.0983896241830435e-05
1.0819767105191506e-05
1.0680227212839202e-05
1.0539043752899805e-05
1.040277328329803e-05
1.0269603000759376e-05
1.0141062927668903e-05
1.0016663795272396e-05
9.896574991803365e-06
9.780623318459352e-06
9.668337714136344e-06
9.560127337883402e-06
9.455807400204336e-06
9.354987186664822e-06
9.257854754127894e-06
9.21292014348568e-06
9.210172088428026e-06
9.22637872153805e-06
9.265370758946322e-06
9.298368239634538e-06
9.328537267633888e-06
9.357558787989821e-06
9.385684135061521e-06
9.382890734630603e-06
9.387953025486373e-06
9.402220746441121e-06
9.418870710553488e-06
9.4378525814502e-06
9.493468409717018e-06
9.586385028088787e-06
9.670476059005324e-06
9.747777781813518e-06
9.834937916608163e-06
9.95545497070855e-06
1.0077068669161898e-05
1.0199929805701527e-05
1.0325013391098992e-05
1.0451651324098127e-05
1.0579893718737387e-05
1.0710374852728768e-05
1.0842428544547104e-05
1.0980115691051269e-05
1.1115570881980626e-05
1.1265846226965679e-05
1.1414559723100633e-05
1.1561839552178496e-05
1.1692963720484877e-05
1.1815335249344446e-05
1.1901270476885006e-05
1.1936169834663869e-05
1.196121887378915e-05
1.200171056420976e-05
1.2074340666423036e-05
1.2144931475588648e-05
1.2217247222333288e-05
1.2291110000540284e-05
1.2366266730365949e-05
1.2313600169378216e-05
1.2269029755203214e-05
1.2226057041687142e-05
1.2184675784477006e-05
1.2150960072633614e-05
1.212154196536178e-05
1.2092976912785916e-05
1.2065380178723432e-05
1.2038858364477917e-05
1.2013940769800635e-05
1.1989474077086978e-05
1.1966736225112416e-05
1.1944712378868949e-05
1.1924371822058607e-05
1.1904717920563926e-05
1.1886827837236611e-05
1.1822728581001263e-05
1.1682080663891242e-05
1.1626878729123191e-05
1.153540557457361e-05
1.1477222286976066e-05
1.1404736908805874e-05
1.1349113192320108e-05
1.1288839004978319e-05
1.1238245885356997e-05
1.1187832373479297e-05
1.1143238297136641e-05
1.1100607169368636e-05
1.1062586522422349e-05
1.1027239071668305e-05
1.1018550657255215e-05
1.1007742137935471e-05
1.1003044789436563e-05
1.1000950625236291e-05
1.1001357599047364e-05
1.1005118533932932e-05
1.1010760307968623e-05
1.1020275725333503e-05
1.1037113914962308e-05
1.1066768562895057e-05
1.1096659238975929e-05
1.1130745701008651e-05
1.1165546471523588e-05
1.120212446480009e-05
1.1239922062277288e-05
1.127887087530238e-05
1.131818562544577e-05
1.1283891673646473e-05
1.1233265419710493e-05
1.1184353537074275e-05
1.1136888501414655e-05
1.1102094515068167e-05
1.1069891665589168e-05
1.103905029073854e-05
1.1009849091835815e-05
1.0982019555869884e-05
1.0961372408948435e-05
1.0943596145445436e-05
1.0925773852703449e-05
1.090777854660375e-05
1.0890936970830807e-05
1.0873893349307258e-05
1.0857488278237492e-05
1.0841815089656636e-05
1.082669551865685e-05
1.0820679762898595e-05
1.082676012792822e-05
1.084540780500577e-05
1.0859976451996881e-05
1.0875517203430156e-05
1.0884051006739274e-05
1.0861696666158052e-05
1.081259617229537e-05
1.0750592724273202e-05
1.068111236866497e-05
1.0610126469817674e-05
1.0538026900358822e-05
1.0466328493184969e-05
1.0394714728041355e-05
1.0324393535445255e-05
1.0262055548474557e-05
1.0197239703532311e-05
1.0132778876965349e-05
1.0068526563654137e-05
1.0005660674276583e-05
9.943483405929887e-06
9.88289654035261e-06
9.82278096823805e-06
9.764536389135474e-06
9.707022552755325e-06
9.651484939812186e-06
9.597293601244226e-06
9.544673656488229e-06
9.493536260585732e-06
9.441520395020045e-06
9.381126280603088e-06
9.328040978159464e-06
9.264685593313449e-06
9.199782667108503e-06
9.135987777784278e-06
9.072009641020706e-06
9.006215827964809e-06
8.94818044798226e-06
8.893063566176456e-06
8.841081887700294e-06
8.790268645530067e-06
8.741661789591252e-06
8.69446593434688e-06
8.64922106807465e-06
8.60588227104044e-06
8.564258618984351e-06
8.524756006211592e-06
8.488463356438983e-06
8.455685305375955e-06
8.424156038300276e-06
8.394087128809374e-06
8.364668102021179e-06
8.336710148464184e-06
8.309382578668935e-06
8.28304175917722e-06
8.258532440850633e-06
8.236434689422951e-06
8.215300296045163e-06
8.203194088573481e-06
8.196261467551055e-06
8.192111009747646e-06
8.188961758830375e-06
8.179278327079228e-06
8.169488268519542e-06
8.160914688346674e-06
8.154427315433336e-06
8.149663885710025e-06
8.147070591912178e-06
8.147083854539372e-06
8.148471268926114e-06
8.152521930687455e-06
8.158757522773483e-06
8.167233880661274e-06
8.177905755015036e-06
8.19061267693563e-06
8.244625579035664e-06
8.285094768909526e-06
8.321710033782823e-06
8.364112137397133e-06
8.414509605855201e-06
8.471353888896722e-06
8.534300567401748e-06
8.598000725020775e-06
8.646394380999957e-06
8.696213449264704e-06
8.751700977255513e-06
8.812458044202652e-06
8.877818398359457e-06
8.947902607922856e-06
9.026083475141212e-06
9.14136482206095e-06
9.27611081260155e-06
9.414302007262165e-06
9.551388350347637e-06
9.695072214455001e-06
9.844737282389033e-06
1.0000740817891899e-05
1.0162679682654043e-05
1.0330411048089627e-05
1.050362531415919e-05
1.0691055218303157e-05
1.0900630881540955e-05
1.113208175318569e-05
1.1230677834686876e-05
1.1315360744559973e-05
1.1416569825020455e-05
1.1533280772623543e-05
1.1662531270790288e-05
1.1803608924835043e-05
1.1954074120489409e-05
1.2113412254786314e-05
1.2236378784871547e-05
1.2326984579148473e-05
1.2417896933065261e-05
1.2485072300484984e-05
1.2546835056997981e-05
1.26086394606878e-05
1.2673750437308691e-05
1.2742653558028803e-05
1.28156973523589e-05
1.2875501943073861e-05
1.2927326118755813e-05
1.2980057748480874e-05
1.3038524223696364e-05
1.3075484288078826e-05
1.3103321515197707e-05
1.3130206025367524e-05
1.315503131801043e-05
1.3164450552642719e-05
1.3104440945750963e-05
1.302009573735611e-05
1.292845451246394e-05
1.2835957058081062e-05
1.2744556175480339e-05
1.2654523285026822e-05
1.2566889127257362e-05
1.2481019835285681e-05
1.239771311932347e-05
1.2316195588308067e-05
1.2243941237296306e-05
1.2186830742364983e-05
1.2136516700003242e-05
1.2052532732056334e-05
1.1952129524853117e-05
1.1849714236908579e-05
1.1741993087849549e-05
1.163534917787355e-05
1.1522880316526791e-05
1.1378039734270973e-05
1.1223096449125155e-05
1.1069670925366976e-05
1.0921585857309794e-05
1.0767053104575054e-05
1.0589563264982668e-05
1.0416946852082613e-05
1.0255078017461417e-05
1.0106501321697724e-05
9.971093736910246e-06
9.847943343849454e-06
9.73572385271001e-06
9.636281460475378e-06
9.510311397833038e-06
9.38213042454112e-06
9.258781722112748e-06
9.141284846608624e-06
9.02922218285753e-06
8.922393511860708e-06
8.820096678252752e-06
8.723163976435841e-06
8.630872956104994e-06
8.543100992741733e-06
8.460330638199847e-06
8.382116674879982e-06
8.30896755682935e-06
8.240340766908339e-06
8.17599711869233e-06
8.116575932521599e-06
8.062098320124849e-06
8.012394040273339e-06
7.967916424151798e-06
7.927661070881794e-06
7.88843439164939e-06
7.851012447415316e-06
7.817778752133471e-06
7.78971517258642e-06
7.766780978715913e-06
7.748079476272395e-06
7.734765310676259e-06
7.726358514259868e-06
7.72301537849739e-06
7.724369327205394e-06
7.730589243470805e-06
7.741720714753354e-06
7.757854724851736e-06
7.778796085573294e-06
7.804571633214261e-06
7.835196344823806e-06
7.850727757763469e-06
7.875065360149586e-06
7.909180619520115e-06
7.945232308136856e-06
7.967782280334218e-06
7.986797676794949e-06
8.00515735675528e-06
8.023853672846225e-06
8.043446397538165e-06
8.063960719940332e-06
8.081735376615328e-06
8.084124371448923e-06
8.075050370375668e-06
8.063934596665418e-06
8.052379124584525e-06
8.042430876263861e-06
8.032126300464367e-06
8.012650987654439e-06
7.999149413221474e-06
7.987158637675268e-06
7.979720314918287e-06
7.99761594417379e-06
8.013495221122806e-06
8.030470854844568e-06
8.048786506558367e-06
8.069741429497453e-06
8.0927715146903e-06
8.118711828881923e-06
8.146972751438415e-06
8.177730025732461e-06
8.211760424866592e-06
8.251589814826717e-06
8.292061336334272e-06
8.336361455387695e-06
8.382765981143028e-06
8.422097802371075e-06
8.452838779517723e-06
8.484026064842669e-06
8.516682280449988e-06
8.55193228537248e-06
8.59010906460155e-06
8.630502519662416e-06
8.675094190693274e-06
8.722709636481785e-06
8.773215865543e-06
8.827515218373155e-06
8.884865491219236e-06
8.945726774461901e-06
9.009990289235769e-06
9.077444760385733e-06
9.148506621902097e-06
9.222766846136605e-06
9.30064890141647e-06
9.382152391856962e-06
9.467205101844253e-06
9.556118810136313e-06
9.654297431733483e-06
9.703833956351279e-06
9.7606289145793e-06
9.82649700273487e-06
9.894767878862016e-06
9.968258267614226e-06
1.0045557965133428e-05
1.0127837091290205e-05
1.0214439201212121e-05
1.0305628935734639e-05
1.0401285847918797e-05
1.0503645810834468e-05
1.0611115902986895e-05
1.0723539648562157e-05
1.084057361183374e-05
1.0962296718447509e-05
1.1088903719951293e-05
1.1219946579440413e-05
1.1356566712585114e-05
1.149804412876646e-05
1.1644009725614108e-05
1.179510662856663e-05
1.1951070067800721e-05
1.2111770131795399e-05
1.2277677670805364e-05
1.2448627677618777e-05
1.2623970508481038e-05
1.2804534249482632e-05
1.299002990270303e-05
1.3180334664783276e-05
1.3375832533025656e-05
1.3576015417142049e-05
1.3781704421138166e-05
1.3734971519536952e-05
1.368640892874129e-05
1.3636553082281488e-05
1.3617687171054754e-05
1.3608324622159348e-05
1.361112678043243e-05
1.3624700175555708e-05
1.3650218004699116e-05
1.3673809502149958e-05
1.3667290863765576e-05
1.3664114456630957e-05
1.3670088115045486e-05
1.3669305617401141e-05
1.3667586216521716e-05
1.3677740446950901e-05
1.3694139894567044e-05
1.3854551112002383e-05
1.402283336611517e-05
1.4223279991054228e-05
1.4425078677114176e-05
1.4644069250312877e-05
1.4867721313955026e-05
1.5102367048532114e-05
1.5343285509549696e-05
1.559276745513384e-05
1.58358658174509e-05
1.610008038729253e-05
1.6362959132733715e-05
1.6655646993243014e-05
1.689643180224694e-05
1.7101937229817363e-05
1.730936597469681e-05
1.7521445892080156e-05
1.7739888854046702e-05
1.794780360294495e-05
1.8110564135991903e-05
1.824465534925596e-05
1.8367985339153198e-05
1.832127994313613e-05
1.8296656094925454e-05
1.8270216214418697e-05
1.8243185339689764e-05
1.821752221358063e-05
1.8192859618935395e-05
1.817131127805713e-05
1.8155723068894613e-05
1.814593898151514e-05
1.8139211737669143e-05
1.8134504010374315e-05
1.8133184864850794e-05
1.813387543869429e-05
1.813677558001429e-05
1.8141332332153016e-05
1.814865533975599e-05
1.8158311092680714e-05
1.816964542606272e-05
1.818417459673123e-05
1.820093828122877e-05
1.8219860682526022e-05
1.8241150112006186e-05
1.8264611890141213e-05
1.82912129307027e-05
1.8319513268859647e-05
1.835056665932568e-05
1.8384399504764803e-05
1.8420377763518813e-05
1.845867936161099e-05
1.84997421118487e-05
1.854127878940908e-05
1.8600323806775845e-05
1.865484440716775e-05
1.8715604651342094e-05
1.8479941873618633e-05
1.834822822453762e-05
1.8179081012838788e-05
1.8017360523720836e-05
1.7893597415503182e-05
1.7774271101663748e-05
1.7655053758460753e-05
1.755018179643519e-05
1.7448048836959433e-05
1.7347564069166323e-05
1.72438736669743e-05
1.714310019716635e-05
1.704388951386402e-05
1.694675315313315e-05
1.6852047992456194e-05
1.675883164763148e-05
1.6675543087222934e-05
1.6594041437223435e-05
1.651450949923938e-05
1.6436745564043876e-05
1.6361231656209536e-05
1.6287320929477795e-05
1.6215627789798855e-05
1.6145743465987168e-05
1.6077319033139752e-05
1.601124433179896e-05
1.594701894067357e-05
1.570505982121745e-05
1.5444616021426415e-05
1.5195420499936242e-05
1.4947640483138355e-05
1.4706504578519427e-05
1.4468780901157334e-05
1.4235969289252316e-05
1.4015416251474135e-05
1.3813851325769167e-05
1.3608552357543416e-05
1.3410006347643398e-05
1.3214912076430694e-05
1.3023822203252926e-05
1.2837013892498435e-05
1.2642947012262192e-05
1.245423159534118e-05
1.2267121892656875e-05
1.2071634874992368e-05
1.1873757947574723e-05
1.1683073675377082e-05
1.1495156935549462e-05
1.1311913528443117e-05
1.1117316678841108e-05
1.0918592272692671e-05
1.0728146237754675e-05
1.0540577579877723e-05
1.0365468144257622e-05
1.0241279773562984e-05
1.0145842608902457e-05
1.00616603563632e-05
9.98201062282087e-06
9.906005195582388e-06
9.84735518300243e-06
9.792063200956528e-06
9.73445180137923e-06
9.574247520350167e-06
9.359189773591181e-06
9.122515363019712e-06
8.8649923583553e-06
8.621742041610914e-06
8.387934914173947e-06
8.158326204043377e-06
7.933439117179979e-06
7.704400630801066e-06
7.476383551868553e-06
7.252774980415136e-06
7.034403846660842e-06
6.820382089609579e-06
6.611240257232091e-06
6.425512441716958e-06
6.243292291735669e-06
6.047117742062402e-06
5.865496374764875e-06
5.6828562445454066e-06
5.507104105467851e-06
5.33396199349836e-06
5.165603693664614e-06
5.001085606924759e-06
4.840565508659101e-06
4.6837874229047805e-06
4.530958732211339e-06
4.381923521830691e-06
4.2366820264037775e-06
4.094909680853339e-06
3.9568785291250014e-06
3.82259288971329e-06
3.6928460984950236e-06
3.56567803079245e-06
3.44241965746008e-06
3.322391969924948e-06
3.2057551370597362e-06
3.0868718289729274e-06
2.971936181339492e-06
2.8700743275191977e-06
2.776664501946174e-06
2.684286704332406e-06
2.5945603596108386e-06
2.5068120519283804e-06
2.4302539950948494e-06
2.3532161107490896e-06
2.2785182826957193e-06
2.2050604707808765e-06
2.1296940477041324e-06
2.057492642524812e-06
1.986901071693829e-06
1.9323435525852148e-06
1.8825328338216043e-06
1.8372526867054208e-06
1.793124016284882e-06
1.7498099724290797e-06
1.7072654469852708e-06
1.6654168080190455e-06
1.6273036426647218e-06
1.5952431132238784e-06
1.560036469627605e-06
1.5281135835286367e-06
1.497800265768479e-06
1.4692137149573597e-06
1.4405092424420626e-06
1.4084684022983594e-06
1.377709834569988e-06
1.3508317301977176e-06
1.3272735761559543e-06
1.3072900849218634e-06
1.2818636918303922e-06
1.2599857022499783e-06
1.2402051194587095e-06
1.2224807175166134e-06
1.201754144295907e-06
1.1838944266689565e-06
1.1669254935760521e-06
1.150607690974855e-06
1.1357170352370136e-06
1.1240362458848536e-06
1.1151917299010536e-06
1.1090617384065703e-06
1.1059403729693127e-06
1.1054811038107359e-06
1.108071731380076e-06
1.1054686067642415e-06
1.0824224573909866e-06
1.073285849902823e-06
1.0602817144313293e-06
1.0525300549233458e-06
1.0462126159160256e-06
1.04318087707093e-06
1.0425929707716746e-06
1.0448157993177786e-06
1.0498942163538665e-06
1.0578048075349411e-06
1.0688186582117717e-06
1.0828303566428388e-06
1.099658367773529e-06
1.1193147439648351e-06
1.1420112298396737e-06
1.1679366945148745e-06
1.1968691959214597e-06
1.2293337847489668e-06
1.264986306707396e-06
1.304238809672148e-06
1.3470700152948697e-06
1.3937300296675105e-06
1.4329804237113015e-06
1.4496579868325471e-06
1.4785806246089362e-06
1.5181023323926662e-06
1.54774522657288e-06
1.513624175464162e-06
1.507091048456011e-06
1.493228095538795e-06
1.623467904277464e-06
1.784559063130145e-06
1.9565537107841514e-06
2.1384092028492054e-06
2.330938912622861e-06
2.526358830963501e-06
2.720230844356274e-06
2.9340038600560077e-06
3.1590911345827563e-06
3.3952700726245117e-06
3.6427294130781597e-06
3.9014485428419174e-06
4.172036057986714e-06
4.404695214853581e-06
4.633996063907095e-06
4.872998060532833e-06
5.119601165176905e-06
5.769342501979841e-06
6.415461543336853e-06
6.978104634921477e-06
7.499918706392519e-06
7.696971726425085e-06
7.709191627258451e-06
7.758583814296402e-06
