1.290470365717814e-05
1.3612525545526029e-06
1.2098418904204968e-05
1.8198420293831001e-06
1.113992724415056e-05
2.48020953238571e-06
9.829947915061418e-06
3.112714188162166e-06
8.75672614290281e-06
3.7299023807095487e-06
7.861368584358347e-06
4.350107908421521e-06
7.078114918786042e-06
4.801415141768239e-06
6.590929393092705e-06
5.096023114946897e-06
6.279521731492329e-06
5.2812897225719526e-06
6.069507725360632e-06
5.396255128466434e-06
5.921866151786744e-06
5.465991340174716e-06
5.814905234430035e-06
5.504349484108537e-06
5.7349996258264636e-06
5.521285012634272e-06
5.672800675580676e-06
5.5241126199501155e-06
5.622301425439552e-06
5.5171336661040495e-06
5.579202269717446e-06
5.503669384363863e-06
5.5413998938503825e-06
5.4856423413941064e-06
5.506828963554858e-06
5.4645732334413515e-06
5.474419235005813e-06
5.441180096810214e-06
5.443568267418237e-06
5.4164365921309506e-06
5.413492406200218e-06
5.390415315939105e-06
5.384112001407513e-06
5.36873483522126e-06
5.361764958593465e-06
5.34868479075556e-06
5.340035102137929e-06
5.32764148126585e-06
5.31801449385271e-06
5.30631541087964e-06
5.295944012125222e-06
5.284609400191273e-06
5.273961656087549e-06
5.262395941028418e-06
5.251617403592781e-06
5.24016193502181e-06
5.229103953525107e-06
5.217697795627713e-06
5.20636334697515e-06
5.194836860055908e-06
5.183698192294102e-06
5.1715850688145605e-06
5.160392751868515e-06
5.148642890752439e-06
5.137051908223893e-06
5.127527615662649e-06
5.118309126261827e-06
5.109720620258759e-06
5.100157260657083e-06
5.09113117594437e-06
5.081638531853203e-06
5.072829868448043e-06
5.063293524719036e-06
5.054064100974653e-06
5.044774673410738e-06
5.035079625938369e-06
5.025845790573587e-06
5.016131823549045e-06
5.007012015972166e-06
4.997029965046066e-06
4.9878060586900156e-06
4.9779414431337295e-06
4.968236998744458e-06
4.958692588040003e-06
4.948819769818911e-06
4.939016779521265e-06
4.9293542346816315e-06
4.919522601936993e-06
4.909604352316325e-06
4.899816735832368e-06
4.889860192747688e-06
4.879855205200225e-06
4.870156133947198e-06
4.86011295917543e-06
4.849925513482638e-06
4.8400018581967564e-06
4.835193993928314e-06
4.837312057884444e-06
4.831747445642505e-06
4.831498814781369e-06
4.827597551021814e-06
4.826287015979031e-06
4.822963021895529e-06
4.820804706523818e-06
4.817986767718707e-06
4.815481291504037e-06
4.81260972921906e-06
4.810004186067647e-06
4.807129954141141e-06
4.804354684436454e-06
4.801454189087145e-06
4.798743796177515e-06
4.795615732776073e-06
4.792831694363012e-06
4.789653385253766e-06
4.786715830030137e-06
4.783663922921046e-06
4.7804858112067985e-06
4.777188415888217e-06
4.774388768865893e-06
4.770760685910062e-06
4.7680388610823885e-06
4.764165092250256e-06
4.761307573350401e-06
4.757786798606143e-06
4.754527529830825e-06
4.75089310861305e-06
4.747607149393907e-06
4.744114099223154e-06
4.740513707186796e-06
4.737236131645027e-06
4.733254449871487e-06
4.729957907666152e-06
4.726078704850777e-06
4.722558909563462e-06
4.718893827026609e-06
4.715328863456078e-06
4.711303628343797e-06
4.707831438054288e-06
4.703654068698066e-06
4.699983038786136e-06
4.696072680412936e-06
4.692274311130343e-06
4.688417271927363e-06
4.684269146726721e-06
4.680565828502794e-06
4.676166904794129e-06
4.672583942439226e-06
4.668250435979277e-06
4.6640862441557825e-06
4.660212312614137e-06
4.655917505742163e-06
4.652038863168872e-06
4.634924817941347e-06
4.617824851766934e-06
4.600475629888429e-06
4.5835359616258165e-06
4.566116017864272e-06
4.548976126897672e-06
4.531887405155406e-06
4.5141509803441516e-06
4.496345364058576e-06
4.478433129216221e-06
4.459731745028183e-06
4.4423405364162814e-06
4.424034145992787e-06
4.406580791399618e-06
4.388368626169047e-06
4.3707771815909265e-06
4.352821567724312e-06
4.335066226122453e-06
4.317303799458419e-06
4.299535573691445e-06
4.281834662021704e-06
4.263921401256976e-06
4.2462508945244306e-06
4.228692914049918e-06
4.210864743098791e-06
4.193396153281319e-06
4.175688201761828e-06
4.157931117523283e-06
4.140460042619798e-06
4.123039882005252e-06
4.108119608739577e-06
4.0941745546339656e-06
4.080065447177187e-06
4.065666022260127e-06
4.05173090521108e-06
4.037434430776181e-06
4.023261062987259e-06
4.009110444921188e-06
3.995109178264724e-06
3.98330435284076e-06
3.967715065660315e-06
3.957689631867597e-06
3.94811335550066e-06
3.938558913849654e-06
3.928918303526335e-06
3.919230709801053e-06
3.909605002176424e-06
3.899829169092241e-06
3.890260059281608e-06
3.879301772643504e-06
3.8679148429091485e-06
3.856420332744175e-06
3.8445821052362004e-06
3.8332206769085775e-06
3.8216600303589855e-06
3.8101039243278873e-06
3.7984982908113056e-06
3.7867742961158913e-06
3.7752436040480667e-06
3.7634734228357996e-06
3.7517815302833714e-06
3.7401606975794144e-06
3.7286262086573666e-06
3.7167668236884614e-06
3.7049770971956103e-06
3.6931705246816335e-06
3.680967665678171e-06
3.6695134887572813e-06
3.657553621794304e-06
3.645864283729323e-06
3.6342098591955835e-06
3.622522567883877e-06
3.6107230885241655e-06
3.59879321794576e-06
3.587177658151242e-06
3.575262616841056e-06
3.5633304823079592e-06
3.551827494808048e-06
3.5396197827076837e-06
3.5201825243526396e-06
3.5015052115847867e-06
3.482554352573601e-06
3.463578058689191e-06
3.4449664851366077e-06
3.42612565211601e-06
3.40728861485128e-06
3.388794618096423e-06
3.3700508890253044e-06
3.3515022761379836e-06
3.332701424450022e-06
3.3141773857055327e-06
3.295636620944906e-06
3.2772001200207724e-06
3.2587192911292513e-06
3.24030914794836e-06
3.221829119533172e-06
3.2035131564549293e-06
3.1850373997767528e-06
3.1668737105734915e-06
3.14854308577683e-06
3.1297162049124275e-06
3.110492124790152e-06
3.0913862522457715e-06
3.072512508604025e-06
3.0543630679543028e-06
3.0370805432308245e-06
3.0197598130493046e-06
3.0025719951340815e-06
2.9851653930217835e-06
2.968003682546595e-06
2.9513939421568193e-06
2.9393043516725257e-06
2.927243023869444e-06
2.915154426335922e-06
2.9033736745139673e-06
2.891528921630458e-06
2.8795569736172825e-06
2.8678222966801923e-06
2.856035898619851e-06
2.844245613326368e-06
2.832353924117296e-06
2.820740218092378e-06
2.808929453844609e-06
2.7973441245575152e-06
2.7856853627189534e-06
2.773983846680387e-06
2.7625028497894104e-06
2.750773770132601e-06
2.7391853919373174e-06
2.727579927143395e-06
2.716264731693981e-06
2.7046388184919422e-06
2.6932989999658844e-06
2.68178635906711e-06
2.670522765306581e-06
2.659146566797119e-06
2.647847175386812e-06
2.6364981421035294e-06
2.6252543652950906e-06
2.6139992350709574e-06
2.60284456342133e-06
2.5914727812717688e-06
2.5815338267375428e-06
2.5695613737654005e-06
2.5573552436388033e-06
2.545395383941599e-06
2.5332062068492653e-06
2.5213549416363174e-06
2.50932171606282e-06
2.4974439888908503e-06
2.4855288129445155e-06
2.4735975955355126e-06
2.461647425897102e-06
2.4498120585185194e-06
2.4379630182271155e-06
2.426201490350856e-06
2.4142764488818617e-06
2.4024437734569746e-06
2.390858319819881e-06
2.378960951827484e-06
2.3672911713735454e-06
2.3555732787913166e-06
2.3437830118102694e-06
2.332233572800212e-06
2.320600111436191e-06
2.3090599868493114e-06
2.2974645495628153e-06
2.2857991040852872e-06
2.274334852651332e-06
2.2627708706699744e-06
2.251314150327317e-06
2.2428384312491777e-06
2.2411033442020363e-06
2.2397365543903943e-06
2.238213211348207e-06
2.2368653146191797e-06
2.235345196128736e-06
2.2338508122940007e-06
2.2323756542469834e-06
2.230843214606581e-06
2.2294771974740045e-06
2.227946914537065e-06
2.226456613519467e-06
2.2245932909484354e-06
2.222708065549128e-06
2.220803045838942e-06
2.2189797887538168e-06
2.2171762936060953e-06
2.2153167629712484e-06
2.2134152579155706e-06
2.2116091159344724e-06
2.209800331894511e-06
2.2079290262090025e-06
2.2025061957429354e-06
2.1949333540441516e-06
2.1910597945524033e-06
2.188618791550093e-06
2.1866599240085792e-06
2.1850664858380154e-06
2.1839287299966896e-06
2.1834260417108195e-06
2.1831328332182926e-06
2.183316653538461e-06
2.1839860733459875e-06
2.185134975875313e-06
2.1866100762381497e-06
2.1885805042167834e-06
2.190890522154896e-06
2.1937485786940983e-06
2.1970032359461852e-06
2.200664249789837e-06
2.2047093325172756e-06
2.2092983931702157e-06
2.214246175910129e-06
2.2197445824181855e-06
2.2254630640327556e-06
2.2317363962383043e-06
2.238593715312103e-06
2.2448382786957336e-06
2.25150688281059e-06
2.258460191708072e-06
2.265951716584599e-06
2.2736273620477626e-06
2.2819030336573056e-06
2.2904693195555246e-06
2.29955134628472e-06
2.3089540827274233e-06
2.3186489280453728e-06
2.3288439574449893e-06
2.339347112258523e-06
2.350487862416328e-06
2.3619578543050477e-06
2.3737978828089095e-06
2.3859081654047214e-06
2.3986239255051133e-06
2.4116892697691564e-06
2.4251411738032333e-06
2.438966858714584e-06
2.453260968678703e-06
2.4679351946626403e-06
2.4830078773171358e-06
2.498494134499884e-06
2.514308592886433e-06
2.5307262759644155e-06
2.5475210928640435e-06
2.5646424580563163e-06
2.5822019876096267e-06
2.6001656756511593e-06
2.618577010580192e-06
2.647459213157434e-06
2.6872831586441196e-06
2.7246035877148362e-06
2.761474085051286e-06
2.798320945480336e-06
2.8355483741717327e-06
2.8729891652825954e-06
2.9108447574550195e-06
2.9489117193277633e-06
2.987268786125621e-06
3.025870569461347e-06
3.064857467021614e-06
3.104133538938986e-06
3.1436247772297584e-06
3.1834591616014634e-06
3.2235970205359336e-06
3.263949090284317e-06
3.282192953506317e-06
3.305174764673372e-06
3.3272545869614037e-06
3.3499173787189337e-06
3.3726865401831927e-06
3.3956333013703725e-06
3.418636945222724e-06
3.4419367798880727e-06
3.465460784914778e-06
3.4889872186124438e-06
3.5127024845431865e-06
3.536740886845017e-06
3.560883035489244e-06
3.5850679444282873e-06
3.6094909087356405e-06
3.634185915383338e-06
3.659021933265516e-06
3.6840249790088344e-06
3.709015065728265e-06
3.734389636674176e-06
3.7599805284864744e-06
3.785413118897272e-06
3.811325597675335e-06
3.837259707990777e-06
3.8623790568889415e-06
3.8879670890972405e-06
3.913521422763396e-06
3.939524050109675e-06
3.965646646391312e-06
3.991857542235301e-06
4.0180524893372915e-06
4.044693966596958e-06
4.071322420627868e-06
4.098162219042336e-06
4.125223126153296e-06
4.152498002302323e-06
4.179979833904631e-06
4.207616338276503e-06
4.2353908386619284e-06
4.263269672883307e-06
4.291391421687676e-06
4.319582941534603e-06
4.34802649689767e-06
4.376530464627026e-06
4.4056366523655745e-06
4.4343537577063155e-06
4.463657454013077e-06
4.492748354280947e-06
4.522314320361458e-06
4.551980916856891e-06
4.581892309574464e-06
4.611754257355982e-06
4.642030832796032e-06
4.672441081657552e-06
4.702993968348481e-06
4.733441341719187e-06
4.764345580910561e-06
4.795538647274568e-06
4.826800327945554e-06
4.85799324454314e-06
4.889583007302084e-06
4.919188041891893e-06
4.949047230814445e-06
4.978889477249412e-06
5.008933093070926e-06
5.039204706970602e-06
5.069684546972998e-06
5.100244789372197e-06
5.130906187094391e-06
5.1620907544500475e-06
5.192968732170693e-06
5.224111721611856e-06
5.255500715278503e-06
5.2870545091132e-06
5.318752026019157e-06
5.3505312674720784e-06
5.382569721418711e-06
5.4008526463686844e-06
5.410274861794106e-06
5.420815938763743e-06
5.430994242842191e-06
5.441253322646676e-06
5.451626511113427e-06
5.461863632262686e-06
5.472213519987901e-06
5.482968030163683e-06
5.493422058274126e-06
5.504220541173333e-06
5.514884519128747e-06
5.5258397698599e-06
5.536662732409104e-06
5.547458144789787e-06
5.558719099756376e-06
5.569899199179034e-06
5.581044072125403e-06
5.5921587345743654e-06
5.6033746027173086e-06
5.614822194255918e-06
5.622814985948573e-06
5.630341603442586e-06
5.641625745197883e-06
5.6535010853854506e-06
5.665404200298227e-06
5.677900232831053e-06
5.690363624665307e-06
5.70297977200741e-06
5.716055150269067e-06
5.729381379952204e-06
5.742970381979246e-06
5.756916565926407e-06
5.771146350634642e-06
5.785322413878257e-06
5.799976530766804e-06
5.814791554520322e-06
5.829850802826543e-06
5.845339446673717e-06
5.861220169724529e-06
5.877077012691764e-06
5.893419655912061e-06
5.90973459570953e-06
5.926388238454284e-06
5.94762613311119e-06
5.978805086415421e-06
6.002753713375313e-06
6.028328244446537e-06
6.053608431980365e-06
6.079004638539599e-06
6.104549111700552e-06
6.129359969024374e-06
6.154081707029968e-06
6.179740666828595e-06
6.205454906948547e-06
6.2287975146091756e-06
6.250118044131647e-06
6.271521309010285e-06
6.293200803887191e-06
6.314692325875396e-06
6.336443082750143e-06
6.3581979348186775e-06
6.380398414970338e-06
6.402044785202402e-06
6.424201022287006e-06
6.446341567975097e-06
6.468449145191691e-06
6.493299340952478e-06
6.51969920462029e-06
6.546310945185559e-06
6.573414057591139e-06
6.594352839574656e-06
6.610525638026828e-06
6.630899487826781e-06
6.658182065158143e-06
6.686269482955235e-06
6.71446247196779e-06
6.743318425453104e-06
6.772057684705749e-06
6.8014183522039565e-06
6.830883424542563e-06
6.860728714532089e-06
6.891153911180296e-06
6.921691438090244e-06
6.952683875314346e-06
6.984018357726065e-06
7.015352049326762e-06
7.0473212592408085e-06
7.079547028128094e-06
7.109301486256034e-06
7.138969180312713e-06
7.169216921985138e-06
7.1993904380472055e-06
7.23007645641392e-06
7.26086118419263e-06
7.2921281092758204e-06
7.323908926357574e-06
7.3555857632366115e-06
7.387676169365992e-06
7.420314835278532e-06
7.453079755197269e-06
7.48661789666448e-06
7.532623383744304e-06
7.578564343677557e-06
7.624857321530369e-06
7.672061829862796e-06
7.719289133608547e-06
7.767801350488386e-06
7.810187341689208e-06
7.850160672008234e-06
7.89060937177527e-06
7.93113789189415e-06
7.971791819098676e-06
8.013236260592546e-06
8.054695821104343e-06
8.096997477891561e-06
8.139296487448961e-06
8.182654684808406e-06
8.225918253110239e-06
8.26961231866801e-06
8.313504674349537e-06
8.35787915447107e-06
8.402903446147624e-06
8.448222142453185e-06
8.493842353118327e-06
8.540165920709739e-06
8.586397247488031e-06
8.63327031932509e-06
8.68046553052104e-06
8.727978684115475e-06
8.776194147700878e-06
8.82459357258071e-06
8.873589338950172e-06
8.922764909520287e-06
8.972240598744444e-06
9.022127019839258e-06
9.072666384423334e-06
9.123358517143789e-06
9.174906754521322e-06
9.226244787124345e-06
9.278057892727775e-06
9.330441872633414e-06
9.383345291444544e-06
9.43648207600808e-06
9.49039856735202e-06
9.544351892338587e-06
9.59836562472421e-06
9.653178649420619e-06
9.708047638677966e-06
9.76379639393911e-06
9.819845016565273e-06
9.876198373246056e-06
9.932596589113373e-06
9.989783223552756e-06
1.0047939690576442e-05
1.0105944061939253e-05
1.0163822342637967e-05
1.0222909294184142e-05
1.0281867061186903e-05
1.0341541710723377e-05
1.0401523238525257e-05
1.0461665935527368e-05
1.0522069049547117e-05
1.058360100716266e-05
1.0645377329946684e-05
1.0706850596099771e-05
1.0768972917521677e-05
1.0831957342279558e-05
1.0895475326976658e-05
1.0958735872499203e-05
1.1050418311048653e-05
1.113477144020031e-05
1.1226829065083967e-05
1.131417431459694e-05
1.1405154673963408e-05
1.1494111714826257e-05
1.1585281697188162e-05
1.1675717768843265e-05
1.1766772135310541e-05
1.1858009080022748e-05
1.1950350777095456e-05
1.2042499994314691e-05
1.2135337898111909e-05
1.2228591495663151e-05
1.232165957325696e-05
1.2415517035220262e-05
1.2509338565374568e-05
1.260379107226284e-05
1.2698643525580042e-05
1.2793623031122035e-05
1.2888978341156571e-05
1.2985085494487627e-05
1.3080914055897497e-05
1.3177576735973795e-05
1.3274547988098241e-05
1.3371738380226317e-05
1.3469210892034472e-05
1.3567377144179062e-05
1.3665870432690671e-05
1.3765105917914882e-05
1.3864686479296117e-05
1.396450080465848e-05
1.4065017549129679e-05
1.416540122740372e-05
1.4267315366438746e-05
1.4371876108829146e-05
1.4479858935171035e-05
1.4586856486556173e-05
1.4694945632128964e-05
1.4798126345647965e-05
1.490902000469409e-05
1.5017750555563168e-05
1.51294492138161e-05
1.5240522287844873e-05
1.5352562170637615e-05
1.54650798988755e-05
1.5578172281939405e-05
1.5691914727178815e-05
1.5806567530617934e-05
1.5921487922654613e-05
1.6036505316788444e-05
1.6152569724657226e-05
1.6269143983786146e-05
1.638656760681948e-05
1.6504395485940603e-05
1.6622845575273508e-05
1.6741880380356938e-05
1.6861658561179738e-05
1.6983550659496876e-05
1.710671427134968e-05
1.722949655599857e-05
1.735358719085251e-05
1.7477328740684464e-05
1.760174012810135e-05
1.7727380710810623e-05
1.7852852552627902e-05
1.7979130767175285e-05
1.8106011831028716e-05
1.8232909515988766e-05
1.8360953739766905e-05
1.8489397292250017e-05
1.8617877364012342e-05
1.8747307936066923e-05
1.8877282562524765e-05
1.9008381548220812e-05
1.9138763706485217e-05
1.9270266067978678e-05
1.9402238978068967e-05
1.9535101431808125e-05
1.9672879517519145e-05
1.981429225375474e-05
1.9955073379602353e-05
2.0096938489014958e-05
2.0239222904554353e-05
2.038259610829572e-05
2.0527475778798055e-05
2.067342768892498e-05
2.081949310604415e-05
2.0965734868259137e-05
2.1112765177266838e-05
2.1260782017215944e-05
2.1408260081265842e-05
2.1557588906106894e-05
2.170697839772828e-05
2.185669432525885e-05
2.2007194710202153e-05
2.2158913072682543e-05
2.2318619079711898e-05
2.2486506686353408e-05
2.265520517091642e-05
2.2825438942625075e-05
2.3003118983144473e-05
2.3188008705710342e-05
2.3372185659319708e-05
2.3558919512327815e-05
2.3751849194454325e-05
2.3948463128241593e-05
2.4146083573226744e-05
2.4345303250338396e-05
2.454526723758167e-05
2.4746860897946592e-05
2.4948369038129342e-05
2.5151039747750925e-05
2.535455974415384e-05
2.5556983810474693e-05
2.572847689566261e-05
2.587949509029209e-05
2.6023411572727787e-05
2.6163861928143188e-05
2.630357562451658e-05
2.6442770026960274e-05
2.6582457539969064e-05
2.6722343077703205e-05
2.686188551167384e-05
2.7002932428714257e-05
2.7143945569922757e-05
2.7285664886318966e-05
2.7428030281486824e-05
2.7569973445005013e-05
2.7705958559395246e-05
2.7817157832381142e-05
2.791296332230604e-05
2.8000563043569636e-05
2.8083223130451146e-05
2.8162709443925897e-05
2.8240052358064404e-05
2.8317060034098068e-05
2.8393206432872055e-05
2.8469774203905362e-05
2.8545957886093407e-05
2.8621729802045157e-05
2.869848740758693e-05
2.8775038131155e-05
2.8851426579230824e-05
2.892786240593409e-05
2.9004435897565075e-05
2.9081847894266495e-05
2.9159258588654317e-05
2.9236479397639596e-05
2.9313957443434294e-05
2.9391326787215442e-05
2.9468926412916266e-05
2.9546526600226317e-05
2.962405755572354e-05
2.9702140335956043e-05
2.9779793249733854e-05
2.9857446853670998e-05
2.9935488597462694e-05
3.0014016320678283e-05
3.0092706761725617e-05
3.0172062217992868e-05
3.0250405386336848e-05
3.0329481055234808e-05
3.0408913196426014e-05
3.0487026343933672e-05
3.056546622777168e-05
3.0644890667951034e-05
3.072397556901497e-05
3.080403619806449e-05
3.088371778318113e-05
3.096349900081741e-05
3.104407100997844e-05
3.112351671088506e-05
3.1196439316247935e-05
3.125335037529857e-05
3.1302010972543274e-05
3.1347792391554624e-05
3.139246290609773e-05
3.1435317145411976e-05
3.148205183179046e-05
3.153021693380873e-05
3.157781404083734e-05
3.16260831964084e-05
3.168522490885552e-05
3.17479197633119e-05
3.1810608036598964e-05
3.1873989474491706e-05
3.193728825441606e-05
3.200272500270809e-05
3.206730344333887e-05
3.2131601022591994e-05
3.219469048232887e-05
3.2258886223980284e-05
3.2323269565382286e-05
3.238697943458359e-05
3.245119475911095e-05
3.251558196347922e-05
3.2580110740427465e-05
3.2645237918974205e-05
3.2709939447049316e-05
3.2774749055188774e-05
3.28393446806268e-05
3.2904685095949394e-05
3.297033723708582e-05
3.303583178745288e-05
3.310103920066498e-05
3.316629602637538e-05
3.323191192173645e-05
3.3297209184343414e-05
3.336285111623825e-05
3.342846361085919e-05
3.3494650251301434e-05
3.356052403538533e-05
3.362505005294562e-05
3.368413702516949e-05
3.374170213583666e-05
3.3797051986456205e-05
3.3851804572116564e-05
3.390697041647744e-05
3.3961355736106936e-05
3.401529124140007e-05
3.406842214272321e-05
3.412291417843416e-05
3.417657020558698e-05
3.4230646399143835e-05
3.428443598512563e-05
3.433861691502042e-05
3.439283368263522e-05
3.444707699045087e-05
3.450167566446698e-05
3.45560301951468e-05
3.46110754591568e-05
3.466481061306806e-05
3.4720138568596586e-05
3.4774129268323316e-05
3.4828983727001624e-05
3.48846919368656e-05
3.493902585795735e-05
3.499395815441403e-05
3.5049357146917105e-05
3.5104625980732725e-05
3.5160338036878446e-05
3.521531138730486e-05
3.52710561253014e-05
3.532662140255873e-05
3.538163930033137e-05
3.5437748179310105e-05
3.549422732529441e-05
3.554917785683577e-05
3.560553981726066e-05
3.5661882369877755e-05
3.5717952845437714e-05
3.577374558712088e-05
3.58301874895288e-05
3.5887277963570866e-05
3.594333255522044e-05
3.5972490456383006e-05
3.600205171371459e-05
3.603755879568529e-05
3.607733584931504e-05
3.611720301133339e-05
3.615702571454243e-05
3.619740540191234e-05
3.623891359516171e-05
3.628751247258728e-05
3.6341788065640885e-05
3.639934526566334e-05
3.64563304148888e-05
3.651381715720889e-05
3.657181404883229e-05
3.662991614971882e-05
3.6688500186418636e-05
3.67471788622832e-05
3.6804975092999876e-05
3.686319486664619e-05
3.692246058613653e-05
3.698078817558062e-05
3.703952870193805e-05
3.709827108040539e-05
3.71574129792189e-05
3.7216550431336846e-05
3.727626629371476e-05
3.73353567614937e-05
3.7395757282204105e-05
3.7455736920704776e-05
3.7515043032685436e-05
3.757524670450989e-05
3.7635370674462886e-05
3.7695391291616287e-05
3.775528382043219e-05
3.781643565582145e-05
3.787805995996667e-05
3.7938537767751874e-05
3.800023286664678e-05
3.806096716887712e-05
3.812229753790045e-05
3.8184040272759166e-05
3.8246544599682326e-05
3.8307876803606185e-05
3.8369527825736695e-05
3.843134623841844e-05
3.8493013552380185e-05
3.8555789890322305e-05
3.8618519538829406e-05
3.868132708100905e-05
3.874383837029594e-05
3.880661084901301e-05
3.8870093674123565e-05
3.893322819209279e-05
3.899658736652502e-05
3.905960633444577e-05
3.9087698320788185e-05
3.912752230975596e-05
3.9177241942627467e-05
3.923048569831182e-05
3.928457736844684e-05
3.9337855443816166e-05
3.93910924929316e-05
3.944544123578315e-05
3.949876911796813e-05
3.955262010637195e-05
3.9605603006426636e-05
3.9660118314036184e-05
3.971376071923689e-05
3.976789974381049e-05
3.982254626635316e-05
3.987788423440816e-05
3.993271122542041e-05
3.9988597541624997e-05
4.004394991100529e-05
4.0099901519196944e-05
4.015531673786801e-05
4.021214099318309e-05
