1.4624949505310375e-05
8.407235741941653e-06
6.688170399649888e-06
7.6069318163373726e-06
8.646699853438783e-06
9.964807546560866e-06
1.1529303283684368e-05
1.3036690839569204e-05
1.4314726893398731e-05
1.5634171908994093e-05
1.6410506781792923e-05
1.670024091517751e-05
1.7120025471604384e-05
1.7681496388044068e-05
1.8359377279179274e-05
1.8344157101333037e-05
1.811366405211753e-05
1.7865167692756944e-05
1.7110214022189972e-05
1.6408419199226438e-05
1.579859535568031e-05
1.5905807054515303e-05
1.6956385197012086e-05
1.8407095623919643e-05
1.920700872915336e-05
1.981166526983715e-05
2.040509985574818e-05
2.0978401438235956e-05
2.1546732048134296e-05
2.1969398319428564e-05
2.2288207993344106e-05
2.2676911288789053e-05
2.3511539758353423e-05
2.524328570172103e-05
2.7259245143772355e-05
2.9406901323519346e-05
3.09573877001717e-05
3.1082852833531935e-05
3.05745178092164e-05
3.0285346254355797e-05
3.0067213985263213e-05
2.928714710974886e-05
2.758734316478033e-05
2.5976087434427045e-05
2.452429394155749e-05
2.3217007453209085e-05
2.247887733077503e-05
2.206908282583953e-05
2.1904610528522505e-05
2.1976864726152433e-05
2.2335291382318056e-05
2.2943478215625543e-05
2.370848998234095e-05
2.4609244589540158e-05
2.5393824609757575e-05
2.6347673985107423e-05
2.7501743879391333e-05
2.8872124824277143e-05
2.9515682304794466e-05
3.0581591269747665e-05
3.172535337545801e-05
3.07560080045454e-05
2.934651606363359e-05
2.7957732364855762e-05
2.8587933591767776e-05
2.840081776215532e-05
2.7604051603591096e-05
2.722640936521475e-05
2.67406494852799e-05
2.6186074295973073e-05
2.5753971432960977e-05
2.5296449336479828e-05
2.4835980126066278e-05
2.4503004989364084e-05
2.4446996208225534e-05
2.452259467000155e-05
2.4911311151430155e-05
2.7363944371934862e-05
2.9201455776496087e-05
3.097237974421125e-05
3.152256490931518e-05
3.250763085729781e-05
3.3687277260290544e-05
3.426738789092131e-05
3.500299949071954e-05
3.4903933380921924e-05
3.4935062855402974e-05
3.392575291889906e-05
3.2682963979305135e-05
3.172738790781947e-05
3.061657738696617e-05
2.9228615407901602e-05
2.7425668472559508e-05
2.495983971138221e-05
2.223902062508233e-05
1.939693715311075e-05
1.6562203217837525e-05
1.3923130712303002e-05
1.261573961209674e-05
1.1396622427788964e-05
1.0481788083332002e-05
9.641361424359026e-06
8.983816833347393e-06
8.476114376859192e-06
8.110203521593526e-06
7.875931012593872e-06
7.888090730674934e-06
8.284234634103551e-06
8.833222192266624e-06
9.491031848852682e-06
1.0805466662496093e-05
1.1456171945413525e-05
1.2354633479373513e-05
1.3195994323864713e-05
1.3939133719752542e-05
1.4754594909693859e-05
1.529134120344281e-05
1.6090546789005722e-05
1.651087385461126e-05
1.638415947871682e-05
1.616429615789857e-05
1.5875615384565842e-05
1.5606763712879842e-05
1.533094060476191e-05
1.5152714753389211e-05
1.5046227038187991e-05
1.4676846958226256e-05
1.418064836607567e-05
1.377686124913407e-05
1.3605742436813364e-05
1.335949862859212e-05
1.2958424313829605e-05
1.26518878276509e-05
1.231425529332201e-05
1.2031369444679473e-05
1.1799282731297938e-05
1.1625009152896077e-05
1.1498383795881475e-05
1.1477612555536368e-05
1.1339012688304129e-05
1.1026131038446401e-05
1.0541965117399518e-05
1.0072567658125588e-05
9.684886377366918e-06
9.465352615441064e-06
9.434093118625051e-06
9.54127299283728e-06
9.729828592717215e-06
9.716308248310728e-06
9.55862812919327e-06
9.45642526948754e-06
9.392303093437153e-06
9.309998813757009e-06
9.265422510489498e-06
9.28647154572329e-06
9.388231168430781e-06
9.58305574802473e-06
9.92577760100947e-06
1.0291997401506857e-05
1.047410211949506e-05
1.0538212587991137e-05
1.040308799441459e-05
1.0099892813791964e-05
9.934531302046624e-06
9.951588954920935e-06
9.308490385575994e-06
8.240762393202105e-06
7.489277478301173e-06
7.139530859893213e-06
7.312830764141467e-06
8.116157443240567e-06
8.8765592727278e-06
9.872190849919601e-06
1.0120609210337147e-05
9.146058048392663e-06
8.342419426148043e-06
7.818451001796864e-06
7.658846122479325e-06
7.923418177250921e-06
8.599770966587855e-06
9.524552828074584e-06
9.90891656341149e-06
1.0355996754962939e-05
1.0782291818354826e-05
1.1188687527115347e-05
1.1176836162752125e-05
1.1021852198191102e-05
1.097859876637544e-05
1.1074798673056929e-05
1.1399765085197408e-05
1.1888018076481535e-05
1.184088377206079e-05
1.1352740268004553e-05
1.0918450243119519e-05
1.0666703176565792e-05
1.0521895936423468e-05
1.0386771974949773e-05
9.991332826986645e-06
9.426564335818345e-06
8.799056068412208e-06
8.232721502002615e-06
7.726302214945992e-06
7.2604181206498e-06
6.884239586445356e-06
5.355982474221079e-06
3.081303833881367e-06
2.510841026497106e-06
3.979446505441536e-06
7.1823300671650754e-06
1.146986875332854e-05
1.4993759518196471e-05
1.7070109751299836e-05
1.6756754701216452e-05
1.6785428517828185e-05
1.7072297285355294e-05
1.7084292216816053e-05
1.7257836736064646e-05
1.8031372503435064e-05
1.80133737943996e-05
1.633769012224003e-05
1.3311212521977967e-05
1.0288710231066698e-05
7.2005375920821e-06
3.7334517351776277e-06
2.3859672475980688e-06
1.8101760651333765e-06
1.7258711178323213e-06
2.429961201788779e-06
3.2732488899403396e-06
4.321305469553344e-06
5.014229826945712e-06
5.6705693518572895e-06
6.40216109587522e-06
7.001270950333018e-06
7.44999143053764e-06
6.807914920148712e-06
6.011222306254344e-06
5.430868215581422e-06
4.346818040482523e-06
3.2378467983108987e-06
2.402653734717706e-06
1.737642389337492e-06
1.2245355253373807e-06
8.82179264391294e-07
8.273474892220894e-07
1.2471178507030245e-06
1.9906607675635246e-06
2.8371533071644572e-06
4.098768425308987e-06
5.693083313775347e-06
7.511500274768356e-06
9.278400501749002e-06
1.0525674248912953e-05
1.1442375865811435e-05
1.235461594263684e-05
1.2734444848221417e-05
1.1887413246802363e-05
1.1060692417360704e-05
1.027749685362133e-05
9.629397365378353e-06
9.333617576563795e-06
9.20400834010975e-06
9.168411682139678e-06
9.00620223221546e-06
8.505041400115643e-06
7.987092423442697e-06
7.489901303363244e-06
7.244687880233686e-06
7.0509031739218294e-06
6.897920754644636e-06
6.760509161861519e-06
7.172125724170433e-06
7.752659299944659e-06
8.33085310609573e-06
9.473465795532898e-06
1.019769185618502e-05
1.081457386334698e-05
1.1493309979364991e-05
1.2255309453368226e-05
1.3288052444816726e-05
1.4536592729081111e-05
1.5639809111370867e-05
1.6207686974896588e-05
1.66249981896509e-05
1.7082897570377584e-05
1.761770964085596e-05
1.8230280762350018e-05
1.9191609797488193e-05
2.0159093568077438e-05
2.126661086052979e-05
2.221727842851546e-05
2.3649200727387254e-05
2.5721950971656734e-05
2.832951502515263e-05
3.1249548495684695e-05
3.4347010469576833e-05
3.741535466186267e-05
4.0401067630437866e-05
4.269113234050257e-05
4.489725166075144e-05
4.6334559355648124e-05
4.740278800516676e-05
4.488675346706294e-05
4.259828285756569e-05
4.087211621207222e-05
3.9987147870949475e-05
3.737680918262252e-05
3.7132007921761936e-05
3.6168274898050216e-05
3.499150807963559e-05
3.306848533970818e-05
3.165656537910947e-05
3.0369872075237392e-05
2.920069561236432e-05
2.8592491283530286e-05
2.7662788296171473e-05
2.585950773841204e-05
2.4209029545236874e-05
2.5072199372410986e-05
2.598321921543698e-05
2.6903741842851817e-05
2.768389987838665e-05
2.814330840556205e-05
2.8670607077039356e-05
2.9097862541172834e-05
2.9393543041821913e-05
2.9755159732082808e-05
3.0087727437512745e-05
2.9418005952877943e-05
2.8928245745733792e-05
2.8635792955309975e-05
2.8100794495427298e-05
2.7609146513069525e-05
2.666659604601645e-05
2.6148378324276496e-05
2.6060183543065676e-05
2.58480452822491e-05
2.5550528273097695e-05
2.595332409888054e-05
2.6872311096388447e-05
2.792085140342859e-05
2.7066959436023018e-05
2.549360671713696e-05
2.389063806232529e-05
2.216837336993874e-05
2.05016723382681e-05
1.869083765388963e-05
1.6736453673030353e-05
1.5195608857366769e-05
1.3931134719731933e-05
1.2892863641456992e-05
1.2156744411126696e-05
1.1758274790608955e-05
1.1646213909536968e-05
1.17330473414923e-05
1.1929606698002643e-05
1.2408379153035181e-05
1.2498768412916268e-05
1.233785234534411e-05
1.2476262400943607e-05
1.2997841771619087e-05
1.3606301526564181e-05
1.371917670497563e-05
1.3132746374775506e-05
1.2629276874757534e-05
1.2579868350424539e-05
1.2401882543221328e-05
1.190057301057753e-05
1.1468525369923046e-05
1.116557262468434e-05
1.094107922910384e-05
1.1094531195914736e-05
1.1472685005588928e-05
1.1802497411542456e-05
1.1998886421603138e-05
1.2072572958285733e-05
1.2157438491528102e-05
1.2284024910338618e-05
1.247519527384913e-05
1.2726756723680143e-05
1.2919166005201572e-05
1.3071891854354064e-05
1.3222225699350678e-05
1.3441595055040453e-05
1.3707937675012654e-05
1.4029078075438e-05
1.437024530988522e-05
1.454090135365285e-05
1.4667712103090789e-05
1.461389364212735e-05
1.4221108626835718e-05
1.375732923797108e-05
1.3395860425455043e-05
1.3167396088786533e-05
1.3190091249219995e-05
1.3444575289096934e-05
1.383792683896176e-05
1.4370303688217014e-05
1.5244116469630501e-05
1.635576630908604e-05
1.738514361049419e-05
1.8011481634751224e-05
1.8708204573090243e-05
1.952618618310934e-05
2.0444477228222525e-05
2.1306157114918134e-05
2.1952703356656015e-05
2.2595029369256857e-05
2.2920961181174015e-05
2.3022893479824043e-05
2.2573865940182785e-05
2.248160186916414e-05
2.2477353950404795e-05
2.1126647235675714e-05
1.9981087768367963e-05
1.9001016744906033e-05
1.858919553871175e-05
1.8685803247870594e-05
1.916719378761667e-05
1.96727115900977e-05
2.0159466011467074e-05
1.9159566950835926e-05
1.8069164992651702e-05
1.686859499398673e-05
1.588844849562912e-05
1.5128516349591246e-05
1.4934717918418673e-05
1.4736856613106209e-05
1.4344593306235728e-05
1.3995263948116836e-05
1.3513303948884688e-05
1.311085811339701e-05
1.1813458255388067e-05
1.086849182659913e-05
1.009303340309712e-05
8.8763240225938e-06
7.511394767669105e-06
6.305669195380426e-06
5.745381404304455e-06
5.270402848630587e-06
4.892748129426556e-06
4.545622263780591e-06
3.92909246933796e-06
3.4581484918662257e-06
3.026564425041187e-06
2.7307804338321665e-06
2.447092437213447e-06
2.2031722044503563e-06
1.654599987090297e-06
9.912487600450935e-07
8.399501761343597e-07
7.711660508142332e-07
1.1127022448339152e-06
1.4718652106595137e-06
1.7635637832905568e-06
2.147365202923895e-06
2.612800116654303e-06
3.232846763171837e-06
3.7887087229850137e-06
4.3622610795646666e-06
4.1409103605759595e-06
4.165992119272787e-06
4.090389576289808e-06
4.030937055438246e-06
3.984827287048441e-06
4.38088101823232e-06
5.318866455172517e-06
5.97044925244838e-06
6.335369750219215e-06
6.397674366957345e-06
6.081070910129629e-06
5.796850203221065e-06
5.451566336330617e-06
5.407083285231153e-06
5.418140538517108e-06
4.88852382232327e-06
4.468557569816296e-06
4.847095280420284e-06
5.367559108372397e-06
5.404997680112267e-06
5.400797648034504e-06
5.609008909678349e-06
5.8627929277566e-06
5.825907627492063e-06
5.836226787990832e-06
5.356732047828226e-06
