4.503442131479041e-06
3.1982729675187355e-06
2.429819084254646e-06
2.62468240024327e-06
3.018791915047224e-06
3.6090489615014098e-06
4.320516180228335e-06
5.035753228098258e-06
5.7298103667395515e-06
6.378375418879754e-06
7.019210815317301e-06
7.6962682389804e-06
8.399744922439395e-06
8.954019571982577e-06
9.373139488024153e-06
9.737241860464836e-06
1.0086529178373868e-05
1.0059876326452906e-05
9.954881295638774e-06
9.628151116359916e-06
9.247035311612293e-06
8.867265238349386e-06
8.483232223633572e-06
8.111411158951262e-06
7.775113072549798e-06
7.474045276612345e-06
7.207980492037023e-06
7.653004621129511e-06
8.55098485658962e-06
9.027934918215562e-06
9.466637352720458e-06
1.0040260436230579e-05
1.0674624921626704e-05
1.1374786292707397e-05
1.2159099882965387e-05
1.3027162488933598e-05
1.3954305133753997e-05
1.5000629667283599e-05
1.6243863512517614e-05
1.7676397048164053e-05
1.8871267667316666e-05
1.984664127555469e-05
2.076685316715513e-05
2.1595909038279068e-05
2.236561481010347e-05
2.248853778242564e-05
2.2457556161418574e-05
2.2400244682383827e-05
2.2359762208761812e-05
2.234776312534595e-05
2.2312691762676793e-05
2.219143702704135e-05
2.2068320679097615e-05
2.1973401760434757e-05
2.1917964614029644e-05
2.1903658135384552e-05
2.193310680876993e-05
2.1826950287516026e-05
2.1444698540981393e-05
2.095790131359648e-05
2.0687786027541656e-05
2.0509007074373798e-05
2.0303931124476742e-05
1.993787590824143e-05
1.9535009009674736e-05
1.9127343638388302e-05
1.861727328123697e-05
1.8153704089338706e-05
1.7893294367880663e-05
1.8059809911166132e-05
1.9148425403874023e-05
2.0504417757107298e-05
2.2041131860777117e-05
2.3754475725603523e-05
2.56547421796945e-05
2.771400215920483e-05
3.0597384227618335e-05
3.365789306763167e-05
3.5545211665405695e-05
3.690697905590404e-05
3.76277153847781e-05
3.847148380428258e-05
3.8804015583854373e-05
3.704745755486955e-05
3.568206943475313e-05
3.437459997768724e-05
3.3123584649275276e-05
3.186632293471839e-05
3.0638064916659966e-05
2.9453982404250472e-05
2.841848189485228e-05
2.7559700792010598e-05
2.6748395372447562e-05
2.5987993304279076e-05
2.5271099010792636e-05
2.427467226314422e-05
2.454461336800572e-05
2.5183225308218977e-05
2.580903690556697e-05
2.6655397600394308e-05
2.751304954781022e-05
2.8357244745775593e-05
2.9146770878653136e-05
2.986197303399307e-05
2.9979462813410556e-05
2.9976365029394514e-05
2.9946780151357044e-05
2.9875853945622793e-05
2.9775442934392498e-05
2.9643318165619184e-05
2.940672474853668e-05
2.852052048834752e-05
2.7625339725509718e-05
2.7108110118949463e-05
2.6502617069676238e-05
2.585165006932177e-05
2.4986792747810424e-05
2.3944988155986063e-05
2.272484289413788e-05
2.1323781931165032e-05
1.9822337551268598e-05
1.830054384391159e-05
1.673567052873169e-05
1.500638175364371e-05
1.3524558510971251e-05
1.2324674072552463e-05
1.141770204315589e-05
1.0617846595894795e-05
9.957624944280834e-06
9.328024390746126e-06
8.787499295959347e-06
8.294035644498856e-06
7.896678676456056e-06
7.580871319894526e-06
7.3615335899850234e-06
7.197418880613434e-06
7.120733211628125e-06
7.172110539906415e-06
7.388488071792385e-06
7.75585679903133e-06
8.36448492201974e-06
8.948848182885079e-06
9.44530971379941e-06
9.872051074377349e-06
1.0241819571626198e-05
1.079092343541329e-05
1.1321634346153822e-05
1.184202289854225e-05
1.2341535318420694e-05
1.2743588100015013e-05
1.3279008003872135e-05
1.3653960506414682e-05
1.4128819057240606e-05
1.4407653315574107e-05
1.4348392298511806e-05
1.4562697569171873e-05
1.4845471429799936e-05
1.4997023498894974e-05
1.5168638283134494e-05
1.536380704734712e-05
1.5520003588902003e-05
1.5630257291808994e-05
1.5639552928829144e-05
1.5636486628965972e-05
1.561472200770717e-05
1.5794681413675527e-05
1.5987315457677146e-05
1.5843553039537008e-05
1.553138664058161e-05
1.5242410232485583e-05
1.4909930629243998e-05
1.4356859174137878e-05
1.3716274392844985e-05
1.3090056067653865e-05
1.2524594949864091e-05
1.2006522993346315e-05
1.1421665416831827e-05
1.0912148058912463e-05
1.0374929623793303e-05
9.843480686201018e-06
9.380033143893834e-06
9.017531911484034e-06
8.773629383727077e-06
8.649625349790759e-06
8.483482836135635e-06
8.352150683171663e-06
8.306679701809791e-06
8.149776628610857e-06
7.880677229544549e-06
7.687473982539247e-06
7.4908588415111046e-06
7.29265788198031e-06
7.120499007140438e-06
6.963360936586238e-06
6.828580699597335e-06
6.689166553542235e-06
6.556816614952277e-06
6.4338644993517105e-06
6.30236437118568e-06
6.17221706264553e-06
6.052263728453326e-06
5.984504696478554e-06
5.885455649043577e-06
5.769248637486473e-06
5.662571333327522e-06
5.584297471856513e-06
5.599399069278213e-06
5.637648904338378e-06
5.656105997096314e-06
5.6819358812340706e-06
5.753755164021416e-06
5.5636188584837795e-06
5.383249962738658e-06
5.4032225120865275e-06
5.664271623237834e-06
6.202884717213508e-06
7.123307538966225e-06
8.305810646590313e-06
9.451504269199192e-06
1.0744246250318528e-05
1.2267927993275038e-05
1.3697656695560331e-05
1.4949650242143052e-05
1.4923280482833754e-05
1.4597896319279297e-05
1.439573804084121e-05
1.4331255584555965e-05
1.4302790100000775e-05
1.4189650320892954e-05
1.405396786176538e-05
1.397257146655128e-05
1.3993103666131883e-05
1.4130111492713902e-05
1.421769865520958e-05
1.4503615711160686e-05
1.486041341839667e-05
1.4806385854735397e-05
1.4690762435798913e-05
1.346330064222134e-05
1.2488185019946161e-05
1.1643725716997594e-05
1.1090361169201626e-05
1.0682966850151714e-05
1.0387663101982537e-05
1.0089931697679559e-05
9.740453829845355e-06
9.264527624521068e-06
8.799399161934725e-06
8.41451373842546e-06
8.119023608594698e-06
7.846267184162143e-06
7.545443468840019e-06
7.271069880379827e-06
6.999914773154859e-06
6.456100957226042e-06
5.867094761502255e-06
5.219944858529025e-06
4.791325074523875e-06
4.577075894589429e-06
4.62749128634984e-06
4.9837924890289234e-06
5.600041086574134e-06
6.1813962607435766e-06
6.607549844085669e-06
6.85506883274356e-06
6.77752559753878e-06
6.034540898116195e-06
5.717432631816036e-06
6.112977247842336e-06
7.351907774232501e-06
8.65626281272983e-06
9.995201139422082e-06
1.1506154088109942e-05
1.2515820956846965e-05
1.3317667428451695e-05
1.3314008248430908e-05
1.3274746730637945e-05
1.301254040470123e-05
1.2771315896361629e-05
1.222585334220488e-05
1.185103981095114e-05
1.1528845165085122e-05
1.1156890142866443e-05
1.0109944261353249e-05
9.034199546312242e-06
1.0238643212195695e-05
1.0829679971372901e-05
1.1108655796282219e-05
1.1432365178984972e-05
1.1497653993732384e-05
1.1286402038569764e-05
1.1354595606239591e-05
1.1473155780629402e-05
1.1723112548712337e-05
1.2451342016553337e-05
1.2248434310549318e-05
1.176508280099568e-05
1.0650635422213413e-05
1.015165694932003e-05
1.0112175144512143e-05
1.029374954834465e-05
1.0851170033101375e-05
1.1266169928248905e-05
1.0851865833426973e-05
1.0053527660036103e-05
9.438522902351647e-06
8.933172266438948e-06
8.316150086501906e-06
7.64881773612799e-06
7.130420266938306e-06
6.620607979336128e-06
6.133595442438703e-06
5.800942483728538e-06
5.361387859725359e-06
4.95528387676781e-06
4.278417675987823e-06
3.618064111879302e-06
2.9498170151937432e-06
2.3142938065329398e-06
1.8266460937540332e-06
1.583870624730202e-06
1.5878566282638775e-06
1.8886480969432967e-06
2.379717549324928e-06
2.8246214861094915e-06
3.0762332597700355e-06
3.3098641734516628e-06
3.614080808624018e-06
3.941520897146622e-06
4.1529730527427775e-06
4.472602312146607e-06
4.817979530292589e-06
5.141031317020658e-06
5.298654902470769e-06
5.441495011152979e-06
5.466143061210905e-06
5.12385076402813e-06
4.763201211628936e-06
4.370313471073644e-06
4.0992430485622215e-06
4.069146722786746e-06
4.331042756237741e-06
4.5343721515248585e-06
4.775539971558917e-06
5.027049480549014e-06
5.10943726269569e-06
5.315876552378093e-06
5.6698581939931165e-06
6.027201249749593e-06
6.37773939772305e-06
6.7509091143166555e-06
7.004584361804254e-06
6.977859280885611e-06
6.859927822614476e-06
6.638899927315818e-06
6.420550013628462e-06
6.217219938117969e-06
6.0584446950096065e-06
5.951390872526748e-06
5.88426940664209e-06
6.004286542973713e-06
6.343998866700268e-06
6.8016907508586425e-06
7.319308149952245e-06
7.82307906284844e-06
8.356315008078396e-06
8.919367921935006e-06
9.627569596938529e-06
1.0525474608744285e-05
1.166562700513742e-05
1.2860329301578658e-05
1.381435808672183e-05
1.4539523827437018e-05
1.53181434531927e-05
1.6015032894483522e-05
1.648648704503135e-05
1.6987294706999014e-05
1.756736967143568e-05
1.828988943241542e-05
1.9569197166778542e-05
2.155525384487613e-05
2.399820089336047e-05
2.6620928452023694e-05
2.9437080200072264e-05
3.2450133524157344e-05
3.567549485964161e-05
3.923248283727018e-05
4.205107642340792e-05
4.439134714655806e-05
4.604204427918361e-05
4.800651116683959e-05
4.8243168925681066e-05
4.6048325195574926e-05
4.315819303575414e-05
4.029697872830417e-05
3.7493513035162836e-05
3.4861648313220536e-05
3.250865784036142e-05
3.0387385733093645e-05
2.8452463885541855e-05
2.663094216335221e-05
2.490028183309937e-05
2.3613203646825076e-05
2.2890167674924227e-05
2.204817946554753e-05
2.227470333233404e-05
2.306155149689803e-05
2.3471286803663764e-05
2.405910771694708e-05
2.501065347296361e-05
2.5859835693685467e-05
2.6815199853946736e-05
2.7077094853816562e-05
2.7843897102355405e-05
2.8943561963059932e-05
2.913404159071577e-05
2.8670540603539288e-05
2.8121239420193907e-05
2.7726271059158153e-05
2.7226926952719857e-05
2.6513980823194556e-05
2.5621635506353295e-05
2.4485036210871097e-05
2.307169052870819e-05
2.22973801848357e-05
2.263187379439675e-05
2.299005601837643e-05
2.3988819937751052e-05
2.5223168096051996e-05
2.6791760696959045e-05
2.806490485659313e-05
2.9071360449896974e-05
3.0322825950357965e-05
3.149150296405013e-05
3.2636082133739104e-05
3.4121987897831174e-05
3.595133715006145e-05
3.6313139789580955e-05
3.587950746084302e-05
3.540777999226134e-05
3.483648935073517e-05
3.3734731486997635e-05
3.251655938298098e-05
3.120159897396537e-05
2.9522983465228335e-05
2.805987521834272e-05
2.7007973233312643e-05
2.572585676259021e-05
2.4345158341443857e-05
2.314159961342959e-05
2.1989204887431466e-05
2.078061599970576e-05
1.9573992098027486e-05
1.8366844123546015e-05
1.7407043125188185e-05
1.649017369067375e-05
1.5451531524701977e-05
1.4545689053008428e-05
1.3162798189139994e-05
1.2049851728979213e-05
1.1541828472773705e-05
1.0618611154970089e-05
9.897951794921973e-06
9.475706567771588e-06
9.175819805560928e-06
9.021602228091887e-06
9.03198000739089e-06
9.21019446654341e-06
9.361159465218527e-06
9.485381028379077e-06
9.624410411106912e-06
9.774591923569433e-06
9.924642928020591e-06
1.0088657066669788e-05
1.0116471012155185e-05
1.002557958674777e-05
9.97010639765127e-06
9.879657002461158e-06
1.0007417407072401e-05
1.0166877934737884e-05
1.0343607623231897e-05
1.0539966574770127e-05
1.0758121581063655e-05
1.1053093644508157e-05
1.1425102441578227e-05
1.1837438099327271e-05
1.240761483538283e-05
1.2791786534380728e-05
1.3002519883167952e-05
1.3104697518303701e-05
1.3058268870653451e-05
1.3077049037382774e-05
1.2886314688916181e-05
1.2614573358170986e-05
1.214818556725675e-05
1.1672882587728078e-05
1.1285334857321812e-05
1.0939662027839578e-05
1.0672760910328429e-05
1.046797738493261e-05
1.0187046436920538e-05
1.0027219476354631e-05
9.883227098608778e-06
9.761124771877841e-06
9.670702451307126e-06
9.614701083708548e-06
9.59304037320387e-06
9.606217625214046e-06
9.655007092787752e-06
9.767806973588033e-06
9.920282480879142e-06
1.0105614354916827e-05
1.0274421302543039e-05
1.0423804602993512e-05
1.0669387655644051e-05
1.1190690294720139e-05
1.1823653762542036e-05
1.2532410059284708e-05
1.3305635662833225e-05
1.4007966522767861e-05
1.4693300813976924e-05
1.533047998105558e-05
1.590862895363238e-05
1.622877843381531e-05
1.6515879689626885e-05
1.6872946274461316e-05
1.733645219506303e-05
1.7915806185378675e-05
1.860644245547512e-05
1.9177381917263165e-05
1.9259167162081526e-05
1.9352303731649722e-05
1.9587030224024923e-05
2.0011657130376212e-05
2.0515253772948913e-05
2.1017397809640994e-05
2.1569950599226982e-05
2.2276035375163842e-05
2.3014124302104756e-05
2.3862777571954507e-05
2.4983146168011947e-05
2.413390144771712e-05
2.356353021744418e-05
2.3010857463501724e-05
2.2366635784026733e-05
2.1828469874835938e-05
2.1354611368019228e-05
2.092888003037826e-05
2.0576598989609328e-05
2.027961694776521e-05
2.0028669406551768e-05
2.0214427604695017e-05
2.046847438687496e-05
2.081617457425228e-05
2.1159569451031097e-05
2.0950638516566573e-05
1.969520669171354e-05
1.85866459802319e-05
1.779703276975216e-05
1.716357657032861e-05
1.637307121426839e-05
1.5359693824293805e-05
1.4436330822752251e-05
1.3584492533101378e-05
1.2364468480014195e-05
1.1484126314608022e-05
1.0650025751902668e-05
9.934558800462115e-06
9.027936722723944e-06
8.38015902042613e-06
7.891379671608986e-06
7.489968420140374e-06
7.0299231021646975e-06
6.531079077547242e-06
5.966433865004155e-06
5.414159692414602e-06
4.9326137086328185e-06
4.5339076260283555e-06
4.181053227654147e-06
3.968980517125685e-06
3.928893681964306e-06
3.935614733971508e-06
3.2425589654275384e-06
3.099685599777866e-06
2.6919032397623915e-06
2.5457244670252695e-06
2.464460543580735e-06
2.625624477686721e-06
2.8018998358865845e-06
3.003426402657686e-06
3.06204025062e-06
3.190320678909739e-06
3.317974433766861e-06
3.4146375508651077e-06
3.4907191706609235e-06
3.6253790088204786e-06
3.4651099419639472e-06
3.560111807388293e-06
3.7818846197813197e-06
3.989205887497423e-06
4.156257543442749e-06
4.1123112145855494e-06
3.950172936396412e-06
3.858562255671709e-06
3.829764405696852e-06
3.868312568835695e-06
4.095178518260782e-06
4.29811803009371e-06
4.28670339324506e-06
4.618135397744892e-06
5.5360959298157e-06
6.412265114736527e-06
7.349981637383307e-06
7.882052688484928e-06
8.010513568553347e-06
7.99771471740284e-06
7.987011789838948e-06
8.040030607100839e-06
8.067568648597097e-06
7.82622768957367e-06
7.33575352091106e-06
6.623590026385171e-06
6.0792758544663215e-06
5.545077898507322e-06
4.964873960333543e-06
4.20320296700124e-06
