1.843788459992734e-05
1.049017109353953e-05
8.75729388453737e-06
9.991931395379426e-06
1.1235282109663605e-05
1.265825040997781e-05
1.3403388370820377e-05
1.4440224368198975e-05
1.5563190576603594e-05
1.694430786522255e-05
1.7276355678401735e-05
1.7791316721794214e-05
1.852107661198427e-05
1.9471203296615833e-05
2.0001004095913333e-05
2.0057883235244136e-05
1.9250810028765577e-05
1.836638590478978e-05
1.7568218553372576e-05
1.7640008215940224e-05
1.8882168394427173e-05
2.0569074760054395e-05
2.162522338325304e-05
2.2474252641334755e-05
2.3237191160134713e-05
2.401510421286947e-05
2.484592696468897e-05
2.5692899307795954e-05
2.629605609733881e-05
2.67831065488656e-05
2.7075806838447037e-05
2.7151962845397255e-05
2.7132145860179353e-05
2.8322935466281902e-05
2.961638214525787e-05
2.9084737354224067e-05
2.8772242744483844e-05
2.860186156575564e-05
2.8602568521210295e-05
2.8077636540484038e-05
2.6948065051210377e-05
2.5734250871087418e-05
2.4706745766799406e-05
2.3636600580421602e-05
2.314295760864668e-05
2.3078727877698495e-05
2.3164372039975315e-05
2.344762287111033e-05
2.4087543207173024e-05
2.4971090781574016e-05
2.599393482718573e-05
2.705115984561331e-05
2.813937136259498e-05
2.9013836071457937e-05
2.933251676805265e-05
2.9850323292434795e-05
3.1200904160644595e-05
3.170122034350707e-05
2.9239718315090876e-05
2.7603943614156068e-05
2.63583068234307e-05
2.5904550564987255e-05
2.440569563798209e-05
2.5170350931941524e-05
2.4507486124718846e-05
2.4301588819699897e-05
2.4381986968806493e-05
2.440057747103332e-05
2.4503865144918818e-05
2.4470633711857578e-05
2.446287970906163e-05
2.4536443208828108e-05
2.4645642321726764e-05
2.72872423761877e-05
2.9588973797338876e-05
3.1059159106919766e-05
3.208896345590892e-05
3.328831217515384e-05
3.4503859991324035e-05
3.5486676204021575e-05
3.6142761531990544e-05
3.5938977290743313e-05
3.4775902505151584e-05
3.366871807048078e-05
3.2478376060046963e-05
3.161765855505836e-05
3.036679823814996e-05
2.869340447113084e-05
2.631362547094189e-05
2.3341448978437516e-05
2.0246462527105445e-05
1.7021536088975293e-05
1.4249907157259307e-05
1.268911463717451e-05
1.1436271322919798e-05
1.0507748770508658e-05
9.576908385200533e-06
8.738564215077914e-06
8.224795621791145e-06
7.981306386514333e-06
8.081795769563686e-06
8.630690130276157e-06
9.39242367892535e-06
1.0052765014073536e-05
1.1147516944791845e-05
1.2226734398994676e-05
1.299968140675238e-05
1.3955373070509953e-05
1.4821000199627366e-05
1.5609719244791833e-05
1.6295348233501828e-05
1.7073019693539457e-05
1.725704593572273e-05
1.7022979905157733e-05
1.66185425654246e-05
1.6214083337472656e-05
1.580548847294877e-05
1.5543357994085395e-05
1.5316806591974957e-05
1.473726567990428e-05
1.4124095490998842e-05
1.3780545454365352e-05
1.3526190390495601e-05
1.3153222521824918e-05
1.2748749221494704e-05
1.230199536034543e-05
1.1927070864825245e-05
1.1642502397648737e-05
1.1548145074157672e-05
1.1563704279103138e-05
1.1508142950230504e-05
1.1457728695363472e-05
1.144069146360108e-05
1.146357042664166e-05
1.111561050404114e-05
1.0650977306861376e-05
1.0289872048334393e-05
1.0093512870740214e-05
1.007418515085203e-05
1.0210151075005118e-05
1.0475914410048744e-05
1.0578826410217203e-05
1.0406052114395613e-05
1.0320505563839808e-05
1.0321284557051535e-05
1.0375443425540935e-05
1.0506465681434555e-05
1.0729652357348888e-05
1.110458906741941e-05
1.164260892646209e-05
1.2150555123832436e-05
1.240841684839465e-05
1.2271176864170062e-05
1.1895005680122787e-05
1.1622722273288651e-05
1.1463378733494775e-05
1.1501997894605194e-05
1.0301884312534763e-05
9.255248328956247e-06
8.620800884581092e-06
8.559119979735942e-06
8.613142372015165e-06
8.854954815129136e-06
9.405586655050153e-06
9.28001231789654e-06
8.31504952653757e-06
7.551009729222979e-06
7.2375049904335354e-06
7.233062697058786e-06
7.704726261061965e-06
8.929557733607095e-06
9.55749724683068e-06
9.993998835586641e-06
1.0403935419143101e-05
1.0920128699280268e-05
1.1455670150741794e-05
1.1749939159848367e-05
1.1931204194466326e-05
1.2251031070386258e-05
1.2867992903738992e-05
1.3551000122818484e-05
1.3237180700635152e-05
1.2688893890401909e-05
1.238503693744193e-05
1.216885037704556e-05
1.2016839929492431e-05
1.1711420473358514e-05
1.1013556384713998e-05
1.0240059681178865e-05
9.479441905034474e-06
8.791669388781019e-06
8.20949156221063e-06
7.620364747213393e-06
5.37945408696939e-06
3.710188418847957e-06
2.826527845674732e-06
3.446567154338208e-06
6.077908334095713e-06
1.0692700090338385e-05
1.6088264808023697e-05
1.6989209363647786e-05
1.761710814524347e-05
1.7526327534951243e-05
1.8060374508458794e-05
1.802728536586015e-05
1.8302337473365342e-05
1.9160412827007686e-05
1.791142702301862e-05
1.5663252178693545e-05
1.1963169526201591e-05
8.348558814859273e-06
4.493821787628972e-06
2.09129676365385e-06
1.2173078917746812e-06
5.849647000049348e-07
1.1289845080943767e-06
1.762953805038479e-06
2.315711755974111e-06
2.8491829879258993e-06
3.490484179643875e-06
4.174593422774046e-06
4.3874976131068986e-06
4.500079051766887e-06
4.644011139425501e-06
3.8005266029618068e-06
3.0011213782172095e-06
2.252314179299443e-06
1.6371291643377466e-06
1.2460047885379663e-06
8.761921686578047e-07
7.213699258245086e-07
7.079515255697918e-07
1.3456529032539195e-06
2.180762584668896e-06
3.3061075011169066e-06
4.876657826172501e-06
6.830798042684992e-06
8.932200347714486e-06
1.1011305399742284e-05
1.2284099844705103e-05
1.3452573376184374e-05
1.3284141130439245e-05
1.2458143907273327e-05
1.1458193863166944e-05
1.068258272152362e-05
1.0036463410827139e-05
9.801783424096915e-06
9.679203685000488e-06
9.749060415667152e-06
9.710642922507884e-06
9.060898301602416e-06
8.417025579873788e-06
8.184323387951215e-06
8.050871526997332e-06
7.86305917598701e-06
8.260072042612487e-06
9.199438723407475e-06
1.0044040937968894e-05
1.088050192853606e-05
1.1654221709433463e-05
1.2539186121512347e-05
1.3144838171389965e-05
1.3955459045520306e-05
1.5246495115320866e-05
1.6520692879478494e-05
1.7835747603084753e-05
1.851674589896206e-05
1.9056463449234273e-05
1.9593520246726206e-05
2.0180634793171014e-05
2.041524769908476e-05
2.0785557981944017e-05
2.1534203213237176e-05
2.2511215611402994e-05
2.361236713954573e-05
2.5162238186094814e-05
2.707450057832106e-05
2.9546971473556687e-05
3.251496260434426e-05
3.578998702510255e-05
3.926246367488113e-05
4.229270167067337e-05
4.510593185321421e-05
4.7367133530683556e-05
4.7541446817879196e-05
4.739961626360875e-05
4.421899851716945e-05
4.1568271048579054e-05
3.9604775677049246e-05
3.8014165654868206e-05
3.4143000810966774e-05
3.382074530384775e-05
3.1735269273936645e-05
3.17724732167761e-05
3.0324325142372776e-05
2.8996312974778274e-05
2.8086742232684506e-05
2.734733333826205e-05
2.6445283182243315e-05
2.5471151442672856e-05
2.4174316923392714e-05
2.392355616614504e-05
2.4997951123718198e-05
2.4910039752984223e-05
2.634658145093265e-05
2.6998228249502975e-05
2.806948880302996e-05
2.899372809951218e-05
2.954045641577083e-05
3.0106088340833773e-05
2.923895504415063e-05
2.8098615615136275e-05
2.826030409923824e-05
2.8060728100882336e-05
2.77115064175687e-05
2.7394217292360892e-05
2.7201996950570823e-05
2.5612539782958055e-05
2.3802361125691566e-05
2.296986381031759e-05
2.290968188311126e-05
2.3628214639721e-05
2.4132102950634216e-05
2.3254750959776e-05
2.1731961917060408e-05
2.019485547009837e-05
1.8567846163544567e-05
1.6905344100599117e-05
1.5279952015550574e-05
1.3898670654022354e-05
1.2940762519481552e-05
1.2436733751317156e-05
1.2408163726228557e-05
1.2570906871029831e-05
1.2688806540373957e-05
1.2758789213505698e-05
1.2982671504523238e-05
1.336470908835287e-05
1.3799602933487145e-05
1.327622185694764e-05
1.3208087538575551e-05
1.3675715250881936e-05
1.4168254775485806e-05
1.4832873219422331e-05
1.4330499692067367e-05
1.4144600771070199e-05
1.398896277229849e-05
1.3389732516414774e-05
1.2733059816484677e-05
1.2208761716607469e-05
1.2029663721676398e-05
1.2096630098732994e-05
1.2376297266556026e-05
1.256022125905377e-05
1.2484020086556053e-05
1.2430223964412811e-05
1.241971042793156e-05
1.247881119026459e-05
1.2629741592006224e-05
1.2894727476949791e-05
1.3028538323130745e-05
1.3156576362825743e-05
1.338690174696903e-05
1.3663460460886396e-05
1.398347962995274e-05
1.4341243799627715e-05
1.476062827829689e-05
1.4971180564756895e-05
1.5040679517576602e-05
1.5129000267059223e-05
1.499188458685662e-05
1.4724424064211575e-05
1.45418720944936e-05
1.4569381032476703e-05
1.4851727710121351e-05
1.532766679674823e-05
1.613660685910448e-05
1.706518856587667e-05
1.7353221721984578e-05
1.7801696946961383e-05
1.8426367359760128e-05
1.9236124283942245e-05
2.0169526867572343e-05
2.092279364265363e-05
2.1656204714698542e-05
2.23345304657007e-05
2.2957857393460995e-05
2.3066498207774168e-05
2.2769263024677456e-05
2.26847884586042e-05
2.2674118847683048e-05
2.180317782595805e-05
2.007689330880208e-05
1.8854198355074637e-05
1.829859186739157e-05
1.8346563687995068e-05
1.9109822095315044e-05
1.9630789219930314e-05
1.9932120377365287e-05
1.8282320390880244e-05
1.658068951312298e-05
1.5137960933060995e-05
1.3964299514997623e-05
1.3672160160646041e-05
1.2958865780862779e-05
1.1995655856863122e-05
1.138768583538048e-05
1.1012686803763078e-05
1.0762975665756021e-05
1.0137184721707445e-05
9.316572357963532e-06
8.23780707450508e-06
7.466494997152209e-06
6.639871267950329e-06
5.809701349952728e-06
5.435403577458131e-06
5.107326763161412e-06
4.886018866913091e-06
4.60730236704956e-06
4.331359743015306e-06
3.69777593939582e-06
3.0158726047620242e-06
2.6578753676273453e-06
2.431113137909532e-06
1.275341224963947e-06
1.0748500494696578e-06
7.097741382508404e-07
9.379220809540919e-07
1.27031111959665e-06
1.7072340008483548e-06
2.113226894137681e-06
2.716559299709569e-06
3.3582025691145652e-06
4.0430968268566845e-06
4.759595116412172e-06
4.955422143766526e-06
4.102425410306856e-06
4.07850005451252e-06
3.7779352822172654e-06
3.731520102433245e-06
3.9463376673787425e-06
4.070413276717084e-06
4.932693821691242e-06
6.416321764799692e-06
7.354173587253696e-06
7.027727533230686e-06
5.7278699381370565e-06
5.079225359246203e-06
5.046477455334329e-06
5.5830780520275425e-06
5.348813234499543e-06
5.045871146104467e-06
4.98135368161997e-06
5.306353853095527e-06
5.37495796135308e-06
5.382333038015064e-06
5.675352567996387e-06
5.703833482985723e-06
5.702954791615821e-06
5.675665461579688e-06
