2.3254930695131205e-06
1.5380087405372851e-06
1.6663010179658969e-06
1.7693453198966927e-06
1.7053070101003044e-06
1.6693790916546378e-06
1.6414980273200986e-06
1.6233582215532213e-06
1.6182767661325958e-06
1.6231561055153826e-06
1.584066548308922e-06
1.5323026157396118e-06
1.458182163868396e-06
1.3897420127650759e-06
1.3340386472752404e-06
1.2683231999076803e-06
1.1989880510952845e-06
1.1390328161473876e-06
1.090311391253306e-06
1.074308585253647e-06
9.325796531573895e-07
8.086407291837219e-07
7.052362354233583e-07
6.502534223541071e-07
6.460959330363557e-07
6.990132949090659e-07
8.163932771147303e-07
1.0098070083944587e-06
1.2589006391805178e-06
1.5641794095681424e-06
1.9421806123328206e-06
2.368643442364813e-06
2.8471621997022333e-06
3.3643696321309236e-06
3.857584937419828e-06
4.368394498563505e-06
4.915167536587683e-06
5.5130987909666855e-06
6.161618627188515e-06
6.558654374178483e-06
6.918733543616686e-06
7.36358251366494e-06
7.951072223131171e-06
8.614143931902359e-06
9.346253457265899e-06
1.0099165464376375e-05
1.0456308691067126e-05
1.0753158343361288e-05
1.1050402939360481e-05
1.1359026577416799e-05
1.1683956075436971e-05
1.2025692404242175e-05
1.237242986788599e-05
1.2743924908760823e-05
1.3135348219526595e-05
1.345042792949461e-05
1.3593318765793396e-05
1.369326549261608e-05
1.36801574155488e-05
1.3280097201328209e-05
1.278600964705228e-05
1.2217335911004753e-05
1.1664082403500714e-05
1.1128947143391551e-05
1.0631430036843633e-05
1.0214864389310611e-05
9.86960308491823e-06
9.565324125098096e-06
9.301905960630848e-06
9.076508077005238e-06
8.888684105956813e-06
8.784745974639002e-06
8.87751298982512e-06
8.992334808258508e-06
9.209646900232122e-06
9.489718820534281e-06
9.754192496269816e-06
1.0052039219362695e-05
1.0336570372606844e-05
1.0598709392156695e-05
1.0847550066377047e-05
1.1118802603997993e-05
1.1415253986945155e-05
1.176907858262621e-05
1.2316373891037743e-05
1.2729061651298253e-05
1.3115356225498044e-05
1.3539582098998996e-05
1.4436605876671034e-05
1.4991888467448356e-05
1.5701665144945698e-05
1.640811195506983e-05
1.714224710190547e-05
1.7902729172614127e-05
1.8689901763184127e-05
1.9503287507093073e-05
2.0340860699292865e-05
2.120808474329435e-05
2.2163609667801115e-05
2.31320652638944e-05
2.4130785612228196e-05
2.5160371436988598e-05
2.6239064595632578e-05
2.737934425722598e-05
2.851948035952761e-05
2.9677493767990915e-05
3.0486092080100258e-05
3.137529442483683e-05
3.24881111134309e-05
3.3190401904976705e-05
3.362377974579824e-05
3.393180757484383e-05
3.41553210115607e-05
3.431660685764232e-05
3.449407190280112e-05
3.484015303070362e-05
3.5090063375956255e-05
3.488917159722955e-05
3.4225144016012615e-05
3.275388269799237e-05
3.0843606848455685e-05
2.895442192450388e-05
2.7173225306165206e-05
2.5484745778124628e-05
2.3820281804881407e-05
2.2252994786142255e-05
2.0786735664924338e-05
1.941593807864641e-05
1.810827854248054e-05
1.68388058898114e-05
1.5960472110861946e-05
1.607834385036105e-05
1.6131236490011268e-05
1.618636035868804e-05
1.6389293051399128e-05
1.661445328842778e-05
1.688570824262723e-05
1.7152692225437603e-05
1.7482544205474826e-05
1.7809945338842995e-05
1.819333294808507e-05
1.865305607783095e-05
1.9209078719282468e-05
1.9711522725287305e-05
2.0283595239746973e-05
2.078494090807589e-05
2.1386857520242597e-05
2.1483803635419913e-05
2.1511360154224702e-05
2.147183447830702e-05
2.1600234789750142e-05
2.1827576295207e-05
2.20626130764818e-05
2.2096035106746276e-05
2.1311466899062008e-05
2.034123093742005e-05
1.9472801719459482e-05
1.890243865640836e-05
1.8519867918000127e-05
1.8175429941808465e-05
1.790458302898158e-05
1.763381218285557e-05
1.7372096933360805e-05
1.7098557270153937e-05
1.681558907242391e-05
1.6530101907136327e-05
1.625618499119289e-05
1.6002074217646355e-05
1.5794028233643977e-05
1.5514982312365694e-05
1.5158702967464198e-05
1.4749160088550195e-05
1.4367914244318692e-05
1.4025490143395592e-05
1.3680993790160063e-05
1.3325149284911007e-05
1.2872320972808417e-05
1.2304450308963139e-05
1.1685304540439495e-05
1.1043389084281662e-05
1.040692254547169e-05
9.800476536293374e-06
9.258962131730654e-06
8.816743239419266e-06
8.445887836157084e-06
8.061979918719462e-06
7.781285195789442e-06
7.547210468809147e-06
7.3734880410377505e-06
7.252546891306694e-06
7.2466456711158804e-06
7.337905288919801e-06
7.544265168270627e-06
7.838531856286405e-06
8.104928071701838e-06
8.361783310678104e-06
8.658330887082192e-06
9.062063866922336e-06
9.371561050836385e-06
9.537667503029044e-06
9.720613183398656e-06
9.935602957416313e-06
1.0180395060716687e-05
1.0454111948625554e-05
1.0756626310422297e-05
1.1138760123824189e-05
1.1619983575940143e-05
1.2152403544516506e-05
1.2717540868342142e-05
1.3314784782089738e-05
1.3945146714529376e-05
1.4334999611284201e-05
1.458049486139037e-05
1.4845481886646754e-05
1.5192024066818948e-05
1.5569142179194128e-05
1.5821846551111695e-05
1.6058581146780256e-05
1.6318160652688217e-05
1.6495106303889106e-05
1.6620123308372255e-05
1.685381319249522e-05
1.710065667624864e-05
1.7231050042576696e-05
1.72643127961409e-05
1.730519990194246e-05
1.7351739497531644e-05
1.7326254429588942e-05
1.7299230328612135e-05
1.726318884026578e-05
1.70551890595052e-05
1.682061220037252e-05
1.659361552279421e-05
1.625006613397657e-05
1.588191519285802e-05
1.5510983396398783e-05
1.5132899192626357e-05
1.4775735314819135e-05
1.4443045428567945e-05
1.4070103189012039e-05
1.3488218164168707e-05
1.2875877318640654e-05
1.2304268872843819e-05
1.1815176468783086e-05
1.1409405612738257e-05
1.1076258992684524e-05
1.0828929317677122e-05
1.0602677359417384e-05
1.0457601421824892e-05
1.0377835660603011e-05
1.036710828034912e-05
1.0076911359194203e-05
9.888130919345935e-06
9.732604629973616e-06
9.6132994496858e-06
9.526574297702552e-06
9.470550148000266e-06
9.445081334391493e-06
9.354873024537684e-06
9.20108141765838e-06
9.07396530079421e-06
8.939753766740865e-06
8.77921273549748e-06
8.6280932384614e-06
8.48056629889102e-06
8.3377760945647e-06
8.198920600089394e-06
8.050251214737783e-06
7.880051832027874e-06
7.738052706603638e-06
7.596917242006627e-06
7.463967485604531e-06
7.332251997785549e-06
7.196365945411921e-06
7.06895049524755e-06
6.9345485398537985e-06
6.812065292440044e-06
6.704776088893999e-06
6.610677884677357e-06
6.525734654427709e-06
6.461975746605259e-06
6.468993306117899e-06
6.58266537297429e-06
6.731426786468887e-06
6.904440243199379e-06
7.077861172411321e-06
7.263640200551683e-06
7.474880932204008e-06
7.716813826773135e-06
7.990470578243798e-06
8.297281753664045e-06
8.576742335764626e-06
8.858616185007951e-06
9.089299394101735e-06
9.467006465017301e-06
9.861138486192434e-06
1.0353730526664305e-05
1.0937943518297983e-05
1.1603541392870471e-05
1.234582906929301e-05
1.310609765504339e-05
1.3815680392259985e-05
1.4481659934347389e-05
1.520048159824892e-05
1.59665843060761e-05
1.6784179880112962e-05
1.7440097227553193e-05
1.8095785531738695e-05
1.873740778058926e-05
1.9218719757729964e-05
1.9700229674390063e-05
2.031770337045107e-05
2.1057034224126156e-05
2.19375496954191e-05
2.1911946399570942e-05
2.181633021776762e-05
2.1736356146614956e-05
2.1682917324019134e-05
2.166033056948424e-05
2.1542152251127245e-05
2.1150521651354463e-05
2.076012427042889e-05
2.0413639959442768e-05
2.0177171853531704e-05
1.9967041089644593e-05
1.978394208185462e-05
1.9632486115817577e-05
1.9520317638017362e-05
1.9234207220888187e-05
1.889499298880944e-05
1.8602201617924012e-05
1.84442189938719e-05
1.8497701877272955e-05
1.84684848999323e-05
1.7203831696067283e-05
1.62650716635965e-05
1.5304183921175054e-05
1.4402753520029918e-05
1.3544528280418055e-05
1.273403727567424e-05
1.1970218819880988e-05
1.1322687594278928e-05
1.0696691224829979e-05
1.0104535026895832e-05
9.540455774488585e-06
9.011635948658643e-06
8.51633195253685e-06
8.05342633016437e-06
7.706009910190812e-06
7.430968189423787e-06
7.180822549076861e-06
6.952609678550568e-06
6.729592310006926e-06
6.544039014871026e-06
6.376740570944327e-06
6.229827347784978e-06
6.1055893666140584e-06
6.017144493581049e-06
5.821902130261931e-06
5.688820707674288e-06
5.579163203772071e-06
5.4966540406626105e-06
5.440337014162576e-06
5.4093383654176975e-06
5.4128543743896845e-06
5.453266305755509e-06
5.494261682468594e-06
5.518812467038069e-06
5.564118009657212e-06
5.643394960520317e-06
5.753091520419466e-06
5.834223866748171e-06
6.010308792921379e-06
6.259736649566969e-06
6.471480822591797e-06
6.609283306891097e-06
6.755633837023503e-06
6.912884822967497e-06
7.143547032435723e-06
6.946505502352651e-06
6.998984275310697e-06
7.105592971907915e-06
7.26793358312624e-06
7.0981425184646985e-06
7.0855643266896965e-06
7.214096423248503e-06
7.013860083396494e-06
6.7677691197598785e-06
6.538307940986176e-06
6.212609106008852e-06
5.8584600039316555e-06
5.600899316680932e-06
5.466420269456754e-06
5.466141474976703e-06
5.617479851973176e-06
6.732570059829448e-06
8.076206797878418e-06
9.297136834512184e-06
1.0188123861836543e-05
1.0681757304606208e-05
1.1458078625575292e-05
1.233179914243232e-05
1.3227268391179778e-05
1.4229304403265983e-05
1.4875701417045672e-05
1.5249244079354316e-05
1.5655637706813857e-05
1.4644830017161295e-05
1.3868338763649682e-05
1.3164077296808653e-05
1.2251738153813655e-05
1.123053015306938e-05
1.023949294478939e-05
9.114073249776929e-06
7.761303245947471e-06
7.237524855852343e-06
6.4967928320977896e-06
6.354301493466371e-06
6.041085371620831e-06
6.204679795127451e-06
6.334685091123607e-06
6.825672257111307e-06
6.655520918082556e-06
6.754216744501649e-06
6.7803644924329286e-06
6.804784917859021e-06
6.816886947555251e-06
6.673667281122268e-06
6.478518096993838e-06
6.2848310794157205e-06
6.114721520173838e-06
6.0860385515496766e-06
6.100321865357503e-06
6.1206319555777835e-06
6.137603652745003e-06
6.2431185559295315e-06
6.214103467640946e-06
5.990864457613661e-06
5.720425094545623e-06
5.469322673201297e-06
5.244479868178413e-06
5.04164241031239e-06
4.847947468596351e-06
4.663078510889244e-06
4.513031443404805e-06
4.337218006876315e-06
4.11355235487241e-06
3.895812711277067e-06
3.6934970821146663e-06
3.5697354652232267e-06
3.4575454260752383e-06
3.3525014134944725e-06
3.253752748634916e-06
3.0016371100818263e-06
2.644942062299706e-06
2.2855834940243173e-06
1.952326663388434e-06
1.6042513196209943e-06
1.2806268457032842e-06
9.705479770840864e-07
6.870543580185559e-07
4.5435737629905823e-07
2.7092097565365287e-07
1.476008082842932e-07
8.219290642738924e-08
8.203589992123257e-08
1.5867538525204982e-07
3.1606631268044233e-07
5.561260370074544e-07
8.802308641559521e-07
1.2809933930747398e-06
1.7675653557897903e-06
2.2655439408322085e-06
2.6315766026366392e-06
2.91278775095901e-06
3.2732645960048475e-06
3.4675632806489194e-06
3.624045678782024e-06
3.822163979608861e-06
4.157151231763769e-06
4.59858489105996e-06
4.9962393393899335e-06
5.375184176892743e-06
5.783405702780394e-06
6.202820427973777e-06
6.497517463422735e-06
6.686695404187517e-06
6.820123325576588e-06
6.617989339264033e-06
6.396325753673435e-06
6.230952213600202e-06
6.119862956000451e-06
6.004220749364716e-06
5.867916246573487e-06
5.741412663719238e-06
5.623541661981048e-06
5.516114413624996e-06
5.420845804468715e-06
5.336888506252246e-06
5.246668258693414e-06
5.135051071231053e-06
5.032075274182795e-06
4.9573912873944205e-06
4.91057071907636e-06
4.8932317267974384e-06
4.9071468799227055e-06
4.986308478009798e-06
5.095921714576647e-06
5.345322994818427e-06
5.593982367629289e-06
5.853056245919233e-06
6.1444423470149344e-06
6.460115000176202e-06
6.82202576907872e-06
7.088300803821328e-06
7.467183544378021e-06
7.951621169788003e-06
8.441730223825588e-06
8.96272812087393e-06
9.518563687576579e-06
9.982372937889944e-06
1.0184047013307692e-05
1.0359771758357706e-05
1.0386712647476938e-05
1.0412353077022666e-05
1.043661661955367e-05
1.0464328244566392e-05
1.0498603007632647e-05
1.0548513087316032e-05
1.0606972515284193e-05
1.0761544474966892e-05
1.0907484823685527e-05
1.1034210544493254e-05
1.1143633094708502e-05
1.1241557035608496e-05
1.1412883588026397e-05
1.1534574352903376e-05
1.1643796726457822e-05
1.1769771805101858e-05
1.1907023336986172e-05
1.2054590786759945e-05
1.2044467442094418e-05
1.168933741417274e-05
1.1488086688631033e-05
1.1619068222297606e-05
1.2002727864032495e-05
1.2556323737467448e-05
1.321264713772705e-05
1.39413790482733e-05
1.4572480516202224e-05
1.4760012058738783e-05
1.4522743629557e-05
1.4052228497609111e-05
1.3458633312055204e-05
1.2808272201583124e-05
1.212251626740095e-05
1.1404297532259623e-05
1.0695124706058485e-05
1.0009996715511148e-05
9.360993693530392e-06
8.859417660831089e-06
8.703306318752972e-06
9.093686953990305e-06
9.35574953099976e-06
9.713543024816594e-06
9.899073969295981e-06
1.0096061747091182e-05
1.0278840690998348e-05
1.0555561943858392e-05
1.090874813880168e-05
1.1262444990213272e-05
1.1719945473717237e-05
1.2315632609754741e-05
1.299560393153353e-05
1.373567108144169e-05
1.4438745923160207e-05
1.5048813812489473e-05
1.564175415386936e-05
1.619385484705629e-05
1.6445627462312623e-05
1.6606628549703452e-05
1.6698501415078944e-05
1.6549004251156163e-05
1.6570117974799565e-05
1.6555993199689972e-05
1.6323639231168777e-05
1.6003853170761723e-05
1.5715583161372346e-05
1.5451353199405736e-05
1.5235461226858703e-05
1.4892557634634578e-05
1.4606899071231423e-05
1.5091415378495351e-05
1.5370971989816363e-05
1.6289169687399504e-05
1.7340502234093418e-05
1.8798612063964187e-05
2.0510569888364013e-05
2.2549375498007573e-05
2.4140918117534868e-05
2.5487227041032996e-05
2.69094211072108e-05
2.8217821313438586e-05
2.9481909381940994e-05
3.069728985217436e-05
3.175527353386525e-05
3.271676516434081e-05
3.354708618385726e-05
3.4359018014881376e-05
3.567337346581687e-05
3.6189458899952274e-05
3.589058487711351e-05
3.579330659428361e-05
3.5805048626430946e-05
3.589537608497662e-05
3.6026438995281015e-05
3.601083767613318e-05
3.5800630261735145e-05
3.547819663459709e-05
3.5085661277682406e-05
3.467815705047753e-05
3.372426950278518e-05
3.262431990146469e-05
3.153782124328646e-05
3.0286592243795077e-05
2.9168723583563898e-05
2.7638394870531298e-05
2.6208289734197463e-05
2.4658888187345784e-05
2.294881665643771e-05
2.1583554877836844e-05
2.00276817940991e-05
1.896097375209323e-05
1.7532846282343568e-05
1.641990201262001e-05
1.5104327752779753e-05
1.4149950929683724e-05
1.2628243661674994e-05
1.1591377535589083e-05
1.0784995079162256e-05
1.0136293603026215e-05
9.511152131178558e-06
8.883666867795022e-06
8.362827359972544e-06
7.871342544197402e-06
7.450065064972998e-06
7.144443264214518e-06
6.868604154645166e-06
6.661573208822814e-06
6.547013545488966e-06
6.625783984726384e-06
6.794355084011444e-06
7.049962557680573e-06
7.367099286697994e-06
7.609717026835535e-06
7.858557192136936e-06
8.147571344208274e-06
8.479703136812854e-06
8.84019936729757e-06
9.260665207951275e-06
9.739125852896026e-06
1.0251363561179482e-05
1.0611997524695113e-05
1.0983182069769776e-05
1.1302172560545095e-05
1.148225602815674e-05
1.1687995127758481e-05
1.182388356543884e-05
1.1912186137880251e-05
1.2004868403992456e-05
1.210776820415089e-05
1.2213295373127529e-05
1.2362645927331914e-05
1.2422284232810508e-05
1.2500802524409535e-05
1.2378883222304046e-05
1.2262660482492817e-05
1.2153842454612988e-05
1.2052612002252586e-05
1.2000369978124326e-05
1.1979844630303264e-05
1.1971148443575152e-05
1.1957636806465247e-05
1.1858264518149791e-05
1.1661785472795763e-05
1.1221906411797923e-05
1.0683685859829006e-05
1.0178150698640927e-05
9.655568149969362e-06
9.134739589369564e-06
8.65994879407219e-06
8.241844149545559e-06
7.831870273831073e-06
7.54611040262581e-06
7.310087444734445e-06
7.1105705117861605e-06
6.939504156805949e-06
6.793045230071634e-06
6.650648155738584e-06
6.55094917734919e-06
6.486070431676317e-06
6.442702441394647e-06
6.398278829660094e-06
6.3730262653865576e-06
6.3700252643263e-06
6.389856525057686e-06
6.433090575761686e-06
6.4992288426440514e-06
6.5896782015450765e-06
6.703634072555401e-06
6.764787560098685e-06
6.823902438070421e-06
6.861704500562788e-06
6.844116749395908e-06
6.860382559265205e-06
6.894707279909884e-06
6.9406051891689265e-06
6.9950288293824305e-06
7.05812879204554e-06
7.130338572729065e-06
7.211133078912618e-06
7.301311293558863e-06
7.400861302489254e-06
7.510054717150552e-06
7.630000020898786e-06
7.7602262465346e-06
7.901977817774998e-06
8.055230198428292e-06
8.220911783700283e-06
8.531169055801916e-06
8.845886395644239e-06
9.140911628571152e-06
9.500843493934483e-06
9.901898155133016e-06
1.0353126754886256e-05
1.085713287964071e-05
1.1418347391074323e-05
1.2038479962743473e-05
1.2719898287966155e-05
1.3263130258138705e-05
1.3506042355541232e-05
1.3717668790729788e-05
1.4039079928639183e-05
1.4368569006536328e-05
1.4727217297347823e-05
1.5063386144548372e-05
1.5395615324040345e-05
1.5793917446412145e-05
1.6263980951577312e-05
1.68075449013679e-05
1.747697408222221e-05
1.8288981738893954e-05
1.916245487471473e-05
2.0196922542341755e-05
2.139054766721798e-05
2.2664974742124284e-05
2.352965405894746e-05
2.4373013520343226e-05
2.5256257582185175e-05
2.444846316994086e-05
2.3857465414733583e-05
2.361587017494468e-05
2.345011896638595e-05
2.3298694441515956e-05
2.3039711585438672e-05
2.273831775798773e-05
2.2468891816404086e-05
2.222259762710472e-05
2.1989184963810902e-05
2.1783998074422894e-05
2.1605548100964406e-05
2.145551173166848e-05
2.135932873353771e-05
2.1523224956748366e-05
2.1746863729102246e-05
2.2003855415405244e-05
2.2287949110778196e-05
2.2559118291648587e-05
2.284676288372395e-05
2.237688574359793e-05
2.177548962493665e-05
2.1002887193144853e-05
2.02913733358055e-05
1.962121579692123e-05
1.8987289887844367e-05
1.838756364435197e-05
1.7655553890537016e-05
1.699441968314433e-05
1.6349563238945012e-05
1.570198175159903e-05
1.5010464914237007e-05
1.4340335851895738e-05
1.3712274763072825e-05
1.3096529656911615e-05
1.2488035111715672e-05
1.1915605531224697e-05
1.1398470615458133e-05
1.0930843048871488e-05
1.0567447935616187e-05
1.0312028544898577e-05
1.0196482350943923e-05
1.0103504870626677e-05
9.974408994698121e-06
9.620145262492964e-06
9.247624626472424e-06
8.88477596862192e-06
8.534439997817903e-06
8.196173172050864e-06
7.98263873895762e-06
7.881302137750323e-06
7.771468273704474e-06
7.5666248242511715e-06
7.247362800553687e-06
6.836043725969599e-06
6.395454053088533e-06
6.047020954833854e-06
5.728533221369035e-06
5.452016102321978e-06
5.269983658383398e-06
5.008419218859673e-06
4.6597262091197765e-06
4.244402440985851e-06
3.746595568735599e-06
3.304121552536422e-06
2.901994977579058e-06
2.475501889811826e-06
1.876170385954479e-06
1.5728032196363084e-06
1.4182076582158548e-06
1.3618476386486115e-06
1.4755400105821138e-06
1.5839393329484134e-06
1.6905069470452858e-06
1.794298627712014e-06
1.9747727926186836e-06
2.1587577238372248e-06
2.3951428624386953e-06
2.6664428047287468e-06
2.9575717015847937e-06
3.2744993899431042e-06
3.6407688690433647e-06
4.060405595059001e-06
4.553622092986115e-06
5.099787921559692e-06
5.604326576697033e-06
6.160708452162739e-06
6.284470690049825e-06
6.539212175488149e-06
6.828024059009987e-06
7.144773922872811e-06
7.414512998524023e-06
7.696073944541598e-06
7.979840867234948e-06
8.194988197908251e-06
8.661278542145983e-06
8.947617344610815e-06
9.278968318144656e-06
9.617331939165885e-06
1.0216334431297964e-05
1.044535526588546e-05
1.0795372128785503e-05
1.1142621093739108e-05
1.1486980755255703e-05
1.1972130343077951e-05
1.257250874163231e-05
1.2789244501362623e-05
1.2921947979745843e-05
1.3030186390272898e-05
1.306675594945267e-05
1.316078811223025e-05
1.320266091642956e-05
1.3251136840071403e-05
1.3202174544174532e-05
1.312267976361215e-05
1.2856009154173452e-05
1.2613002599345145e-05
