4.626178088045883e-06
2.7283565262320803e-06
1.6930595562355863e-06
1.7787655389292946e-06
1.862255488902831e-06
2.137186735929111e-06
2.4260000749653357e-06
2.6982817617386905e-06
3.0610952202507965e-06
3.455719337162277e-06
3.89485131767306e-06
4.358117344600091e-06
4.839518650175197e-06
5.324305694825253e-06
5.690513546931534e-06
5.943700329196262e-06
6.104894099023765e-06
6.266333008544562e-06
6.4101746236383935e-06
6.599666627221478e-06
6.7879010255615545e-06
6.6799513961872424e-06
6.43713653816219e-06
6.1837977686077465e-06
5.9471445450243025e-06
5.7388607575399954e-06
5.677462459823496e-06
6.012433443150479e-06
6.596268357352154e-06
7.271018001274593e-06
8.078051329654404e-06
9.010506894611202e-06
9.692207124628993e-06
1.0212739482041415e-05
1.077586191646894e-05
1.1402378407457384e-05
1.201050913391944e-05
1.2536092862299305e-05
1.3024068418775044e-05
1.3503911384352421e-05
1.405053569113322e-05
1.4656902909426764e-05
1.5316802552083625e-05
1.6326829774862325e-05
1.7447410453295288e-05
1.848745998238551e-05
1.9211679675766145e-05
1.9653960527806022e-05
1.9662291644860987e-05
1.956364120917884e-05
1.946188040259145e-05
1.93817875986269e-05
1.9327509361988636e-05
1.9303399961513068e-05
1.9309884854022686e-05
1.934799782374349e-05
1.938936069971953e-05
1.936116230995195e-05
1.9331781003856993e-05
1.9329687875661943e-05
1.939870109588589e-05
1.9510796788943603e-05
1.9471251540696008e-05
1.9156212065491518e-05
1.8829575769181216e-05
1.8623550926391483e-05
1.848663997870173e-05
1.8251321976206786e-05
1.8003302275942012e-05
1.7679648921501547e-05
1.737405751561734e-05
1.7096628223464007e-05
1.7008300277203978e-05
1.732090610899332e-05
1.7815937665803815e-05
1.8400566975414365e-05
1.896001321223772e-05
1.997233899330812e-05
2.141974871137338e-05
2.342869837167474e-05
2.6067984801786647e-05
2.8460783653283963e-05
3.106206673077481e-05
3.3711196041651225e-05
3.5514271702921256e-05
3.7451404671063624e-05
3.8928481084558255e-05
3.96809064627611e-05
4.075984125476909e-05
3.971375053476403e-05
3.811566467789743e-05
3.667261037768166e-05
3.52874170292795e-05
3.3963942115309594e-05
3.2669665671025655e-05
3.1495741787427384e-05
3.0506613704216886e-05
2.9550823721051448e-05
2.841982756995819e-05
2.6825379173216894e-05
2.52549013080689e-05
2.3910046326946243e-05
2.272542942712683e-05
2.3488836992418156e-05
2.378874082966391e-05
2.439364130921163e-05
2.5043152051313388e-05
2.5594203919471474e-05
2.622027105330659e-05
2.691062762348341e-05
2.7599525575592956e-05
2.8484806134991134e-05
2.8683068336785357e-05
2.8585443543596e-05
2.8435005757550108e-05
2.8298096237514417e-05
2.814314266033737e-05
2.793069212716117e-05
2.7885090030532435e-05
2.699073766648622e-05
2.59752595309741e-05
2.526346913768362e-05
2.461908719480906e-05
2.4134816845305493e-05
2.3497963820665675e-05
2.2802761948007194e-05
2.1997472974740946e-05
2.1172513444187435e-05
2.0333164984514877e-05
1.928310831941841e-05
1.810991519326284e-05
1.6837039664595117e-05
1.5486719677058894e-05
1.419556875063234e-05
1.3123932280391923e-05
1.2134986137189413e-05
1.126699680768447e-05
1.0537148840241578e-05
9.918888024836708e-06
9.340078345226755e-06
8.827127173826305e-06
8.35986700782892e-06
7.9552453184873e-06
7.61663021138265e-06
7.35560964305469e-06
7.17857641240483e-06
7.063829145858469e-06
7.018406427491157e-06
7.131513170883009e-06
7.423616753892816e-06
7.910893133911769e-06
8.43989590074878e-06
9.146272970163104e-06
9.4770423023237e-06
9.907617125362489e-06
1.0158634799862957e-05
1.0536877816856602e-05
1.1024002963814549e-05
1.1498212403729309e-05
1.1994583966111284e-05
1.2490662608693382e-05
1.2827857173419513e-05
1.3308225715684718e-05
1.3714544710902412e-05
1.4094244734376542e-05
1.4511528332399992e-05
1.4481981862829054e-05
1.4732764184754305e-05
1.5005602086935402e-05
1.5270711415229628e-05
1.5457284368852743e-05
1.5673639367600893e-05
1.5910279989592165e-05
1.6124249493811577e-05
1.6225013465902033e-05
1.626320941737205e-05
1.627517481740972e-05
1.6306800229249428e-05
1.6305648672074948e-05
1.6467453726737256e-05
1.6440530675414885e-05
1.6123406161973847e-05
1.552480163861182e-05
1.4917107066254249e-05
1.4341143053744159e-05
1.3801187121676602e-05
1.3299014607306522e-05
1.2796620777621664e-05
1.223216189939848e-05
1.161389563149297e-05
1.1042722862599612e-05
1.0565870948435789e-05
1.0094042526340465e-05
9.607449682247317e-06
9.270084206288504e-06
9.049515373668266e-06
8.940946405922366e-06
8.726872255263212e-06
8.568886889202564e-06
8.486276928155173e-06
8.459149010562476e-06
8.172871220716811e-06
7.933414901304235e-06
7.713830598877059e-06
7.503827037012956e-06
7.291995698234667e-06
7.084968117959695e-06
6.8637258249261785e-06
6.6192877700699215e-06
6.409307450982504e-06
6.230809395061907e-06
6.084556420563811e-06
5.959691114094921e-06
5.839872043733656e-06
5.7207066103860185e-06
5.6081101774219305e-06
5.505719583168099e-06
5.352181586029365e-06
5.2103666773437694e-06
5.1519078147203434e-06
5.1403584675557385e-06
5.172976887913574e-06
5.239496773451844e-06
5.319640419538407e-06
5.431538270006358e-06
5.634297901238085e-06
5.954906387245235e-06
6.108140338541379e-06
6.319497181038488e-06
6.7478723256323504e-06
7.308306683816489e-06
8.005561268855837e-06
8.861562350237528e-06
9.665180245363697e-06
1.0538842528007869e-05
1.1556023735907909e-05
1.275036749669267e-05
1.4039527865650037e-05
1.4943003726523245e-05
1.5757942235441192e-05
1.5950786575916916e-05
1.5807035721817932e-05
1.5731390423731243e-05
1.569439586734409e-05
1.5745895500273645e-05
1.5862290867581965e-05
1.601300222057811e-05
1.6199885531129963e-05
1.6390631379649278e-05
1.651275355837019e-05
1.660814311918154e-05
1.656915552745918e-05
1.624755038866801e-05
1.6217726576060816e-05
1.6346772938859163e-05
1.6322282579940483e-05
1.526045615654917e-05
1.4065858836062004e-05
1.305869306465544e-05
1.2172053207838151e-05
1.1497761859444203e-05
1.100639070352293e-05
1.0531464849947939e-05
1.0169440568334948e-05
9.650393258214051e-06
9.144186318342933e-06
8.705799661706192e-06
8.310776414850676e-06
7.958766546549028e-06
7.689789450817947e-06
7.419304189425419e-06
6.8725139090056245e-06
6.335821411378536e-06
5.828040318133915e-06
5.412680011148878e-06
5.157081055704646e-06
5.111928843304722e-06
5.27023378634773e-06
5.466234923090277e-06
5.597265807308624e-06
5.7527844274181875e-06
5.959288434052347e-06
6.249023640207564e-06
6.5996441151123e-06
6.67392765880773e-06
6.775794654371641e-06
6.9318443436944195e-06
6.202579881799015e-06
6.211486548905969e-06
6.229029650369637e-06
6.492124290161005e-06
7.3351744315588425e-06
8.317644944026302e-06
9.422524439986893e-06
1.0749479600420482e-05
1.160562344660384e-05
1.2237350460080908e-05
1.2067774677593229e-05
1.175925761519086e-05
1.1409135048214137e-05
1.0873258319469506e-05
1.039623342147074e-05
1.0053188737726425e-05
9.76794111956649e-06
9.556385260641138e-06
8.786279016336969e-06
9.425906118942224e-06
1.0411099407489606e-05
1.1780874316621505e-05
1.3113263857902901e-05
1.3561361816627187e-05
1.3471386268207666e-05
1.3352622322111719e-05
1.3071188919842519e-05
1.2849558708591558e-05
1.2734786295137528e-05
1.2658949456545814e-05
1.1646535472204178e-05
1.1002408143121494e-05
1.030190397377648e-05
1.031190270735335e-05
9.768144450561827e-06
9.680812031212537e-06
9.877989216513484e-06
1.0250637650408835e-05
1.0920246963639001e-05
1.0454547151506439e-05
1.038087757673165e-05
9.753789254187162e-06
9.223092743498079e-06
8.638603767362848e-06
8.016383431887523e-06
7.540386105240202e-06
6.973056074954182e-06
6.447408812508615e-06
6.076136826582773e-06
5.785976639232261e-06
5.544528149156129e-06
5.271790214134251e-06
4.939403649282782e-06
4.595018973493975e-06
4.182860865214665e-06
3.652897333352905e-06
3.1561078075737642e-06
2.7098925267700778e-06
2.274183942583584e-06
1.8823321140963752e-06
1.6015982088168334e-06
1.461822804945397e-06
1.3740129334342381e-06
1.3114831714048107e-06
1.3302248950988085e-06
1.4131966226908095e-06
1.5538698915228216e-06
1.7024592415335465e-06
1.798291646255076e-06
1.8909728947506104e-06
1.998135679229954e-06
2.1541995370647306e-06
2.3144725357975912e-06
2.39369698334168e-06
2.6799100560872033e-06
3.2181018325386956e-06
3.393990865153722e-06
3.4956248461264812e-06
3.704167251417163e-06
4.04969665059053e-06
4.435176778868228e-06
4.736437277955113e-06
4.96792495091833e-06
5.209358201112745e-06
5.471828739261267e-06
5.659857415223257e-06
5.838237880625642e-06
6.088332066956435e-06
6.428992386266958e-06
6.7350745843276216e-06
6.919677831113972e-06
6.74489109950041e-06
6.527601274890014e-06
6.294900676899571e-06
6.079949980894969e-06
5.888730731005482e-06
5.737904084502142e-06
5.634790810650561e-06
5.556095903478788e-06
5.49929226883526e-06
5.461621443888525e-06
5.442186300231434e-06
5.440341822468946e-06
5.455106114189085e-06
5.637302762827968e-06
6.032937677827998e-06
6.456452560257621e-06
6.921230999720158e-06
7.418468691237033e-06
7.903163048086404e-06
8.473624815970259e-06
9.31722782653334e-06
1.0305486574013888e-05
1.1116489397743136e-05
1.1790191114557992e-05
1.244185492084151e-05
1.3113309198846175e-05
1.3675686190722858e-05
1.4319641915196465e-05
1.5201492516820736e-05
1.661401670133016e-05
1.817410265124819e-05
1.9901419449065275e-05
2.223520678720225e-05
2.448325429588678e-05
2.6845676058292625e-05
2.9133810535267143e-05
3.168597467185173e-05
3.416917880401552e-05
3.657462004670565e-05
3.8177994514485925e-05
3.967857971947201e-05
4.1752043103357597e-05
4.310293352360765e-05
4.360745796403584e-05
4.264974373292133e-05
4.020582403456215e-05
3.767822805857401e-05
3.52731479246858e-05
3.308123616088929e-05
3.100062607959623e-05
2.9015183824860596e-05
2.7040664403697815e-05
2.5149310102114203e-05
2.411756580339104e-05
2.312981389085215e-05
2.2102484579724863e-05
2.1473839000541116e-05
2.1379408839710736e-05
2.206882694642843e-05
2.221175345236015e-05
2.251374930248517e-05
2.289095558537344e-05
2.353368873815477e-05
2.441371278974396e-05
2.56324344985455e-05
2.6314078437314673e-05
2.5981052167748763e-05
2.5893416827364763e-05
2.6264770961567493e-05
2.669639148214035e-05
2.6624066686084912e-05
2.6050248920981076e-05
2.5005939061204172e-05
2.4093395797045e-05
2.314035686638328e-05
2.225028400020436e-05
2.146679974984935e-05
2.0849219738713414e-05
1.9873855839567676e-05
2.0350001284217707e-05
2.1244245609398466e-05
2.2328908038152716e-05
2.3701095394626123e-05
2.5311478391819863e-05
2.669590976922321e-05
2.785237086374949e-05
2.909255198584583e-05
3.0460960751567763e-05
3.175032336783464e-05
3.297233186116616e-05
3.4324811704094495e-05
3.6200852378078106e-05
3.7028572615608404e-05
3.6496311125198695e-05
3.597071063015811e-05
3.541332194107224e-05
3.482618045318284e-05
3.394382400254016e-05
3.291963387872356e-05
3.1727427373841424e-05
3.0643590497177235e-05
2.9502351316309512e-05
2.8169852599847027e-05
2.6776299029455856e-05
2.5280346846828638e-05
2.3599418040586504e-05
2.255600428643011e-05
2.1537543358787808e-05
2.0442510065305807e-05
1.949834216261503e-05
1.850700862808931e-05
1.730165507782713e-05
1.6669651898609908e-05
1.4809333892657131e-05
1.3680503599881168e-05
1.2185833694230472e-05
1.146821672034842e-05
1.0649887321641623e-05
9.917745144379315e-06
9.227653661968762e-06
8.657910362336893e-06
8.400466510250297e-06
8.267725369269706e-06
8.268234380488622e-06
8.407419024622098e-06
8.653740958449041e-06
8.820887055796127e-06
9.051606170961057e-06
9.385381006373668e-06
9.60989813823507e-06
9.807744384765534e-06
1.0000254403534123e-05
1.0205730010531814e-05
1.0260018361918589e-05
1.0212479441635855e-05
1.019843251519877e-05
1.0221303051582895e-05
1.0295372487422707e-05
1.0401275423699863e-05
1.058617462508625e-05
1.0788091290577642e-05
1.1005843190337117e-05
1.1240522336842593e-05
1.1494142228233504e-05
1.173431459009243e-05
1.1988896413527706e-05
1.2450941725932618e-05
1.2977710458516283e-05
1.3254133755562951e-05
1.316361882623862e-05
1.2834006552169376e-05
1.2492235392671328e-05
1.2089677348657246e-05
1.1559171385274737e-05
1.1036512780359712e-05
1.056525003173223e-05
1.0187989897423257e-05
9.944755256127825e-06
9.755139722046335e-06
9.469175054967387e-06
9.300161830966516e-06
9.163205628887385e-06
9.068363910351843e-06
9.011171972803625e-06
8.98836942825486e-06
9.000140960636552e-06
9.046452014969008e-06
9.124398097748493e-06
9.180366786700291e-06
9.249674909763939e-06
9.299277252355978e-06
9.366129479473233e-06
9.463400726768894e-06
9.550059681185578e-06
9.616898239045033e-06
9.73582375215041e-06
9.903360308591585e-06
1.0171299812435433e-05
1.0605874125389547e-05
1.104184987996183e-05
1.1517104984893305e-05
1.2034319912306692e-05
1.259384784560523e-05
1.3201845334491474e-05
1.3887563672855756e-05
1.4326119637882166e-05
1.462400468080024e-05
1.4939006333220614e-05
1.532541081458383e-05
1.5806351903694407e-05
1.6399855195053797e-05
1.7123487225227437e-05
1.7321405868767782e-05
1.7536682094985717e-05
1.7912365422686712e-05
1.8495148020497787e-05
1.8934393662039143e-05
1.9293250505337793e-05
1.973216958940441e-05
2.032281512179924e-05
2.0970940806774568e-05
2.172506984498683e-05
2.2718225782334938e-05
2.3982883533650476e-05
2.5126208553570887e-05
2.4190810334455404e-05
2.3975491472459128e-05
2.3804660443672134e-05
2.3660477099113126e-05
2.339686559674184e-05
2.3032626064438907e-05
2.257833934063714e-05
2.2238615857840683e-05
2.186425610088283e-05
2.1340442894531514e-05
2.1431123219038456e-05
2.1630429418040302e-05
2.1912395321395366e-05
2.227156624239414e-05
2.2713813276868143e-05
2.2524966986590918e-05
2.1467921243168986e-05
2.0458168415212003e-05
1.9551165704809008e-05
1.8871494484791495e-05
1.824423048902228e-05
1.7035849783705645e-05
1.5967955259174484e-05
1.4977018425845352e-05
1.4053257180903136e-05
1.3183291050014116e-05
1.239396718641643e-05
1.1685989763152011e-05
1.106543926013402e-05
1.0391345813174557e-05
9.81766556401164e-06
9.414303725925754e-06
9.029606735235209e-06
8.56149509566771e-06
8.168024250609855e-06
7.681629000280772e-06
7.125239977507886e-06
6.5166162361694655e-06
5.996226720718315e-06
5.534178541956929e-06
5.190073805843488e-06
5.026473842985987e-06
4.921512299594646e-06
4.830204127775565e-06
4.6209930046906376e-06
3.948953035044152e-06
3.524177393400075e-06
3.1036075831099236e-06
2.9109465563587894e-06
2.710137713058537e-06
2.6259247990818454e-06
2.490452985461628e-06
2.559504649247592e-06
2.6149869418741616e-06
2.6546987163636695e-06
2.668072031863216e-06
2.7702411976510524e-06
2.9023217862300992e-06
2.9263047122409804e-06
2.879741716024316e-06
3.11170570838993e-06
3.170879864768137e-06
3.3386234899987756e-06
3.4607732174014836e-06
3.218332333508295e-06
3.192787403138266e-06
3.0697835662026417e-06
3.099732209103669e-06
3.2338739834632955e-06
3.574806712031663e-06
4.001753221105987e-06
4.3224414773857396e-06
4.875513912169698e-06
5.594409270938129e-06
6.222747859317513e-06
6.905808770178949e-06
7.622115165243211e-06
8.405120492836745e-06
8.947023561909647e-06
9.550055482005947e-06
9.824708906941829e-06
9.671741108888204e-06
9.312712920495984e-06
8.880754140306234e-06
8.359867681928547e-06
7.637558806615904e-06
7.275043291579459e-06
6.890248363175653e-06
6.312401823891758e-06
5.628850968721604e-06
4.832173014382937e-06
