3.653766077370677e-05
1.1387270043565849e-05
1.0270872114521467e-05
8.899035949047877e-06
1.0018948991347068e-05
1.2601798917469637e-05
1.5851208829108754e-05
1.834426132068003e-05
2.049269272418993e-05
1.9034715409989558e-05
1.934056819650841e-05
2.2151517601077845e-05
2.5849820192346067e-05
2.957951318498362e-05
3.384011663403887e-05
3.9730094175668885e-05
4.393412705022053e-05
4.776048931270273e-05
5.083390258613294e-05
5.025655351117566e-05
5.2793724913645165e-05
5.731605269851624e-05
6.15390372827261e-05
6.470978389955565e-05
6.545165612376909e-05
6.063330174788593e-05
5.540607624091183e-05
5.0049137664744724e-05
4.6112821234044454e-05
4.345367505164234e-05
4.168364880663424e-05
4.1356570814064786e-05
4.3117508234735005e-05
4.534332319806762e-05
4.737131763573909e-05
4.930743282426315e-05
5.080449239377097e-05
5.258869431341822e-05
4.964219031884576e-05
4.5823038863087375e-05
4.090371429530778e-05
3.4939430785857356e-05
2.9579216439818195e-05
2.466342247541538e-05
2.264158071621691e-05
2.6242772140383367e-05
3.455550092907727e-05
3.9875829749440726e-05
4.4296839508131066e-05
4.664224391827591e-05
4.725023131656333e-05
4.5861488181312974e-05
4.5396918600081875e-05
4.505962219232986e-05
4.6193371015303586e-05
4.73662025470708e-05
4.923328321729024e-05
4.845333498260911e-05
4.1601523455672996e-05
3.415051240792228e-05
2.4843531897738215e-05
1.7691222615639407e-05
1.3603491956617799e-05
1.1977296108093481e-05
1.1846563499222987e-05
1.3610850230523271e-05
1.504405945261702e-05
1.6757929232657572e-05
1.8478002408546353e-05
2.1574291171134408e-05
2.4071507230391634e-05
2.62318896362673e-05
2.7504966457366128e-05
2.727706158234203e-05
2.4493787109302114e-05
2.201836628123525e-05
1.9018069055266323e-05
1.6660162443530076e-05
1.4495129152570086e-05
1.3259633541855717e-05
1.2912048127996083e-05
1.3270978631041462e-05
1.403765877592612e-05
1.4323206258337082e-05
1.4620195993430748e-05
1.5062562144168062e-05
1.62505161314565e-05
1.7394697062035402e-05
1.8441944571736198e-05
1.9606392017763965e-05
2.0569435751970232e-05
2.1253925042321014e-05
2.177107871327787e-05
2.2442150811314262e-05
2.329931551476645e-05
2.440327882251776e-05
2.593419947862021e-05
2.8218818295046774e-05
2.8445953355358026e-05
2.8625866354063377e-05
2.8884251694566044e-05
2.8702051167923618e-05
2.8582148830529083e-05
2.8430715651372517e-05
2.6899974692974607e-05
2.5360347418281007e-05
2.424790919689767e-05
2.3554394821047558e-05
2.3698311491739482e-05
2.458392526665792e-05
2.508632698666896e-05
2.3199323223419657e-05
2.2170501780185947e-05
2.1541154190170088e-05
2.1690659834785877e-05
2.1044911690535397e-05
2.182373707759112e-05
2.4109019850888876e-05
2.6839709771174263e-05
2.667144967521636e-05
2.583910646422944e-05
2.4387558360169216e-05
2.2351849604119777e-05
2.0353889049199934e-05
1.799754869538224e-05
1.406891865292393e-05
1.1492425423260633e-05
1.1214826855631402e-05
1.69242672820894e-05
2.4845517766411804e-05
2.402062611289804e-05
2.9137348837488903e-05
2.7251245321212933e-05
2.0237835780721347e-05
1.9538876125277594e-05
2.2026874148145174e-05
2.3534417145961432e-05
2.1737313186883164e-05
2.0056723891301515e-05
1.2086392249248626e-05
1.0709648495804698e-05
1.2220110825158529e-05
1.3263402612647643e-05
1.4821819299577696e-05
1.9347686853004234e-05
2.5139187156801837e-05
2.6836382256752563e-05
2.454945570095335e-05
1.9346416449780992e-05
1.5545677666548576e-05
1.3785860287510226e-05
1.0410074161006238e-05
9.568935438076819e-06
1.0709345179787602e-05
1.0337819166778204e-05
9.37910816032203e-06
9.647184460809922e-06
8.827832699382978e-06
8.302001974598188e-06
9.184264544411085e-06
1.1462516995401869e-05
1.4229805140055254e-05
1.7812954089176785e-05
2.0836933149184e-05
2.459773186048861e-05
2.972849292888594e-05
3.409725467099376e-05
4.3223415928143174e-05
5.296768215488013e-05
6.373219115524218e-05
7.430082886296621e-05
8.527638715073236e-05
9.47520173543809e-05
0.00010291759051852251
0.00010896845936892948
0.00011035306319667247
0.00010890854531654398
0.00010481884173456593
0.0001011169102811209
9.679502517446218e-05
9.36291774304753e-05
9.299361687233595e-05
8.973651228612222e-05
8.771120368143716e-05
8.67817977291468e-05
8.686578658504397e-05
8.600080756114398e-05
8.518057990211813e-05
7.589983248432564e-05
6.560848432763682e-05
5.7121681832690715e-05
4.544014474634676e-05
3.472162540535941e-05
2.604506244211507e-05
2.0093952918839992e-05
2.2465203910380743e-05
2.2425932431378107e-05
2.7575679182881756e-05
3.0042304773945662e-05
3.2075523716799014e-05
3.55675454908547e-05
3.898619593643233e-05
3.819426733155258e-05
3.475812863167282e-05
3.006783025785763e-05
2.9919977607722066e-05
3.094725552154562e-05
3.017867390463342e-05
2.9057969129789006e-05
2.8887658147595284e-05
2.7354155103903604e-05
2.3075366340447058e-05
1.988367850994496e-05
1.7256791228423897e-05
1.5861664106993667e-05
1.502834935785387e-05
1.5099970101431857e-05
1.6664524463210733e-05
1.9394050945374517e-05
2.2461240841275976e-05
2.5029377015404397e-05
2.692914659842139e-05
2.7867286512639517e-05
2.8602123808888917e-05
2.6327914087577373e-05
2.438448216340527e-05
2.397730832652186e-05
2.4238719867555567e-05
2.2926811684003048e-05
2.1519910930614924e-05
1.996242363812327e-05
1.8269510267708316e-05
1.7097077422348076e-05
1.5955447538191994e-05
1.4516258709968282e-05
1.2934913275252356e-05
1.2785103459306906e-05
1.2818102140970478e-05
1.3231363693707043e-05
1.360870954711864e-05
1.4240635640103972e-05
1.5110567546671908e-05
1.6176949779539537e-05
1.7200745330694706e-05
1.7094706931312208e-05
1.7686054513894934e-05
1.8207386602798847e-05
1.8972313121891416e-05
2.0120803936718392e-05
2.1846646133267188e-05
2.3820880184356236e-05
2.5639241377933713e-05
2.6388580126991698e-05
2.546770375420965e-05
2.5466095304065763e-05
2.5073902365544596e-05
2.634284753848419e-05
2.658510158293105e-05
2.5890365384017457e-05
2.5399904191090712e-05
2.417661602763723e-05
2.447341154933264e-05
2.588615642399744e-05
2.81775817294957e-05
3.0757363879999974e-05
3.559367133236069e-05
4.052238778803135e-05
4.406644623056924e-05
4.5646270564154966e-05
4.357831398469065e-05
4.014068492483501e-05
3.688305904592879e-05
3.468923873800774e-05
3.382859607291221e-05
3.346461781669445e-05
3.221833675751374e-05
2.6464317453183186e-05
2.0272116572467003e-05
1.4610164303907496e-05
9.370200164291792e-06
4.0956906870624325e-06
2.0938318206399834e-06
4.813457219852966e-06
5.794168984788755e-06
7.377125772714826e-06
8.287163501243639e-06
7.2815990217013336e-06
7.513055318230637e-06
7.096119057644044e-06
4.80302091285156e-06
1.5616361418555462e-06
3.901728457811273e-07
1.126052750253379e-07
9.853639532864338e-07
3.7127633871061355e-06
7.3417513307011154e-06
1.0007932851083344e-05
1.4981686805047534e-05
1.866461854670325e-05
1.7301481348594327e-05
