2.5734451742673292e-05
1.291586778414673e-05
1.2496187644554802e-05
1.396251785701247e-05
1.3350187562449134e-05
1.3493970875442857e-05
1.4041131324382343e-05
1.5090962202735663e-05
1.6473547419085562e-05
1.700610785310251e-05
1.7874688066466544e-05
1.912628890828464e-05
2.0617307891721514e-05
2.025112901973145e-05
1.95993758155087e-05
1.9458166584408325e-05
2.0364129484713916e-05
2.2701582074923266e-05
2.4037334250790285e-05
2.5428085390169647e-05
2.7113085307285483e-05
2.9132491090669125e-05
3.121636365960857e-05
3.3193207422022746e-05
3.49811216428316e-05
3.633075029236452e-05
3.694840693440292e-05
3.608289679924775e-05
3.4237035177216254e-05
3.238001579675583e-05
3.053716160375613e-05
2.902938159640059e-05
2.6499774160362245e-05
2.5727919300935587e-05
2.5980878682315668e-05
2.5412931069394208e-05
2.508963579799891e-05
2.4518991729811636e-05
2.4188352111912347e-05
2.3994958584941965e-05
2.4475064067354983e-05
2.535446936018348e-05
2.6609507591104018e-05
2.8118868529739127e-05
2.9753002911867638e-05
3.1204540929840296e-05
3.1342606865230986e-05
3.106479945301913e-05
3.072557512183645e-05
3.034180787169891e-05
2.994870940103199e-05
2.9888433124033616e-05
2.9697975249404485e-05
2.7634973143231057e-05
2.5190651553350685e-05
2.3592882492931277e-05
2.0546130379099216e-05
2.0517483503457398e-05
2.0058023540822622e-05
2.1209363867643623e-05
2.1441333364920992e-05
2.210775384585979e-05
2.287525415233378e-05
2.353364294364735e-05
2.4514563093183798e-05
2.557111235074137e-05
2.7198224030597736e-05
3.104691242220478e-05
3.2268407102283684e-05
3.4172307008860944e-05
3.619080913984821e-05
3.765736071510974e-05
3.867756627978413e-05
3.784615346475707e-05
3.5718400512184994e-05
3.477432298103664e-05
3.394734988671907e-05
3.360602081318338e-05
3.268206621766062e-05
3.109868267638183e-05
2.782609460157247e-05
2.4222943008880686e-05
2.0297963843813483e-05
1.6814035927660202e-05
1.3880403136933316e-05
1.198714405605984e-05
1.0509427605818445e-05
9.406444228688547e-06
8.642821272917296e-06
8.421071498699413e-06
8.681882972398418e-06
9.50516488917996e-06
1.053818176814267e-05
1.1436185236507472e-05
1.2591096415822878e-05
1.4149297441441041e-05
1.5188162246525698e-05
1.6582482014118836e-05
1.7513617875761467e-05
1.8178497835655916e-05
1.914664576824929e-05
1.9356424701830272e-05
1.8844142832667637e-05
1.797715358281922e-05
1.737268528078601e-05
1.681627893812867e-05
1.6229635587428777e-05
1.5563330370545238e-05
1.4833605313872687e-05
1.410051440250105e-05
1.3432534687920973e-05
1.2798058774675002e-05
1.2277527804260448e-05
1.1972614304816628e-05
1.1843285777375398e-05
1.175727641510145e-05
1.1621235315985484e-05
1.1483463256755385e-05
1.1402187315070207e-05
1.1410368362289843e-05
1.1504287601959055e-05
1.1721189614440751e-05
1.198315704624561e-05
1.219739444965587e-05
1.2212702334613022e-05
1.2198039262343713e-05
1.2157958163203277e-05
1.223248453626274e-05
1.2471528637516526e-05
1.2591769797875379e-05
1.2656431708428173e-05
1.2771939091077598e-05
1.2962162275847669e-05
1.3310581860559674e-05
1.3841322145227872e-05
1.4548005847533753e-05
1.5217170077035622e-05
1.4937295480035313e-05
1.4332598557296334e-05
1.3993324885868514e-05
1.408884382934963e-05
1.4168799942948403e-05
1.3491158642821919e-05
1.2503918643164333e-05
1.1390493428287374e-05
1.0543122391974618e-05
1.0019242194317822e-05
9.864283394816107e-06
9.710830346163105e-06
8.832427374542945e-06
8.239397429544927e-06
8.08857841099775e-06
8.450968096649016e-06
9.55008700678557e-06
1.0675414332196357e-05
1.1362270560531479e-05
1.2228157400237487e-05
1.3104365554837372e-05
1.4171399734327013e-05
1.5145555420529537e-05
1.571644921839249e-05
1.6464782504693322e-05
1.6627480547368694e-05
1.6286664020080762e-05
1.5079565935821622e-05
1.3956640245113141e-05
1.300276975520265e-05
1.2362358908801379e-05
1.1633001239502247e-05
1.0739275372804334e-05
9.846183737194411e-06
8.938253820705356e-06
8.169323773193913e-06
6.8007780816622415e-06
5.014953882663413e-06
3.7029401728798756e-06
3.3396885629926644e-06
3.44072458195239e-06
5.081469691488626e-06
9.360766252582669e-06
1.491301949459069e-05
1.5861139602763075e-05
1.7810152218835004e-05
1.860988094557089e-05
1.9321704702604078e-05
2.0096952512940374e-05
2.047858285958103e-05
1.99061022589356e-05
1.8508266497272302e-05
1.272164210333168e-05
8.488066882380762e-06
4.5798786989550716e-06
2.206715640731921e-06
6.924835542431592e-07
2.0001860722860526e-07
2.3157563818227238e-07
2.842864165110215e-07
4.104615557720538e-07
6.043457548650098e-07
8.620425135389888e-07
9.504190812808176e-07
9.229034771156733e-07
8.856089950327132e-07
8.808660606614396e-07
8.17725445019898e-07
6.049182280453365e-07
6.608991676816028e-07
7.396285080110099e-07
9.964633103014137e-07
1.1393850041486753e-06
1.6917721574171042e-06
2.9864776123730577e-06
5.035952736561216e-06
7.5602495931413485e-06
1.0325412517696333e-05
1.3070004222990855e-05
1.4865479002022875e-05
1.39996592185245e-05
1.3082730878621585e-05
1.1979025508791712e-05
1.1232012398652887e-05
1.0799042746545989e-05
1.0712305040770114e-05
1.0801535869270497e-05
1.1038201747053183e-05
1.1199861461208562e-05
1.0386746419527307e-05
9.898410881182475e-06
9.876940015492818e-06
1.0844794317219353e-05
1.2717291590821327e-05
1.5018504141666905e-05
1.6871549471140708e-05
1.8467125763462837e-05
2.0190535338705956e-05
2.2037919217361448e-05
2.465372959028428e-05
2.6945945311056745e-05
2.7829160575348944e-05
2.7911170141194655e-05
2.770353723730258e-05
2.7973544524228325e-05
2.8623209126222456e-05
2.938455414130801e-05
2.9343772658497452e-05
2.9374190390161123e-05
2.9688746932572184e-05
3.0788491589784915e-05
3.2812793460236625e-05
3.5644715528066674e-05
3.8799426294904256e-05
4.217890301764231e-05
4.517401885988481e-05
4.824292976089076e-05
4.9228949872860364e-05
4.864712366254461e-05
4.753262540274114e-05
4.679908376247936e-05
4.6307334218272885e-05
4.215898451304465e-05
3.788944168387355e-05
3.6237892548364704e-05
3.493593566647868e-05
2.9491009989666266e-05
2.697728089720268e-05
2.5863550211025995e-05
2.577097787956409e-05
2.5525276785809994e-05
2.5172989045645905e-05
2.491940152475957e-05
2.4748873439995028e-05
2.4188005019581254e-05
2.3695144142795182e-05
2.3287129976464317e-05
2.39037065096736e-05
2.4168935280892274e-05
2.5243103675247344e-05
2.69084526151692e-05
2.8187499729602205e-05
2.824041617744866e-05
2.7294335275684457e-05
2.6221788878561344e-05
2.6491401157256628e-05
2.719810903116942e-05
2.706010836204426e-05
2.6244858201251378e-05
2.5447401996617515e-05
2.4490001066612237e-05
2.311717658669795e-05
2.246361758189294e-05
2.200856043112496e-05
2.14330349582506e-05
1.987106294635694e-05
1.7945198174633586e-05
1.64780819036678e-05
1.5492175635769522e-05
1.4469605893800089e-05
1.3727705397509158e-05
1.3375969970196244e-05
1.3325393542575154e-05
1.370276352844085e-05
1.4697916112544093e-05
1.546545506550099e-05
1.5970527779705886e-05
1.6409412443367946e-05
1.6740691294023306e-05
1.7095741135038944e-05
1.646255527424143e-05
1.5661273734548732e-05
1.5180743598541598e-05
1.4916186317732009e-05
1.6665451441292613e-05
1.7301202629374016e-05
1.6799982639866008e-05
1.57298649670872e-05
1.5284111202749325e-05
1.5281757690499086e-05
1.5216658320515893e-05
1.4743381045559625e-05
1.4242307059438552e-05
1.3834458311457192e-05
1.3495837157718892e-05
1.329278940736239e-05
1.3234683861874778e-05
1.3205334134238356e-05
1.328160715504259e-05
1.3362898523201802e-05
1.3561911350628746e-05
1.366113028184292e-05
1.3802324804064823e-05
1.403599490679259e-05
1.4369325039760934e-05
1.4789312848302506e-05
1.5224475011521572e-05
1.569655583335353e-05
1.6327163625031437e-05
1.692455016173559e-05
1.6833355903006867e-05
1.6719244759336175e-05
1.671232324303667e-05
1.7171198897110203e-05
1.7421568886700668e-05
1.785887885870913e-05
1.84461469029519e-05
1.8828823552851437e-05
1.9418360545151168e-05
2.0111281735408316e-05
2.0910901438150675e-05
2.1544333583577074e-05
2.2299966692962835e-05
2.2406832896348237e-05
2.1976575186155166e-05
2.228609823069992e-05
2.2060780563615834e-05
2.056638468884522e-05
1.9109381529262125e-05
1.818486509539212e-05
1.7846395063884027e-05
1.7885932059544815e-05
1.8510900918157456e-05
1.7849096536952502e-05
1.680226808839757e-05
1.5204886895010658e-05
1.3518025165566662e-05
1.2481298716637398e-05
1.1363038623471084e-05
1.07438557390797e-05
1.0888568344720189e-05
1.136813445899745e-05
1.1388261610157426e-05
1.063074605931025e-05
9.779270772855271e-06
9.338802075470798e-06
8.89763524658759e-06
8.435323707789237e-06
8.088218248840014e-06
7.950984530828672e-06
7.901139783039511e-06
7.926363523897154e-06
7.960083894731889e-06
7.716585097156365e-06
6.860780810529105e-06
4.849249180283998e-06
3.146558942478111e-06
2.1997981402116283e-06
2.2288316675408567e-06
2.3393833325245994e-06
2.6788860989208316e-06
3.371156936579261e-06
4.379152270364543e-06
5.586372384241944e-06
6.6737544296677535e-06
7.395787171551701e-06
7.035874375716867e-06
6.397507504249307e-06
5.211777069805549e-06
4.41058333799888e-06
4.509156591938211e-06
4.095183153161685e-06
3.590561091691595e-06
3.974674974810135e-06
5.224832789911578e-06
5.846859619429024e-06
5.869551842183075e-06
5.205897723869426e-06
4.814538270865101e-06
5.2331859371678695e-06
5.724248201198106e-06
5.882720522284546e-06
5.449366382444857e-06
5.366027069785362e-06
5.493342809890309e-06
5.552622643604802e-06
5.569167004070065e-06
5.4797052145880694e-06
4.9509347702367915e-06
