2.1130207241536875e-05
1.0160054042712651e-05
1.007208318410602e-05
9.208769047241046e-06
9.441249238254457e-06
1.0629490075263126e-05
1.2822676412882306e-05
1.4710999932087631e-05
1.683936882037623e-05
1.909332531076005e-05
2.0881975272754742e-05
2.197761677844218e-05
2.345073040690273e-05
2.5730037284718145e-05
2.8522454565019813e-05
3.139369186344994e-05
3.407338198617798e-05
3.5961448778896643e-05
3.831161088174436e-05
4.062917790928678e-05
4.265316256734995e-05
4.478789556680282e-05
4.694757884420873e-05
4.886164182639098e-05
4.9680495573062715e-05
5.066249982005957e-05
5.1768273457999595e-05
4.963448693370573e-05
4.731038196905718e-05
4.441607043704441e-05
4.260872223119798e-05
4.0010935919372525e-05
3.8230972670393236e-05
3.735397265453635e-05
3.792839727388569e-05
3.916822658649793e-05
4.041750292552462e-05
4.17238002597613e-05
4.2849728244106493e-05
4.35408252064697e-05
4.357488712183336e-05
4.3564211972320195e-05
4.185353990959351e-05
3.809533790760043e-05
3.4428985296629614e-05
3.001513398609835e-05
2.509654263599179e-05
1.990612524520967e-05
1.9104655680782386e-05
2.1475903618117594e-05
2.60855050071928e-05
2.8875407267231187e-05
3.196182767982115e-05
3.5817486801584055e-05
3.824519744146004e-05
4.0087696195134295e-05
4.2517553526305154e-05
4.157411327763865e-05
4.02480751915865e-05
3.92523024843332e-05
3.932154235595461e-05
4.111778891367413e-05
4.210642358272326e-05
4.4163926315074955e-05
4.184596489662154e-05
3.5964928139351226e-05
2.8659227929270375e-05
2.22893313144674e-05
1.651543697824402e-05
1.4037758395074835e-05
1.2514045429519642e-05
1.1668553192694881e-05
1.1467139604159481e-05
1.2663475525524368e-05
1.3818366121227376e-05
1.4848069113911348e-05
1.6272003592776934e-05
1.8955715206750788e-05
2.0960327554487263e-05
2.2965499448128984e-05
2.385771247712691e-05
2.474321857510363e-05
2.4081302680291572e-05
2.2465573121424717e-05
2.0833243720443653e-05
1.9041267397914272e-05
1.753534740733472e-05
1.566963012656662e-05
1.3817226900452003e-05
1.2938040559037849e-05
1.2428593802230892e-05
1.2239001923062228e-05
1.1964497790502984e-05
1.1894573676426543e-05
1.2181304178872544e-05
1.2868345517462248e-05
1.3620583848162616e-05
1.4407462199446018e-05
1.5470967769871303e-05
1.643937573024004e-05
1.7374373652287076e-05
1.806348298828512e-05
1.84438369802528e-05
1.877328712782056e-05
1.8820758795934993e-05
1.8658982864473284e-05
1.9013487549770415e-05
2.024808232578039e-05
2.1469500561052288e-05
2.2676810090022113e-05
2.2938764740731677e-05
2.328418039729849e-05
2.2919757399452728e-05
2.2694678500922567e-05
2.307919912103637e-05
2.3268884148420897e-05
2.258685772576285e-05
2.1559989816455387e-05
2.0584052553888814e-05
1.959273306118198e-05
1.8614657610415133e-05
1.8178397463803082e-05
1.88115020761847e-05
2.0006479414828546e-05
2.1005764293356454e-05
2.1398877608303582e-05
2.0945338736326044e-05
2.0732015516988245e-05
2.0020973127565384e-05
1.9586474218070108e-05
1.9059967343415238e-05
1.8714525446428973e-05
1.847370813670851e-05
1.7127313045477883e-05
1.632033987175403e-05
1.535140904736364e-05
1.3901195143932451e-05
1.2632539610237235e-05
1.0988197488399424e-05
9.40740687891513e-06
7.392243067952499e-06
6.127602652516206e-06
5.7863151540289835e-06
8.605143527010748e-06
1.3514349713184816e-05
1.7776911348071394e-05
2.1220090982541484e-05
1.9756248386169422e-05
1.788298546293527e-05
1.5400462605008403e-05
1.768594770285506e-05
2.0915687671027288e-05
1.8908942981908293e-05
1.626080527121182e-05
1.597073229463274e-05
8.883430106198278e-06
4.708589571153365e-06
3.4345937145806025e-06
3.390783657256408e-06
4.849328225418945e-06
6.355034736765735e-06
7.96610036633149e-06
9.560171430638663e-06
9.682707888870636e-06
9.103893573264106e-06
7.341454772958303e-06
5.653386938985287e-06
5.043003668874586e-06
3.7649983475894375e-06
3.591646775413479e-06
4.093349844079563e-06
5.974422958023626e-06
8.361212080953663e-06
8.85702174371234e-06
9.486238184992295e-06
8.529178224194706e-06
7.910378613756477e-06
7.7420887982923e-06
8.318141852794128e-06
9.118253994360375e-06
1.0510845452101595e-05
1.2117630299387017e-05
1.3763067503528914e-05
1.5844538966082426e-05
2.025217133365588e-05
2.583055684250358e-05
3.1826291051756646e-05
3.7950462411812875e-05
4.327253417127263e-05
4.9209424608081235e-05
5.592421367427928e-05
6.346511101255421e-05
7.112902359639799e-05
7.778585617075365e-05
8.168603327765128e-05
8.53768269494579e-05
8.78692563861382e-05
8.991067288205484e-05
8.993477664147305e-05
8.811517321798067e-05
8.377849305007703e-05
7.94672144020474e-05
7.414832779946126e-05
7.02431306322503e-05
6.820769482343756e-05
6.692645368382226e-05
6.606165441668926e-05
6.486395629096865e-05
6.351953434896183e-05
5.9641448605619524e-05
5.1667845793093486e-05
4.5152899749476236e-05
4.04293064576779e-05
3.33415537894965e-05
2.5757435669426294e-05
1.982571217427907e-05
1.9436052963158214e-05
2.0321422922983327e-05
2.4092228913563793e-05
2.3952424073765914e-05
2.5742842975157745e-05
2.5611695842526224e-05
2.7093635769483215e-05
2.9887106734546088e-05
3.108106008503253e-05
3.1139350818330455e-05
2.902240466235381e-05
2.7540119248495248e-05
2.770664522798972e-05
2.7855369757770528e-05
2.7206966107197718e-05
2.6128427426839322e-05
2.467098153391329e-05
2.3878933352511317e-05
2.19748402412588e-05
2.054310010360647e-05
1.8030145229856863e-05
1.7562672894198754e-05
1.68480803496038e-05
1.5683690815652582e-05
1.4749324567203921e-05
1.4557479561229482e-05
1.541538471949574e-05
1.6954661146589923e-05
1.900016692452159e-05
2.0265691796842945e-05
2.1387910061716958e-05
2.2751217386554083e-05
2.397291375709601e-05
2.382205370200777e-05
2.2936614144311526e-05
2.2378355052294567e-05
2.1757026585988723e-05
2.039937405323677e-05
1.9541305172358464e-05
1.8913127769399058e-05
1.839010120071583e-05
1.7956006147002594e-05
1.7313630268663155e-05
1.6551460255124118e-05
1.5607530766773395e-05
1.495074090331446e-05
1.3981031640461505e-05
1.339706798600543e-05
1.2815481878490642e-05
1.2746612263564993e-05
1.3215545789257733e-05
1.3719827716235274e-05
1.4250803772899898e-05
1.494382972806533e-05
1.5726778917417736e-05
1.643589905373496e-05
1.707728676740595e-05
1.7547122091548402e-05
1.7514861133012173e-05
1.7387034457771134e-05
1.7685776528296852e-05
1.8026106689454265e-05
1.859852242201415e-05
1.9425160264680756e-05
2.0204243322696354e-05
2.1432324582401386e-05
2.2021407557447017e-05
2.2892694666398325e-05
2.288718815817568e-05
2.3233061403990585e-05
2.2265163823335737e-05
2.0321252832458702e-05
1.9590858128723022e-05
1.9294441885840712e-05
1.8508499532326124e-05
1.7692882512417374e-05
1.7795796372176776e-05
1.833613604730189e-05
1.9413552478736586e-05
2.0658106147364933e-05
2.2447133068755644e-05
2.440050062503241e-05
2.56902470937876e-05
2.660351197479753e-05
2.773139263894521e-05
2.8678544444228147e-05
2.9119061775276958e-05
2.666619208207177e-05
2.5375307052104422e-05
2.4725924003958323e-05
2.4469400663329424e-05
2.320702077089839e-05
2.0487476097566148e-05
1.5948108494542432e-05
1.1393333957178823e-05
6.485707865305116e-06
2.9530820064188996e-06
3.358520343024168e-06
5.470990713294842e-06
6.844380040740051e-06
7.2456444613687405e-06
7.83735595733487e-06
8.03642364642349e-06
7.094459038568858e-06
6.852344179189518e-06
6.775687171863655e-06
5.924745401540171e-06
3.990350253642466e-06
1.2393910484518795e-06
2.3568886964718096e-07
8.427798290637364e-07
2.84654725395373e-06
4.95200839047295e-06
4.191582879126418e-06
3.918864799752148e-06
3.4356678674970203e-06
2.7836869344255552e-06
2.8879412791608925e-06
3.7360917229892967e-06
4.558533908370409e-06
