2.4417564846401253e-05
1.271438895433064e-05
1.3358835319561447e-05
1.2838652627864873e-05
1.2445138956687982e-05
1.2692678532554613e-05
1.3467934938855506e-05
1.4834883368423932e-05
1.6023016043119692e-05
1.6985964370117133e-05
1.8275354732557524e-05
1.9603805876195482e-05
2.021190211276391e-05
1.9455146189361424e-05
1.953934843362273e-05
2.0802165667213903e-05
2.3131636419168185e-05
2.4794362604513395e-05
2.6617109072416514e-05
2.8858428532519888e-05
3.1526154331351446e-05
3.446439986176485e-05
3.717155845430689e-05
3.9471626386205595e-05
3.913924975072125e-05
3.841444175471282e-05
3.7620821122586763e-05
3.602574900660527e-05
3.4194844337423076e-05
3.2530804669437326e-05
3.08289030814229e-05
2.827810518964986e-05
2.6116914089764546e-05
2.5636035588102455e-05
2.5509923209873826e-05
2.502106664541704e-05
2.5111263040223074e-05
2.526535520214659e-05
2.6247579143364133e-05
2.768223476167879e-05
2.9571490228473882e-05
3.169804632847859e-05
3.318090110856251e-05
3.3702735519282534e-05
3.379659962426641e-05
3.370867995255174e-05
3.341242480785012e-05
3.260609853382786e-05
3.1896943758565926e-05
3.145194653273883e-05
2.9314794937138723e-05
2.6310096739546814e-05
2.417557566616594e-05
2.1600827607878215e-05
1.8913125526546595e-05
1.917025230258105e-05
1.9074097489326755e-05
2.0555739098634643e-05
2.128861842966069e-05
2.2275789858957024e-05
2.3365128467323406e-05
2.4724276092874795e-05
2.625206612829793e-05
2.7659283072249256e-05
3.162063113709265e-05
3.3687918360986003e-05
3.5781110457834145e-05
3.8214136526464406e-05
3.9595458982953616e-05
3.9037855007134584e-05
3.7258410664412254e-05
3.507917645416049e-05
3.5239979452605385e-05
3.4741398047904044e-05
3.499943215565469e-05
3.376433859002364e-05
3.157467076173479e-05
2.738124329380995e-05
2.333584750580613e-05
1.8815554521082174e-05
1.501025924153632e-05
1.2631572859683106e-05
1.0952053363024827e-05
9.757136215503688e-06
9.174658752936229e-06
8.849895162963036e-06
9.384603608803426e-06
1.0349676739658173e-05
1.1451670946524308e-05
1.2244383178166988e-05
1.373343056396538e-05
1.5170611506035025e-05
1.672136528948063e-05
1.820292379655495e-05
1.9211626318102297e-05
1.9984997764706462e-05
2.087914279248024e-05
2.048999044853326e-05
1.942492805227789e-05
1.8496100712287506e-05
1.761010154471111e-05
1.681607371675801e-05
1.60939747393781e-05
1.5232534262837674e-05
1.4232152707552541e-05
1.3300312234677478e-05
1.2732061885432843e-05
1.2333722399130938e-05
1.2046404873171674e-05
1.18371893202725e-05
1.1612385066090731e-05
1.1441377723504506e-05
1.135700643424352e-05
1.1373075524522597e-05
1.151685143243255e-05
1.183370606498497e-05
1.2299618743958703e-05
1.2784046153123307e-05
1.3180910933418566e-05
1.3450678397646662e-05
1.344901863479518e-05
1.3455865523412316e-05
1.353724421014518e-05
1.3656427909759897e-05
1.3783479387320752e-05
1.3860390906883323e-05
1.4075467507221155e-05
1.44919637856037e-05
1.5107669519640225e-05
1.582292678995895e-05
1.6262693646001634e-05
1.5804800542065675e-05
1.5428405217506714e-05
1.5380760420805186e-05
1.5564842549123496e-05
1.566498606376628e-05
1.4895457350934646e-05
1.3738941513242207e-05
1.269240941218407e-05
1.1880221220490616e-05
1.1408032364352033e-05
1.1269848796234623e-05
1.0449396333548445e-05
9.913409783661393e-06
9.854338011896282e-06
1.0364796869179764e-05
1.1735604569615179e-05
1.2875896503330422e-05
1.3760233246209707e-05
1.497665114900915e-05
1.66447945555771e-05
1.7380547931125036e-05
1.757455428704008e-05
1.713397717420994e-05
1.6769291666039714e-05
1.6643313585057938e-05
1.6258121419461842e-05
1.4922176882283194e-05
1.3756800079855534e-05
1.2686902100842031e-05
1.1936551330303538e-05
1.0922924222009001e-05
9.928375079553256e-06
8.927844703046474e-06
7.990004607903074e-06
6.300535245774237e-06
4.678336600875074e-06
3.6740362126869043e-06
3.0916657656687247e-06
2.575876581285068e-06
4.178673332365896e-06
8.423463874867348e-06
1.3452613328206808e-05
1.54163138691516e-05
1.6264237627461086e-05
1.7850450173294167e-05
1.915645625244459e-05
2.1155240712277798e-05
2.1722829895277756e-05
2.0038053480812224e-05
1.5426501808440647e-05
1.0534698832147184e-05
5.882749199572324e-06
3.262044661620143e-06
1.6353697348847108e-06
6.620514032339744e-07
5.390266912005594e-07
5.321704120759206e-07
3.5599812007332226e-07
2.4827342844633076e-07
3.1439108174407557e-07
5.305206807656721e-07
7.787850222661646e-07
1.0444243809271225e-06
7.980801759501822e-07
6.37623995751015e-07
5.770219281785614e-07
8.933377135946992e-07
1.012646522821587e-06
1.268861292019686e-06
1.6245374012687256e-06
2.7474067690852755e-06
4.8847360200876194e-06
7.698565560724188e-06
1.0799456005997434e-05
1.377609016388237e-05
1.4884694184964825e-05
1.3657932668628868e-05
1.2772202384655346e-05
1.1852097960864837e-05
1.1267827078802326e-05
1.1128955085528115e-05
1.1226257096615602e-05
1.1515598665869969e-05
1.1915418506402297e-05
1.1657390558073443e-05
1.096949962779136e-05
1.1203675445138075e-05
1.252838188657256e-05
1.4878084921803898e-05
1.7650843874815365e-05
2.015169668083206e-05
2.242750842836512e-05
2.4884645260262168e-05
2.7854208038393175e-05
3.0850126234309184e-05
3.3519721048716234e-05
3.5081591933515115e-05
3.5723369291913425e-05
3.600092383392728e-05
3.619693152816922e-05
3.633530430229717e-05
3.637858469981409e-05
3.589798350273978e-05
3.6470807154812506e-05
3.756383523237144e-05
3.903686769270492e-05
4.134366824858467e-05
4.450252839376246e-05
4.7356157352616775e-05
5.0113315546197454e-05
5.1103136650400246e-05
5.047037326703955e-05
4.917324348549088e-05
4.7974940923640616e-05
4.7176550987643806e-05
4.658534234444389e-05
4.370996222497336e-05
3.8594572624004125e-05
3.565293721513736e-05
3.400466102762954e-05
2.9297405643859158e-05
2.5403763461691104e-05
2.3866300453268166e-05
2.3395114982783737e-05
2.428743196477657e-05
2.383216414883056e-05
2.413630154990442e-05
2.4609580217134867e-05
2.4614726764643636e-05
2.2852479720475343e-05
2.3636517394740138e-05
2.3941956968724492e-05
2.4723237904111847e-05
2.5675666950251812e-05
2.7109274885815364e-05
2.75202067081469e-05
2.676832459295222e-05
2.5539639242251804e-05
2.5942985703330255e-05
2.661539326457219e-05
2.6203057359258344e-05
2.5352931622442518e-05
2.458943714157249e-05
2.384063210556986e-05
2.2632690888142496e-05
2.1467851004813753e-05
2.081873536210717e-05
2.045876701792685e-05
1.8523446753419617e-05
1.694057711965926e-05
1.6006621699761183e-05
1.4965980511393266e-05
1.41680329298257e-05
1.3818683374646158e-05
1.3813689598968508e-05
1.4348354144572495e-05
1.5517894411271775e-05
1.7154814090476426e-05
1.820460511272453e-05
1.890544443591715e-05
1.9378632828471005e-05
1.987058140423419e-05
1.9587470998484173e-05
1.8314105022706577e-05
1.7221113213516202e-05
1.691113355306453e-05
1.7874611446434397e-05
1.8346399409222174e-05
1.738339268395616e-05
1.6919287236584546e-05
1.673116977018067e-05
1.6627679205861413e-05
1.6306014943545644e-05
1.563062693836162e-05
1.4905768408746348e-05
1.4409895298355723e-05
1.4066268814409795e-05
1.3659181726851823e-05
1.3413365215217205e-05
1.3343203644771111e-05
1.3262454479468387e-05
1.328619998172251e-05
1.3369718527398359e-05
1.3522484294046054e-05
1.3782480452681245e-05
1.4196629714684806e-05
1.4818209939909298e-05
1.5606442529025915e-05
1.6112038456621796e-05
1.6478068577107647e-05
1.6910961515487868e-05
1.7105785200352393e-05
1.7047673935055577e-05
1.721733161873148e-05
1.739252014177638e-05
1.7777087243112077e-05
1.81674346465408e-05
1.8427081235775158e-05
1.8974236283500386e-05
1.9677758966450225e-05
2.0278205610116374e-05
2.08949667635964e-05
2.1621668834063605e-05
2.1931339627142525e-05
2.1544367777928736e-05
2.1565090989692483e-05
2.1528322912449826e-05
2.017900246776691e-05
1.8869246608872505e-05
1.8216342647335255e-05
1.763572381030685e-05
1.760817143955739e-05
1.8013996671805788e-05
1.6724317059878773e-05
1.5102432024397423e-05
1.314734930180476e-05
1.222937127722487e-05
1.192999885350264e-05
1.205567656732348e-05
1.2476980258172645e-05
1.3258963872959899e-05
1.3173048868114615e-05
1.289144742287466e-05
1.2134477819445415e-05
1.1644687861906997e-05
1.142740403011109e-05
1.1194968885294511e-05
1.1013497268572102e-05
1.0876342299238595e-05
1.0877311105410753e-05
1.0988158746031337e-05
1.1017707621501288e-05
1.045157251380356e-05
9.004990685279196e-06
7.2794144940539174e-06
5.168404647900609e-06
3.5699358809943663e-06
3.109788305065305e-06
2.956230641875645e-06
3.426317487162967e-06
4.36446757079634e-06
5.97582445791818e-06
7.409905113996603e-06
7.920390916621202e-06
7.955218150054572e-06
7.567353005083176e-06
6.340256462021955e-06
5.5559727816801565e-06
4.984450789566621e-06
4.359281751954829e-06
3.7444860751353384e-06
4.017864157680795e-06
3.85958665514574e-06
4.150563494089411e-06
4.5550788755805855e-06
5.015133812689141e-06
5.055798815804968e-06
5.341048315996568e-06
5.967077570518549e-06
6.039420214467726e-06
5.658261868662445e-06
5.700477518174559e-06
5.5936313066912195e-06
4.768504053381102e-06
3.6445671861668583e-06
