2.325616011759551e-05
1.2230546479723486e-05
1.2656807084057752e-05
1.1827917044036673e-05
1.1567159596599733e-05
1.1970368461880722e-05
1.300882884279371e-05
1.4728080594206903e-05
1.5882202593978308e-05
1.7255691876425665e-05
1.8590589007294856e-05
1.949494069990986e-05
1.9738039703137218e-05
1.9818595976027256e-05
2.134011737420269e-05
2.3519311127634425e-05
2.5540772226004665e-05
2.76766226625551e-05
3.026300043837856e-05
3.344732421876994e-05
3.681063121954276e-05
3.90748998160424e-05
3.9584213554421176e-05
3.9778615502747014e-05
3.936397419196878e-05
3.8862367275998095e-05
3.7934120735748845e-05
3.6858538675640774e-05
3.558504298032253e-05
3.4179148270210385e-05
3.180423984473683e-05
3.025395250074368e-05
2.8812571182237902e-05
2.8843890705837687e-05
2.84862199982352e-05
2.865383700756059e-05
2.9319579579826862e-05
3.069455014635243e-05
3.252390518513574e-05
3.393294456278351e-05
3.501372800281986e-05
3.6199306313818545e-05
3.68835496109769e-05
3.6986705477543084e-05
3.620459974679725e-05
3.536702252578908e-05
3.4637410861726274e-05
3.4269458669012845e-05
3.113019784842125e-05
2.741738201208482e-05
2.4593029840845303e-05
2.0986354084469965e-05
1.7611213551518653e-05
1.8485260810047502e-05
1.876743837276958e-05
2.0403418522844183e-05
2.1789381240503157e-05
2.3151880511499354e-05
2.4850777959588145e-05
2.6810361244828344e-05
2.8757787368849335e-05
3.1782561026414996e-05
3.430171214412769e-05
3.688474848778917e-05
3.9815195070809614e-05
3.967514981325994e-05
3.869189602826692e-05
3.7209526545043375e-05
3.563765743675584e-05
3.605027299743989e-05
3.624812565938158e-05
3.6835414967677186e-05
3.5439681091458417e-05
3.2850724405371204e-05
2.8098334137335023e-05
2.2727744929659903e-05
1.7763613099011785e-05
1.4270031397550621e-05
1.2096667213734e-05
1.0591960204719945e-05
9.953555502170202e-06
9.466811777008626e-06
9.96367913360045e-06
1.0976897772972591e-05
1.190257878902521e-05
1.2824109278974317e-05
1.4155813916161608e-05
1.5823120871397744e-05
1.7605777410489934e-05
1.9360332544050393e-05
2.0470855961909244e-05
2.1715956848915593e-05
2.25429642080047e-05
2.1929330250142652e-05
2.0411078378837242e-05
1.9154419077331184e-05
1.825499984974327e-05
1.719814309437228e-05
1.613997802920399e-05
1.4807240432782508e-05
1.377823684940472e-05
1.2985644801435243e-05
1.2404221062975365e-05
1.212044412113675e-05
1.1835085182644734e-05
1.1566284503286839e-05
1.1378786869045003e-05
1.1326453838932567e-05
1.1440748508013472e-05
1.1780588079571609e-05
1.2316861296550703e-05
1.3017453364499961e-05
1.3677657169479573e-05
1.4223731310191048e-05
1.459407639444836e-05
1.4909949224604344e-05
1.4978813547314983e-05
1.4803638379789732e-05
1.4754503875939806e-05
1.504854133674027e-05
1.5201018165361804e-05
1.549737550263772e-05
1.5934627951048548e-05
1.662883558339298e-05
1.7504091740321452e-05
1.7286489172490655e-05
1.7051825108530227e-05
1.7009242994952653e-05
1.7096935012758323e-05
1.7400440895767228e-05
1.678915395939797e-05
1.573894986629984e-05
1.4732920731652019e-05
1.3944148265494743e-05
1.3487178345978202e-05
1.292100061862296e-05
1.2151705618898106e-05
1.2004102931910229e-05
1.2371278728073358e-05
1.359747282928915e-05
1.5230042818395156e-05
1.6503528619923735e-05
1.759181579477255e-05
1.8299759534412604e-05
1.932172697397247e-05
1.867226495810461e-05
1.7861246927596423e-05
1.7158217130072698e-05
1.6953609907418442e-05
1.6987102469550733e-05
1.5856257111964865e-05
1.4411362383596155e-05
1.3037945448501693e-05
1.1956261351577577e-05
1.0805808259967e-05
9.837025716870301e-06
8.951563911105479e-06
7.875954519402864e-06
5.643275716618847e-06
4.087670788128662e-06
3.2689742420063772e-06
2.604689018051759e-06
2.9948344223798107e-06
6.390574775897254e-06
1.194457654650629e-05
1.445979996594224e-05
1.463353809471835e-05
1.6411381092478127e-05
1.7653188795260247e-05
1.9999536254275905e-05
2.199867242310508e-05
2.2157291654521428e-05
1.73366420464669e-05
1.1564182506713894e-05
6.819673558719174e-06
4.815199577897898e-06
2.3858453349468355e-06
1.1941450463775248e-06
1.0527897424712882e-06
1.1295574946154354e-06
9.181013819123658e-07
6.998135671346985e-07
7.732334156798848e-07
1.4816882860787916e-06
2.340235053807421e-06
2.55431608332156e-06
1.8960475982255289e-06
1.5078505554892033e-06
1.1903791114402623e-06
1.205635724887606e-06
1.409083511990101e-06
1.8575077352439957e-06
2.7634695644827724e-06
5.011695093583691e-06
8.203860593931183e-06
1.1489894683446013e-05
1.3422935116167366e-05
1.3142413054873488e-05
1.2328446372067434e-05
1.1311264896277247e-05
1.0681060438788646e-05
1.0412672029760048e-05
1.0562450118679788e-05
1.092440255189284e-05
1.149980669357428e-05
1.1830827182207928e-05
1.161710282255191e-05
1.2068938396384671e-05
1.3951297389654112e-05
1.703656373358979e-05
2.039942025532174e-05
2.3452379556919157e-05
2.65599544374112e-05
3.026102492424299e-05
3.418997259491175e-05
3.738619837982636e-05
4.030407211892743e-05
4.308630584107317e-05
4.4434796072338666e-05
4.523067352881498e-05
4.60159146458458e-05
4.673050714103355e-05
4.7286133091697766e-05
4.832831346577052e-05
4.976522456721131e-05
5.121073063809429e-05
5.25039652724236e-05
5.355378367411605e-05
5.497807543945468e-05
5.596710898534045e-05
5.547480280238882e-05
5.384196691990901e-05
5.228291523738688e-05
5.0869833550801696e-05
4.9138322174776186e-05
4.827450117103177e-05
4.6812559817079945e-05
4.09946042627231e-05
3.663780292717432e-05
3.3803462373535e-05
2.961563630440251e-05
2.4919615017309696e-05
2.2686079400318124e-05
2.1701132310747832e-05
2.224119496692496e-05
2.32827587135459e-05
2.360581284385445e-05
2.4488205168554584e-05
2.4357396346084856e-05
2.3453737176520514e-05
2.3808016575784917e-05
2.4655443020502736e-05
2.5709440231943843e-05
2.662795002151599e-05
2.7373103309185825e-05
2.7131537747023317e-05
2.5836390226930025e-05
2.662219583249246e-05
2.5841544942887675e-05
2.546515227534553e-05
2.4635785380955607e-05
2.3951670959390764e-05
2.3256350316862245e-05
2.195685544566464e-05
2.0591770177450102e-05
1.9991797008406293e-05
1.905549668937523e-05
1.7522097011049854e-05
1.6266655393717446e-05
1.5685061841413266e-05
1.486106868414794e-05
1.4302429926163785e-05
1.4244675582888646e-05
1.4392059352764974e-05
1.5287185504612313e-05
1.6887300212280626e-05
1.805920291075493e-05
1.910792483016079e-05
1.9783260981342704e-05
2.0778594519059068e-05
2.1819685313253536e-05
2.132718301150599e-05
2.0202067417669463e-05
1.8926244254914883e-05
1.863513300102535e-05
1.8518576495337265e-05
1.775311392934143e-05
1.768378761425167e-05
1.7848376210892238e-05
1.7745911955474695e-05
1.7156937097442917e-05
1.6543629173451844e-05
1.5901345726311036e-05
1.4993840343163237e-05
1.4284796690275131e-05
1.3752672037609679e-05
1.3393641746844535e-05
1.3206112066933765e-05
1.3107010408027367e-05
1.3148427249365044e-05
1.326133763364335e-05
1.3540720507165162e-05
1.404814622962963e-05
1.4658484416757918e-05
1.5280026911209673e-05
1.5842739751508315e-05
1.6308952902258877e-05
1.6710001048492487e-05
1.7109474682298874e-05
1.729817137854909e-05
1.739225666976843e-05
1.7588033034925383e-05
1.771119229581272e-05
1.792709667554483e-05
1.841798946641687e-05
1.9006474264298936e-05
1.9488152415517145e-05
2.006219505870156e-05
2.0754288529468287e-05
2.1443945869076515e-05
2.116987667064954e-05
2.0804310339162442e-05
2.1154059472835623e-05
2.092503115713755e-05
1.9257262593408967e-05
1.8371756976287284e-05
1.7687867873953254e-05
1.7735457822038667e-05
1.6900684468296648e-05
1.532795384592273e-05
1.3842315593351713e-05
1.3009833492358037e-05
1.3179683745566905e-05
1.3464251356125975e-05
1.3941507797826882e-05
1.4847529181936544e-05
1.5230801643746023e-05
1.5095088591581267e-05
1.4920853018948338e-05
1.48538161708513e-05
1.5046898144406549e-05
1.5156381915949619e-05
1.4944030243013612e-05
1.4754227953519394e-05
1.478194675352594e-05
1.4859080459152232e-05
1.4849825358687467e-05
1.4363453673176616e-05
1.2950354043921741e-05
1.1106350469484958e-05
8.346177080039454e-06
4.682713360067607e-06
2.6915731907760513e-06
2.6123399483378586e-06
3.44439727713025e-06
4.7747312067388805e-06
6.692363973843683e-06
8.001776864010003e-06
8.14675493565867e-06
8.428125873486955e-06
8.021677401332357e-06
6.925717352875534e-06
6.134081916403481e-06
5.524054416274902e-06
4.52588945599348e-06
3.4976814703533096e-06
2.675111452966396e-06
2.589753677557013e-06
2.93270519442751e-06
4.1975409295350374e-06
5.177913636996525e-06
5.245289836120583e-06
5.708856933254252e-06
6.511937493171363e-06
6.035335670675548e-06
5.476753217293487e-06
3.97002028833956e-06
2.6364677069193497e-06
1.6062776896391542e-06
1.0859205775537508e-06
