2.103060985715711e-05
1.0656949321746904e-05
1.0730043197410845e-05
1.0103237455781581e-05
1.0028486489676871e-05
1.0876146650153156e-05
1.2638913784798354e-05
1.4695671484714114e-05
1.6342665908309482e-05
1.745761834700217e-05
2.0034264913312314e-05
2.0503004764400747e-05
2.195349798548522e-05
2.374651941675684e-05
2.624797970923386e-05
2.936668421768677e-05
3.263399607551075e-05
3.509267846678017e-05
3.663197332563629e-05
3.834404392267968e-05
3.962987631704794e-05
4.1078089936244625e-05
4.28320543709343e-05
4.468289738831995e-05
4.5218678485234805e-05
4.542133744711223e-05
4.604234294945673e-05
4.6374313753591095e-05
4.434108762948612e-05
4.130873460061523e-05
3.911954989110753e-05
3.735791586537575e-05
3.639381395904967e-05
3.582507803672123e-05
3.537486554872566e-05
3.607702799737956e-05
3.719148804275497e-05
3.8541058496460276e-05
3.996035519668616e-05
4.080231452316651e-05
4.1286597013085314e-05
4.1006085879935094e-05
4.0692698499339616e-05
4.047995928254262e-05
3.782458326124739e-05
3.40036196302984e-05
3.0352954491953744e-05
2.581696186996393e-05
2.0889676866675586e-05
1.7780849748755412e-05
1.9209675211405944e-05
2.193343210231509e-05
2.4179551402843277e-05
2.6517406220134462e-05
2.9554393558842154e-05
3.258447781083436e-05
3.5280401082922484e-05
3.778520454917536e-05
4.037685110116792e-05
4.170680990554622e-05
3.9315069201026324e-05
3.886718890548169e-05
3.7924695126316864e-05
3.8547215502595765e-05
3.930250649635791e-05
4.0653366612292755e-05
4.1320450474967533e-05
3.812762719934874e-05
3.1569557309115397e-05
2.5543281038794005e-05
1.9260318048334853e-05
1.5004622244937255e-05
1.2829862030155008e-05
1.1608856541004598e-05
1.119909044162736e-05
1.1201821360118328e-05
1.1995640065533012e-05
1.3133058702100855e-05
1.4156358482175261e-05
1.5514258913205512e-05
1.7993634153591044e-05
1.9876383617390557e-05
2.1842471576531553e-05
2.2821063282646983e-05
2.3902533889125905e-05
2.3643360443244022e-05
2.237953954100013e-05
2.1053039750334314e-05
1.9939729569408437e-05
1.804083902081891e-05
1.6548906668852435e-05
1.4938786549147843e-05
1.3776876530847589e-05
1.286197461199517e-05
1.2317923364496985e-05
1.1991836375433892e-05
1.1714901891243577e-05
1.1618270743077913e-05
1.1749491237314666e-05
1.2234006356360454e-05
1.2983740782062917e-05
1.3729331516903063e-05
1.4560322867278732e-05
1.550915329658116e-05
1.635742913969238e-05
1.698389340494614e-05
1.73234846382165e-05
1.7541994546942594e-05
1.754166655775126e-05
1.734448119901623e-05
1.7521403566671374e-05
1.8238219236974414e-05
1.9012085411094027e-05
2.0037142707624748e-05
2.0740922070210205e-05
2.099038605918847e-05
2.1014482701472806e-05
2.094141345395595e-05
2.0869277505201797e-05
2.130572894697141e-05
2.0667125997078653e-05
1.9779488673659496e-05
1.8884093606558408e-05
1.825974734808083e-05
1.74942885913804e-05
1.6852142766775585e-05
1.6679026127532288e-05
1.7217054528313642e-05
1.8672726406486828e-05
1.987837844223574e-05
2.0786544722969623e-05
2.1108388148531425e-05
2.0543548319126953e-05
2.002486816417288e-05
1.9269904493682353e-05
1.850338298985564e-05
1.7986062419289457e-05
1.8200311675357135e-05
1.6816736891231746e-05
1.5446090901738157e-05
1.4150629032837715e-05
1.264341222948743e-05
1.1456816660029088e-05
1.0621479460671387e-05
8.976819512059315e-06
7.0381594563181076e-06
5.458829045836887e-06
4.662077943142867e-06
4.5446589327974015e-06
7.121774040380067e-06
1.1738450535985686e-05
1.6058206277388346e-05
1.945858880734511e-05
1.6989527291115735e-05
1.553621591257659e-05
1.6009025522147372e-05
1.8734941665910555e-05
2.1031015634469945e-05
1.9252205814322058e-05
1.4994475955067004e-05
1.3130047074440926e-05
8.733835865196346e-06
4.0993302990188505e-06
2.133013763045751e-06
2.4033174102863363e-06
2.8961684378161748e-06
3.7274928882262644e-06
4.235235960242497e-06
5.89166860375935e-06
7.502145387179557e-06
7.795840483206596e-06
6.173409802299037e-06
4.3300970768206515e-06
3.67832186623793e-06
2.6964444957523197e-06
2.6897935195797512e-06
2.993225891505742e-06
4.179517431632565e-06
6.932768886111565e-06
9.379976367301874e-06
1.0177794168993059e-05
1.062900242128242e-05
9.818976633553695e-06
8.976502815723013e-06
8.612423386090642e-06
8.84217948119933e-06
9.417449042593497e-06
1.0233505566109136e-05
1.1206918170199983e-05
1.2568231936047058e-05
1.3315044559273726e-05
1.6231279382868153e-05
2.085865635018415e-05
2.5748758545293616e-05
3.138550269364838e-05
3.74095765574521e-05
4.182880219434163e-05
4.677725986052253e-05
5.2365873203937696e-05
5.804537964978972e-05
6.357420203190401e-05
6.742556270898217e-05
6.954480300133707e-05
7.181230472485388e-05
7.498995098453978e-05
7.763953300926428e-05
8.002944146532543e-05
8.060105390511289e-05
7.736786305680409e-05
7.268773326910161e-05
6.753609539530691e-05
6.468341824874275e-05
6.30108775750817e-05
6.184795783090456e-05
6.075728235935888e-05
5.931915269815236e-05
5.758713139797562e-05
5.606843639565316e-05
4.960182164986707e-05
4.2735288320106874e-05
3.8091680942901334e-05
3.229332420790454e-05
2.529536128957e-05
2.0678331640461316e-05
1.9982653562865424e-05
1.9675069381485377e-05
2.2150428020402358e-05
2.4614642295743235e-05
2.425313294549901e-05
2.503784083564334e-05
2.4715307966046805e-05
2.607728535775656e-05
2.843352779985217e-05
2.9455799950039e-05
2.924650946031523e-05
2.7380928971266627e-05
2.7036874564560525e-05
2.6802594463429483e-05
2.697418854337023e-05
2.6337004848106056e-05
2.534134527359325e-05
2.40142679723729e-05
2.2926305878584353e-05
2.1138789837267672e-05
2.0083556106870315e-05
1.7822613767447385e-05
1.676505857131889e-05
1.7184539479232073e-05
1.6166752424823626e-05
1.5257791471896497e-05
1.4425109558713679e-05
1.4529308016254335e-05
1.5687697161444325e-05
1.7198345032339956e-05
1.914690286268986e-05
2.0057743120793787e-05
2.091776339992588e-05
2.1855341140122356e-05
2.242938930245158e-05
2.212038094815703e-05
2.151935697899537e-05
2.139708706543022e-05
2.036506783080655e-05
1.895258131571677e-05
1.853179443666462e-05
1.8631441926166422e-05
1.844584521761993e-05
1.8210524684518238e-05
1.774885719281679e-05
1.690707180668668e-05
1.5874687707381318e-05
1.4856213550272543e-05
1.3879922436930491e-05
1.3440961395884977e-05
1.3061093007697756e-05
1.3065315086162037e-05
1.2955751020433602e-05
1.3258691595496035e-05
1.3875728330255342e-05
1.4499092631196961e-05
1.5209804300522152e-05
1.5870009416143154e-05
1.6429003312714067e-05
1.698825800570637e-05
1.746309687503543e-05
1.7831241732185124e-05
1.7391968418343824e-05
1.757975017146081e-05
1.789787114265658e-05
1.8400031667776782e-05
1.8721366206387208e-05
1.9357864080118598e-05
2.036329553736148e-05
2.1219308922765106e-05
2.150095851725635e-05
2.1768660834195896e-05
2.228022650580397e-05
2.2658217093918216e-05
2.0615516681172115e-05
1.8470845604211958e-05
1.74691109504668e-05
1.7243517437565157e-05
1.5867388843185836e-05
1.53049023863253e-05
1.545269121595743e-05
1.5822061017192467e-05
1.6580916490169154e-05
1.7857929349202753e-05
1.920134134366519e-05
2.030910369304377e-05
2.0881789687639728e-05
2.151456973257019e-05
2.2651535635660955e-05
2.4138162960734274e-05
2.5097953401004548e-05
2.4341101455862977e-05
2.3703476976990067e-05
2.292237235866641e-05
2.186175631886942e-05
2.1398149690158056e-05
1.9216078419124893e-05
1.63027592440451e-05
1.2038571474038075e-05
6.9646777077873215e-06
3.0389032091818918e-06
2.6232187699711617e-06
4.617428359947363e-06
6.159328900170652e-06
7.293160216300893e-06
7.601887099922301e-06
7.761827752358416e-06
8.252898430724504e-06
6.910825089146735e-06
6.790021001671619e-06
6.636154475825168e-06
5.6903805142409555e-06
3.4561137762285217e-06
1.3853499853517252e-06
6.696119723898787e-07
1.4157368289047917e-06
3.4549655865422377e-06
5.257151775322554e-06
5.368436006191497e-06
5.011872576464251e-06
4.1843662094304645e-06
2.816309480725925e-06
1.841062987848356e-06
1.5218169384104762e-06
