2.215316281668891e-05
1.1407290907198556e-05
1.1570342653638773e-05
1.0989713247900506e-05
1.072346864292624e-05
1.1383445960586852e-05
1.2692939270583982e-05
1.4679815367480605e-05
1.6182225389928088e-05
1.7310963407147592e-05
1.8793578387570386e-05
2.0115950122665856e-05
2.0142397183053477e-05
2.1743547041674673e-05
2.3753922947236826e-05
2.602927113103289e-05
2.8599517614740812e-05
3.175541566810317e-05
3.555697489020548e-05
3.728793481720793e-05
3.878552015749852e-05
3.9345237156890504e-05
3.988753981888097e-05
4.091135373516331e-05
4.1371277727473066e-05
4.111536213267329e-05
4.0929294235499843e-05
4.057191887273482e-05
4.011004960641889e-05
3.8505372181199364e-05
3.644739513209171e-05
3.427389172627657e-05
3.304916257015571e-05
3.22874312135644e-05
3.226037726623021e-05
3.298710038775468e-05
3.4186622204148096e-05
3.5092332104550446e-05
3.625502182326278e-05
3.7615963058654395e-05
3.889795627438134e-05
3.9364286477922776e-05
3.887258720880254e-05
3.829314501886139e-05
3.780036371317904e-05
3.734561932257603e-05
3.418350332792276e-05
3.032625579965093e-05
2.684767844617397e-05
2.2453061443023985e-05
1.8336783381229584e-05
1.7946852565886118e-05
1.8828251761761236e-05
2.0994820279680026e-05
2.2805315899297897e-05
2.458658025088787e-05
2.7032208875066272e-05
2.9503182380529067e-05
3.184357438558238e-05
3.4738816209076745e-05
3.7684159371500684e-05
4.009092457830395e-05
4.029145557712134e-05
3.87944220396163e-05
3.792536778567111e-05
3.636694174001241e-05
3.7451118692858064e-05
3.7537484441123416e-05
3.8998712663539796e-05
3.7998076781899657e-05
3.532308464750998e-05
2.906626128208818e-05
2.3599883160155276e-05
1.791934033158508e-05
1.4253330534128138e-05
1.2187090998897833e-05
1.0873582007755428e-05
1.0487649675712285e-05
1.0424641033700248e-05
1.117605564154919e-05
1.2187094419911045e-05
1.308914726309802e-05
1.4059785926316504e-05
1.63629798700032e-05
1.8130115071590756e-05
2.031931489626958e-05
2.1554105048642095e-05
2.257611811960135e-05
2.3368891000348515e-05
2.2714583809588664e-05
2.124094567424597e-05
2.0063286227349162e-05
1.9020369035755318e-05
1.7860310942878608e-05
1.615300796399276e-05
1.4785978454643928e-05
1.3733244143633648e-05
1.2896166738167208e-05
1.2301699412666993e-05
1.197676435537909e-05
1.1665695964578583e-05
1.1474306972393892e-05
1.1442533542575336e-05
1.1631703740663418e-05
1.2097287709016426e-05
1.2784959592090873e-05
1.3525819773760156e-05
1.428324027947043e-05
1.5059083412108017e-05
1.558450336364567e-05
1.6089031261467493e-05
1.6299954049928385e-05
1.6159503563855533e-05
1.6012446524853834e-05
1.6205480476547043e-05
1.65173135437371e-05
1.6742937305530012e-05
1.739215109900284e-05
1.8345935139273866e-05
1.9008353891504478e-05
1.8998083887312437e-05
1.8888016973722682e-05
1.8850971895434385e-05
1.906887739235112e-05
1.9162738831866215e-05
1.8378244364411456e-05
1.7411358173319505e-05
1.650172880115572e-05
1.586098802199792e-05
1.536673012143842e-05
1.4558181969738108e-05
1.4344665777679856e-05
1.480474227949478e-05
1.602262915608106e-05
1.799374878632928e-05
1.912887604848119e-05
1.967217049568476e-05
2.0145376007950942e-05
1.986380732587444e-05
1.9416695076402886e-05
1.8236051228461783e-05
1.7676209328672128e-05
1.7371949430797545e-05
1.7195840241355938e-05
1.595725621063087e-05
1.4646855402402884e-05
1.3040367335927835e-05
1.1537315738782535e-05
1.0753139824305365e-05
9.936431945214457e-06
8.844262144491946e-06
6.466965000485349e-06
4.714268634580894e-06
3.7731589752407417e-06
3.305968769628417e-06
4.229864023559321e-06
8.056150672603126e-06
1.36268496150397e-05
1.6162891854277555e-05
1.536728262017688e-05
1.4681720301371412e-05
1.699553336526643e-05
1.8808726314370247e-05
2.088410545950107e-05
2.2387394955522356e-05
1.7439164931050232e-05
1.1677050700473681e-05
8.708978617135124e-06
5.522124284409216e-06
2.4625383549020606e-06
1.538685783479405e-06
1.7428278950283571e-06
1.911984208320602e-06
1.978638697868685e-06
2.056714293437602e-06
3.0582020528833114e-06
4.598326334010436e-06
4.975334678738616e-06
4.19546828121354e-06
2.8797922176561528e-06
2.415430617539162e-06
1.7901348442304148e-06
1.8800122941834209e-06
2.290336729791291e-06
3.2722350236945046e-06
5.792727278437997e-06
8.858091253102035e-06
1.1044877941380005e-05
1.1883878622842123e-05
1.1882547943441792e-05
1.0541949255950973e-05
1.0022585128620486e-05
9.447832529429001e-06
9.634192726459721e-06
1.0118591925047811e-05
1.0731724449084277e-05
1.1401528752119076e-05
1.1843043949490728e-05
1.2407489928131372e-05
1.4693431043898359e-05
1.8535352805533192e-05
2.279168130044202e-05
2.6976409921720087e-05
3.173727903307056e-05
3.688795867535018e-05
4.0660810063023896e-05
4.451434243093101e-05
4.8120352551815913e-05
5.196127362403933e-05
5.4738095745831446e-05
5.655324508419038e-05
5.775525375951626e-05
5.9131837754232746e-05
6.154200759128005e-05
6.470887940031334e-05
6.732145278468426e-05
6.793199282191459e-05
6.644113224183933e-05
6.433553794882103e-05
6.158247721487608e-05
5.9448909395015865e-05
5.798653558373352e-05
5.668897300503886e-05
5.559230586157989e-05
5.426844822324066e-05
5.275162282206371e-05
5.1647886478156894e-05
4.540934628393929e-05
3.897365263986763e-05
3.529908916094658e-05
3.032410236449421e-05
2.500989190571608e-05
2.1489004771000053e-05
2.0913271737263026e-05
2.0285625915303982e-05
2.22551679077016e-05
2.3879872442809653e-05
2.467979552263456e-05
2.3810349834511644e-05
2.446311192007502e-05
2.4342271045800796e-05
2.5786338908016255e-05
2.739721877769819e-05
2.801356475298963e-05
2.7718372851082133e-05
2.6717225577885556e-05
2.6590470551444507e-05
2.6277323939655563e-05
2.6278657004011618e-05
2.5290822523325393e-05
2.440377910704547e-05
2.322864421662496e-05
2.193534074377702e-05
2.011596556448423e-05
1.926577722927425e-05
1.7907121139648503e-05
1.655174572405422e-05
1.613479843907025e-05
1.588645948835401e-05
1.5251440552511442e-05
1.4575128984002832e-05
1.423283050132397e-05
1.4817514180893573e-05
1.6296648252977652e-05
1.768549577881152e-05
1.9151808247175056e-05
1.9880458281719308e-05
2.0847079105546748e-05
2.193450393656805e-05
2.190678095302117e-05
2.1277250202571646e-05
2.0810042582983827e-05
2.00154461221778e-05
1.914595556828794e-05
1.8049028153972104e-05
1.796433307575101e-05
1.84291625099542e-05
1.8317370719996674e-05
1.7959127522134852e-05
1.7459113997402945e-05
1.6521730476636685e-05
1.5589530936639237e-05
1.4518531641836051e-05
1.382011257060855e-05
1.3379447114157044e-05
1.3101631163199855e-05
1.2998682241782093e-05
1.3076485261020265e-05
1.3378735963107695e-05
1.3559544917390951e-05
1.4148303114233685e-05
1.4845043301361145e-05
1.5558836267360755e-05
1.608975075844823e-05
1.6536979506669387e-05
1.7014032992207155e-05
1.7519244778393816e-05
1.7663474494625462e-05
1.758887275370441e-05
1.7539753411749406e-05
1.7860261757826787e-05
1.8425658266228714e-05
1.8732113670091253e-05
1.925357304762907e-05
1.9856087575458906e-05
2.071634456654692e-05
2.139366403583924e-05
2.0947285862772233e-05
2.101143749820147e-05
2.1692065102034147e-05
2.1161915863502045e-05
1.8480079887151665e-05
1.7841284836313418e-05
1.6942723202169454e-05
1.6517806339508613e-05
1.4931050188432393e-05
1.4072228427902946e-05
1.4147225410340475e-05
1.4483375016658823e-05
1.4909261749854051e-05
1.594370449439823e-05
1.6763043759241106e-05
1.745278248374034e-05
1.7544358331756377e-05
1.7782650427678927e-05
1.8523111970911555e-05
1.9450674996985845e-05
1.9859497202338797e-05
1.9590618536560733e-05
1.9440344533065777e-05
1.958218025787751e-05
1.9532714430303337e-05
1.927358484075636e-05
1.7818776866761365e-05
1.5117184968873324e-05
1.1943055302413249e-05
7.5537474125293e-06
3.516828592469508e-06
2.3240495308385656e-06
3.2647355018685554e-06
4.902183247059738e-06
6.848188454259236e-06
7.704472830152325e-06
7.654178828854707e-06
8.193236808187596e-06
8.049319585463403e-06
7.028457390267056e-06
6.633506135920034e-06
6.2312102388470175e-06
5.261891470379814e-06
2.973978681525645e-06
1.907489583217429e-06
1.422390885903197e-06
2.121687222374708e-06
3.9548684821534585e-06
5.204329484480787e-06
5.466006134723846e-06
6.066754564758338e-06
6.05438461715938e-06
4.467670110006187e-06
2.8606057489677206e-06
1.6785382217089794e-06
9.394950561126903e-07
8.622015764596708e-07
