0.0002949304937770415
2.4201350691124158e-05
2.4334753176423178e-05
2.712150320400908e-05
3.1599006882633874e-05
3.5935494881379434e-05
4.380601773106405e-05
5.3726725983959486e-05
6.70162381584374e-05
7.99784667184878e-05
8.095565656144223e-05
7.274156098684858e-05
6.779636879822816e-05
6.28600793971761e-05
5.981728579630869e-05
5.830498235894197e-05
5.7792271485319006e-05
5.776041232826323e-05
5.700112175545959e-05
5.4915575648586604e-05
5.400588631923739e-05
5.2669855991187844e-05
5.211401220283684e-05
5.3044257306501574e-05
5.4721724812943436e-05
5.716006216207726e-05
5.847258356530097e-05
6.133098051331369e-05
6.087544261717916e-05
5.3251971553910445e-05
4.77300025829606e-05
4.0011152127216e-05
3.733576428431392e-05
3.2920033116992794e-05
3.246596865446264e-05
4.460418407343608e-05
4.75698786302035e-05
4.40072991812637e-05
4.045322941709656e-05
3.9873033282506934e-05
3.710263070051756e-05
3.464582133894879e-05
3.337375293878155e-05
2.887515844843357e-05
2.221988636168133e-05
1.4433442243001314e-05
1.0120962797678051e-05
1.0408622336848075e-05
1.4025752561395483e-05
2.003948535309097e-05
2.1961634376086494e-05
2.2454426844028028e-05
2.6517719940081082e-05
2.9704438144502713e-05
3.170671973252904e-05
2.779627775313126e-05
2.259313544371445e-05
2.072435239297163e-05
2.158751874774976e-05
2.630268513632147e-05
3.362861004698882e-05
4.067169928741735e-05
4.924388882746665e-05
5.711879837708921e-05
6.355086867308786e-05
6.745360322993513e-05
6.443672622355248e-05
5.560052565914314e-05
5.0595809348876736e-05
4.69220982458671e-05
4.338707556305816e-05
4.0092160723275944e-05
3.772180334216435e-05
3.4646444145759294e-05
3.319055617509949e-05
3.4005158706572654e-05
3.6185869051853355e-05
3.955902130184579e-05
4.110068326816755e-05
4.2858891669137054e-05
4.2949249153036776e-05
4.060717959525028e-05
3.45428545658211e-05
2.9460560660704528e-05
2.9986259272446913e-05
3.231737836042397e-05
3.9905169456848305e-05
5.094394041096661e-05
6.361638405384304e-05
7.730469844447321e-05
8.331085831258542e-05
7.584733211967397e-05
6.20933654798666e-05
3.706859527213908e-05
2.1703062300279677e-05
2.7260825419585868e-05
2.5653844006102868e-05
2.3834465094978175e-05
4.827197146845295e-05
3.899427401307139e-05
4.998243960027152e-05
4.749328913598176e-05
3.309300999744173e-05
2.898999072232181e-05
3.324177250932438e-05
5.0504481486757484e-05
9.556496804487738e-05
0.00014702430016774173
0.0001503745167463249
0.00011888267464305429
9.412330480640981e-05
6.304835870733923e-05
4.1879859991175844e-05
3.6484817358428944e-05
3.1142547967566146e-05
3.13814453238912e-05
3.568048756173992e-05
3.9149440711579766e-05
4.40813266564012e-05
5.0570687133651795e-05
5.939639468633868e-05
7.105427561097193e-05
9.242131779390485e-05
0.00011776809065583267
0.00011552835071065642
0.00010318979038988869
0.00010089275332647897
0.00010025716798780375
9.845593692661854e-05
9.702630614536667e-05
9.514652932303195e-05
9.17847174235951e-05
9.281532645882822e-05
9.127235721155121e-05
9.224803321242901e-05
9.374825292832473e-05
9.576403955239104e-05
0.00010778395017313792
0.0001043406707478689
0.00010511887213365085
8.72994511765003e-05
8.552078879254081e-05
7.099053273271246e-05
6.14574725330934e-05
4.69885308796118e-05
3.1900974443401555e-05
2.0541619365712654e-05
1.7405605199578037e-05
1.7724931113237445e-05
1.6365522922863102e-05
1.7545182049389346e-05
1.900266618208765e-05
2.148038176403247e-05
2.2931788533423522e-05
2.4336280566760338e-05
2.8794966036328537e-05
3.115434971750768e-05
2.870411940184456e-05
2.7488614714869236e-05
2.0268890564419667e-05
1.797911460700193e-05
1.9852092606275152e-05
2.234343807853728e-05
2.1928558703168478e-05
2.4249282726892277e-05
3.057926674897e-05
3.247705342974283e-05
3.646209380627333e-05
4.0428572584693994e-05
4.119178782762298e-05
3.5400877345019246e-05
2.9506435370857098e-05
2.3663545843243753e-05
2.5715255693957053e-05
2.966267460198646e-05
3.536081669874777e-05
4.082944543717115e-05
4.337522554352896e-05
4.5311947516645975e-05
4.3841014036693976e-05
4.257355596898971e-05
3.786882068376065e-05
3.864252353623443e-05
3.885986369041524e-05
3.785079965544619e-05
3.2696268255020566e-05
3.0808496074305705e-05
3.0488376320842872e-05
3.209190528641723e-05
3.582457780825903e-05
4.1170397385665356e-05
4.941444453689985e-05
5.44255222612952e-05
6.011150808888631e-05
6.693624807309662e-05
7.248431959840435e-05
7.130769575872551e-05
6.507608365594878e-05
6.251198871746012e-05
6.299628784064984e-05
6.635654190939572e-05
7.024874654431711e-05
7.117684195164565e-05
6.727934086427392e-05
6.516968532676485e-05
5.0755727398592e-05
3.389745088262668e-05
2.1283544389066547e-05
1.749422342852071e-05
1.883150046839418e-05
1.8217685998268243e-05
1.625166005568215e-05
1.740132389062489e-05
2.3166415451392196e-05
1.4915550977368848e-05
7.0350978091170665e-06
4.5715912326181045e-06
8.715111733095909e-06
2.2877358876908264e-05
5.1319689265386955e-05
8.823032741461722e-05
0.00011559766955625871
