0.00024705498351978723
2.3191114153852578e-05
2.433333762858579e-05
2.7502765223095818e-05
3.143594642595052e-05
3.487374232007994e-05
4.029276725482925e-05
4.8598540753739825e-05
5.919074460013595e-05
7.15925287705244e-05
8.199882794361507e-05
7.732178014224105e-05
7.051078007492084e-05
6.631693082532969e-05
6.0473641156874624e-05
5.790606432930781e-05
5.6424029392471645e-05
5.623822997009123e-05
5.898363550451888e-05
5.690324625856777e-05
5.521944619639938e-05
5.239931749712744e-05
5.088243369767104e-05
5.033244367538028e-05
5.1309688459022335e-05
5.266090814329192e-05
5.367112279949253e-05
5.474218192159099e-05
5.926936588945514e-05
5.6497937434327814e-05
5.047599478458223e-05
4.422561784374144e-05
3.9078127668153075e-05
3.540179752289144e-05
3.421658755359515e-05
3.4685936451769066e-05
4.387790451597762e-05
4.9079666906437276e-05
4.455832435239754e-05
4.128170157367157e-05
4.1565962508001136e-05
3.8125704716298546e-05
3.6562207631368275e-05
3.4970253967634085e-05
3.108146647265984e-05
2.4825616599438e-05
1.5334338437725557e-05
1.0849176656120815e-05
1.0032273609710451e-05
1.2774883989657136e-05
1.8800207572898018e-05
2.2530536454832944e-05
2.342717439243841e-05
2.6601317099179466e-05
2.903829994184953e-05
3.0509381733387534e-05
2.6619217930827576e-05
2.233690357982764e-05
1.9705505126711135e-05
1.9241554870021895e-05
2.1390002476389767e-05
2.661005939538397e-05
3.259599622897825e-05
3.824691718754496e-05
4.692141557492353e-05
5.166497075812505e-05
5.816239718045086e-05
5.7083568105960816e-05
5.4237235737460845e-05
4.7029259665933856e-05
4.422832937791351e-05
4.149928911751605e-05
3.9489509542967316e-05
3.7647603164381926e-05
3.655625149445912e-05
3.42181196932454e-05
3.336932489289977e-05
3.3380288906691345e-05
3.5117549515516386e-05
3.8226472879774525e-05
3.9147953705358355e-05
4.1858527179555155e-05
4.244897474354229e-05
4.115206387658216e-05
3.5253826934380654e-05
2.9738451921780785e-05
2.8836440436728975e-05
3.069465750444545e-05
3.594241399159462e-05
4.557683435754243e-05
5.8689567198100214e-05
6.744530110460329e-05
8.125414345255203e-05
7.880041447862017e-05
6.794303271187211e-05
4.902365959158183e-05
2.6440103362847847e-05
1.828470664680405e-05
3.066803137948013e-05
1.970210857750075e-05
3.326510087925955e-05
5.635373848984398e-05
3.8836725327129e-05
4.46620420677816e-05
3.50150450325779e-05
2.880393050143068e-05
2.441119822460516e-05
3.062972709671083e-05
5.0640272166436106e-05
9.328963175623853e-05
0.00013494488869263106
0.00013748199110012936
0.00011063202367509942
8.61775486200343e-05
5.738015020547967e-05
4.086879143629523e-05
3.603288695925982e-05
2.898385719505184e-05
2.9065593309774283e-05
3.303567722959433e-05
3.585767677159614e-05
4.049665717104221e-05
4.583868925705441e-05
5.318984246355857e-05
6.299337593873701e-05
8.074175732201539e-05
0.00010333591890750808
0.00012234933841906358
0.00010521245635224607
0.00010244928774870036
0.00010078610912148508
0.00010018184050243094
9.859576794694254e-05
0.0001012551002344538
9.615776959226355e-05
9.554257554420839e-05
9.414219437740363e-05
9.278377365430887e-05
9.4027201887458e-05
9.501525738403476e-05
9.905825347379343e-05
0.00010471911871711143
0.00011057558269870366
0.00010084934812896824
9.435493509007042e-05
8.20239557039616e-05
7.2024234466751e-05
5.845145390900714e-05
4.2619872909644076e-05
2.750465592980696e-05
1.909329890731914e-05
1.7621705949930728e-05
1.8701819971469348e-05
2.0161833950576634e-05
2.2212987767671588e-05
2.3100789102093854e-05
2.385277910302782e-05
2.369185881011558e-05
2.435236060109985e-05
2.794905535476376e-05
3.087054442155987e-05
2.8699181334357046e-05
2.6589392112850597e-05
2.046326763618157e-05
1.706145704696174e-05
1.9300733306746243e-05
2.1101950196547896e-05
2.265110712430185e-05
2.32587455577125e-05
2.7763640218245712e-05
3.294174635878659e-05
3.449025895624801e-05
3.9280195822262556e-05
3.9516724707755855e-05
3.417704423886818e-05
2.794146376371339e-05
2.413599370792663e-05
2.3450166682535766e-05
2.588824678491754e-05
2.8401058980535917e-05
3.336934420318109e-05
3.749763693375096e-05
3.805326528166564e-05
3.794238705782456e-05
3.600753580582773e-05
3.54757215147187e-05
3.326480917612521e-05
3.538069740834735e-05
3.4683568679217235e-05
3.478312639622265e-05
3.064654396716658e-05
3.090739366211154e-05
3.0242052398840854e-05
3.13397919877921e-05
3.41256735042051e-05
3.887678856393681e-05
4.6436387598379025e-05
5.1122342341501667e-05
5.49856478164304e-05
6.180797623243589e-05
6.887782313127635e-05
6.827635072862437e-05
6.550512231396892e-05
6.13258541621947e-05
6.0859120573004036e-05
6.366619721381293e-05
6.407355714095438e-05
6.831225373495261e-05
6.428504097089558e-05
6.336388253327859e-05
5.433117162562132e-05
3.8538204505135024e-05
2.5300354916834327e-05
1.7438261126931853e-05
1.6432904244207816e-05
1.7527524501838822e-05
1.371286775067581e-05
1.2496791791077172e-05
1.5816904202292822e-05
1.700429305591313e-05
1.000747163730138e-05
4.72119916402452e-06
3.606565183838e-06
8.366330532764888e-06
2.1797847715007763e-05
4.8053507164964446e-05
7.967302304250106e-05
0.00010168981885272938
