9.359759468677628e-05
1.8002150245059586e-05
1.5921740584753145e-05
1.8636964328779728e-05
2.2054872592300417e-05
2.4599348901593726e-05
2.6497045157026543e-05
2.6701113375441455e-05
2.8880413452296957e-05
3.3727778637195516e-05
3.911703341555126e-05
4.59114807855971e-05
5.3390743537339665e-05
6.146987517354681e-05
5.948045085070421e-05
5.581516107750296e-05
5.6905659868308674e-05
6.182031763408708e-05
6.4777336200349e-05
6.35212623910461e-05
6.319317714710246e-05
6.326971218337729e-05
5.964929089687939e-05
5.4215181824729794e-05
4.9302582925218834e-05
4.5634339834071715e-05
4.438336051280488e-05
4.385814364061705e-05
4.323695962110729e-05
4.424831251608304e-05
4.898778653628367e-05
5.325714827152788e-05
5.6743770085006426e-05
5.6824598903381644e-05
5.3740544425592536e-05
5.005451293362799e-05
4.372285907893218e-05
3.726338231208484e-05
3.1708289622556706e-05
2.711447178885062e-05
3.08682028182722e-05
4.178293549838159e-05
4.8129273171016324e-05
4.858203733981771e-05
4.925187609507526e-05
4.994231328807322e-05
4.7100167583280396e-05
4.379584709844435e-05
4.6372030265591644e-05
4.865560859933549e-05
4.831395308294106e-05
4.0231803819088515e-05
3.105265115342602e-05
1.9950273686107804e-05
1.3360955808395312e-05
1.1341030313802108e-05
1.1988524021301975e-05
1.487252337708888e-05
1.8633746784285214e-05
2.1722666538774864e-05
2.4296412653506017e-05
2.6624804429875388e-05
2.7975173512549813e-05
2.9639853090129254e-05
2.8605841027777922e-05
2.4429354763209602e-05
2.007696942785855e-05
1.693919200703584e-05
1.5082041024274715e-05
1.473453457694857e-05
1.5832023456881328e-05
1.7357170682405055e-05
1.9411660271983746e-05
2.089068892652114e-05
2.272641417098542e-05
2.362495315659961e-05
2.414859312494138e-05
2.4079213040422534e-05
2.4396157365207574e-05
2.560509726359532e-05
2.700686096603645e-05
2.7694784714372237e-05
2.8208714826125614e-05
2.8792932900029662e-05
3.0662983412609475e-05
3.202643601363327e-05
3.2179782276644746e-05
3.327138738538072e-05
3.274204638383208e-05
3.180414821604317e-05
3.159577537858984e-05
3.1698390966654945e-05
3.122735388529491e-05
3.166951256035527e-05
3.272777427865642e-05
3.362678119054508e-05
3.2625004709625e-05
2.9952506697594622e-05
2.746354249903595e-05
2.6407059330516238e-05
2.6696352819176306e-05
2.7606217330719745e-05
3.307561992220054e-05
4.1425738245871326e-05
4.796690185675799e-05
4.9883440076693406e-05
4.781267548984183e-05
4.7698399661156305e-05
4.264724182760704e-05
3.433364581428543e-05
2.7447840058171063e-05
2.385460140494709e-05
2.3245224881803187e-05
2.0975689796326444e-05
2.108016031768815e-05
3.1144826835153715e-05
3.362868901953916e-05
2.182468089826921e-05
2.828334938797249e-05
3.839340875273787e-05
3.68843684399752e-05
2.2373533443539467e-05
1.4538709460408152e-05
1.6913755695746294e-05
2.4474718958474674e-05
3.155621573675989e-05
4.7510104662883135e-05
6.641941708080243e-05
7.606794954801804e-05
7.154108568332622e-05
5.4738281917014706e-05
3.510413892708986e-05
2.90598768069781e-05
2.5444988111170518e-05
2.2467981068484535e-05
2.0320946521192786e-05
1.8576846996539098e-05
1.982928160651637e-05
2.0531664547577757e-05
2.3089144574521668e-05
2.7581167883256063e-05
3.1911225377689554e-05
3.574503994736261e-05
3.809095431663751e-05
4.5237380600702526e-05
5.633556279854042e-05
7.02355861409195e-05
8.437002605245932e-05
9.523725727007937e-05
9.950501575650046e-05
9.938753023254094e-05
0.00010420259985043189
0.0001105600114254025
0.00011442229927380787
0.00011232315580006632
0.00011213387017552936
0.00010829321407624473
0.00010564654514668434
0.00010339982217390595
0.00010111848998320657
0.00010243995874043592
0.00010317824448696169
0.00010426006658655464
0.00010938554156561729
0.00011003380385191355
9.806875534577251e-05
8.312896063436964e-05
6.899767993904336e-05
5.448336110773943e-05
4.244039677893505e-05
3.272308801461386e-05
2.4744463726996228e-05
2.469251445614042e-05
2.352829341645755e-05
2.764794097405978e-05
3.531424949644437e-05
4.177599044951024e-05
4.271588475978935e-05
4.1144169349143295e-05
3.59882238486045e-05
3.231016889791666e-05
2.9530928812371846e-05
2.9316240231630848e-05
3.2544956080252374e-05
3.394867624664025e-05
2.9768550388161618e-05
2.3894834476526052e-05
2.0171107449927706e-05
1.6327784032266242e-05
1.5260780196303826e-05
1.691960035846737e-05
1.9635672309026732e-05
2.176224813685259e-05
2.5328493168866234e-05
2.8452074700138603e-05
3.009797322143095e-05
3.27242883217648e-05
2.9066018192168362e-05
2.70165242900266e-05
2.6464603081438104e-05
2.536450513949535e-05
2.2561637049264163e-05
2.0212284676687868e-05
1.995894439740311e-05
1.991259047929344e-05
1.9015945562244067e-05
1.7848568129943944e-05
1.6569420953019943e-05
1.683618774767957e-05
1.646045494649195e-05
1.7313382826244025e-05
1.7010035586964438e-05
1.8628632082890943e-05
1.7741350354574845e-05
1.996283589691849e-05
2.1853604224089056e-05
2.3820245762849137e-05
2.5201825651481773e-05
2.6604248272536608e-05
2.889186009972915e-05
3.0529532030580357e-05
2.924098550830369e-05
2.7596645156471667e-05
2.791212248118161e-05
2.9174532792821488e-05
3.1428823346216975e-05
3.356166078016852e-05
3.50774494293146e-05
3.627717497780012e-05
3.837196369795381e-05
4.175336003489567e-05
4.8088994469516004e-05
5.370751791966948e-05
5.699066902618619e-05
5.7507204826178943e-05
5.8454656570002766e-05
5.8550597202234876e-05
5.4691095900656904e-05
4.974406163095257e-05
4.9914440322039826e-05
5.212707148058967e-05
4.637017972466235e-05
4.022646933962436e-05
3.1773486879001744e-05
2.2327457152504984e-05
1.4863401776491303e-05
8.67250514988405e-06
7.4729570200516315e-06
8.535637415452474e-06
8.862243804689444e-06
9.108897976506375e-06
1.1963918015530151e-05
9.501421353475114e-06
6.810601026913769e-06
3.340441544145096e-06
1.606951251377712e-06
1.4278406652495509e-06
2.9805154613875995e-06
7.52533713483333e-06
1.6328601609725914e-05
2.8968993701623652e-05
4.308823081750211e-05
5.220212715265667e-05
4.8281742382984155e-05
