0.00017503962108052055
1.842327316997521e-05
2.0936386086437273e-05
2.4437794319575765e-05
2.840094380732293e-05
3.07171277934326e-05
3.43463395361531e-05
3.8587170679467455e-05
4.4782789197441467e-05
5.366155444818795e-05
6.372487754735733e-05
7.467351345525529e-05
7.28173721868107e-05
6.93403764908917e-05
6.825161730291698e-05
6.213105804555955e-05
5.739826836343634e-05
5.424742023836506e-05
5.771614908303452e-05
5.9319240408841766e-05
5.9348201847198096e-05
5.607874989219908e-05
5.110628043858336e-05
4.893393129343296e-05
4.722064281616156e-05
4.737875211143059e-05
4.75859447791925e-05
4.742061394166627e-05
4.921881100729643e-05
5.3723476099561915e-05
5.742136526477191e-05
5.194582397814485e-05
4.8839421201268035e-05
4.2358581311353387e-05
3.8597553342429856e-05
3.4957014103244835e-05
3.323883189488145e-05
3.512768874404081e-05
4.4343415078308834e-05
4.858171619875011e-05
4.8681247375043766e-05
4.5906757519421706e-05
4.398180723794168e-05
4.0405341347227235e-05
3.895987028348161e-05
3.94770880370565e-05
3.642219510259098e-05
3.067187276638487e-05
2.0017725116443386e-05
1.2684314930351243e-05
1.0362931593491553e-05
1.0638648841015091e-05
1.4266156529913568e-05
1.9652638500352732e-05
2.3818402698153704e-05
2.5373303265964478e-05
2.7140339494419262e-05
2.912086102888584e-05
3.0363187114199545e-05
2.684058560568412e-05
2.1951706512208723e-05
1.8773515351701907e-05
1.70560726260527e-05
1.7738925443664886e-05
2.0094548793809358e-05
2.396278817561599e-05
2.7956474959308717e-05
3.220099464296463e-05
3.744564258795458e-05
4.043305735010523e-05
4.228998305484265e-05
3.986941242024567e-05
3.9076405145054166e-05
3.494013488642902e-05
3.372494506709553e-05
3.288044764857219e-05
3.256143822486984e-05
3.4270031915910014e-05
3.443965932063934e-05
3.368879274046965e-05
3.419429817717906e-05
3.327428006001073e-05
3.2981618535421695e-05
3.4716868943680056e-05
3.5745200609752135e-05
3.692831986290726e-05
3.9074655863361985e-05
4.0604543261871306e-05
3.889834545694648e-05
3.372323150559001e-05
2.9738871975424163e-05
2.8714637590361082e-05
2.997070561066385e-05
3.439164381270866e-05
4.31303905506361e-05
5.5120119498110545e-05
6.0936550432310815e-05
6.638627092442727e-05
6.674651852014331e-05
6.127054060279791e-05
5.042308703708547e-05
3.657203138388201e-05
2.118024870425076e-05
1.8537340432504285e-05
2.414378752555539e-05
3.1088960467667894e-05
5.291735143076855e-05
2.6148662336709825e-05
3.5779754966293174e-05
4.306795440278249e-05
3.489336867862972e-05
2.606141551632667e-05
2.0170418027693154e-05
2.5223095508316783e-05
3.767830586907426e-05
6.598685953759523e-05
0.00010396425544029566
0.00011881201850002607
0.00010486006850572291
8.55064509380194e-05
5.824759892979165e-05
4.184283536792889e-05
3.6310567642341195e-05
2.7365711618432583e-05
2.4129707750531994e-05
2.7191884309566537e-05
2.9406425858107702e-05
3.1593376858985194e-05
3.458938525806867e-05
4.028020515412597e-05
4.5659433268803015e-05
5.2141783084454256e-05
6.705632181700844e-05
8.520745360512488e-05
0.00010427186890902879
0.00011661807223731552
0.00010435176152374047
0.00010153457226385294
0.00010009267462665054
0.00010367222178704127
0.00010669303225520163
0.00010538271493598375
0.00010414220909657562
0.00010100254347379068
9.762010989157012e-05
9.597678418778181e-05
9.568097364557692e-05
9.828122672454576e-05
0.00010213597939913472
0.00010401916725060584
0.00010890213036735036
0.00010827312647112713
9.56519268984793e-05
8.169473664240252e-05
6.700659609662573e-05
5.186101494691377e-05
3.999072860565092e-05
2.872308093648455e-05
2.188234819069365e-05
1.976208883681352e-05
2.2767373705205162e-05
2.783388760652848e-05
3.261942325211863e-05
3.419202837669385e-05
3.316158820148591e-05
2.9422763969394782e-05
2.491686114630205e-05
2.4348401606964472e-05
2.9425264254388855e-05
3.362082034314503e-05
2.93517627917223e-05
2.508955892113422e-05
1.9247822044772538e-05
1.5873544975428363e-05
1.7637088027780297e-05
2.0313687608079724e-05
2.1666023451374566e-05
2.4105654064880955e-05
2.6726742918009376e-05
3.1333235470997755e-05
3.298704394830931e-05
3.4051480015193904e-05
3.421308835844986e-05
3.1706736210672975e-05
2.5338262738157467e-05
2.242685676723077e-05
2.203678703870083e-05
2.171261583164918e-05
2.2349172985264394e-05
2.3196034664258923e-05
2.5795169921521897e-05
2.7620240627060954e-05
2.7304936889116395e-05
2.658647273811284e-05
2.616928107784559e-05
2.4795500220417624e-05
2.7575544570177976e-05
2.776074187672443e-05
2.876315800216753e-05
2.85249655646607e-05
3.093556739537532e-05
3.0093417308097523e-05
3.059491563659046e-05
2.9310898439712986e-05
2.9978644593580786e-05
3.161450412289868e-05
3.5298275979595927e-05
4.076106609243545e-05
4.4543954507789706e-05
4.7218200880721035e-05
5.123448869390251e-05
5.899155897931364e-05
6.261143350129847e-05
6.233565007905845e-05
6.130710366590568e-05
5.8761830588768725e-05
5.986770064492588e-05
6.0010234043784234e-05
5.7380168972444194e-05
5.943382735883225e-05
5.709107243565189e-05
5.460427277553948e-05
4.523392621050006e-05
3.2434294849010165e-05
2.292460588182296e-05
1.5401066994068913e-05
1.1967425826513235e-05
1.4084424491285395e-05
1.0088588185488524e-05
1.1165930062776256e-05
1.3430834664032202e-05
1.502154500512495e-05
7.981117675800367e-06
4.242216966946393e-06
2.7723272095403584e-06
3.789738947822315e-06
9.466815752639392e-06
2.1564609661612093e-05
4.316662656433261e-05
6.522346496231044e-05
7.822228525626476e-05
7.709639534553377e-05
