0.0007584240514319103
9.173911306320674e-05
1.6743100560270365e-05
2.2897186069675033e-05
3.229499707178634e-05
4.2249079359363036e-05
4.9517502172015e-05
4.372697581354274e-05
4.39106778405119e-05
5.134264445919746e-05
5.189095249272623e-05
5.494886129395575e-05
5.456408145810327e-05
5.6219036907208096e-05
6.041550074077217e-05
6.632460338498427e-05
7.262140923241822e-05
8.579284189877702e-05
0.00010558971572551146
0.00012020210755446967
0.00012467101553881722
0.0001249112992754147
0.00013027691171036343
0.00011541087960780151
0.00010550475358920205
9.686264616256247e-05
7.79331961526245e-05
5.2609601797646076e-05
2.7421142691025835e-05
3.0154969643743438e-05
3.2587121788197696e-05
3.0773534813763274e-05
3.159280699316372e-05
3.360356020227384e-05
2.8373077525331956e-05
1.913339081277468e-05
1.2875543883695403e-05
1.225676680470287e-05
1.0502398228077376e-05
1.4005243964192651e-05
1.7260188509682867e-05
1.776556374936895e-05
2.4034687632804362e-05
3.314349472116421e-05
4.048809605023478e-05
4.363177207982649e-05
4.822713407991607e-05
5.818743668018051e-05
6.78689117813506e-05
7.700647683596434e-05
9.271592696006313e-05
9.969940433194136e-05
0.00010522026360045075
0.00010601701091386653
0.00010253371407010215
8.214727111482327e-05
5.889033024106198e-05
4.536111378788308e-05
4.129100261489733e-05
3.800194588927612e-05
3.8729927898885625e-05
4.117891209439147e-05
4.107439486696516e-05
4.5523500204351075e-05
4.258632589545542e-05
3.672562245957508e-05
3.4043624745478345e-05
3.8612413706195504e-05
4.884787448694735e-05
6.689372845169354e-05
8.213594188660774e-05
8.603768318388241e-05
0.00010035499765274452
9.0411384291576e-05
7.108168663013393e-05
8.208926398129514e-05
8.853554821190832e-05
8.821998430934088e-05
0.00011597492565955367
9.908974019297762e-05
0.00010200169605855875
9.973032657797402e-05
7.704698151644992e-05
0.00012875531895886587
0.00020846942019752443
0.00021942003157331705
0.00018375345600790918
0.00014921478453879948
0.00012130599415957583
7.980428456764723e-05
5.952888043915107e-05
5.493831955815958e-05
5.43453928821766e-05
4.5784973915098085e-05
5.035228635419365e-05
6.695216649192271e-05
8.348965689657933e-05
9.177915510561363e-05
8.2769474611912e-05
8.152479423454963e-05
8.053514753079085e-05
7.836830962123213e-05
7.53454315575911e-05
7.811060089806335e-05
8.752266588296997e-05
8.735584997780276e-05
8.42797626106084e-05
9.371528392709682e-05
9.488962588853134e-05
8.798687222342995e-05
8.316280800248304e-05
7.631585632996419e-05
5.981532510259588e-05
5.104263003680744e-05
5.603457704142283e-05
5.260939279413669e-05
4.9248492887675566e-05
4.464958218979066e-05
4.5071725843192526e-05
4.851820995987498e-05
4.705680107050715e-05
4.725458577734479e-05
4.385718936464823e-05
3.7583026591831184e-05
3.5222826938622026e-05
3.134675257963375e-05
2.990901406829933e-05
2.985622514887516e-05
3.0248553112837913e-05
3.3096758277834826e-05
3.162806144200569e-05
2.406902362050104e-05
2.3082319919943056e-05
2.5068926022840028e-05
3.2121115008576026e-05
3.6546217068339715e-05
4.1484532847981245e-05
4.378818931751813e-05
5.230350338603158e-05
5.561693624318117e-05
6.417710108207314e-05
7.546121537087002e-05
9.021000389507173e-05
9.850791898593651e-05
0.00010472356604906361
0.00010319881325298088
8.940758017177822e-05
6.948458105453163e-05
5.930809090787663e-05
5.486738421235645e-05
5.057034055795102e-05
5.7631361664067487e-05
7.483003907381794e-05
8.813676560710873e-05
8.632186808061342e-05
8.122811650500054e-05
7.116732514561225e-05
6.946735647416405e-05
7.4427474565554e-05
8.969997360246759e-05
9.754110086253701e-05
0.00010070865623162645
9.121808657079138e-05
5.650387762747149e-05
3.0492336188185606e-05
2.1863710954881054e-05
4.4206749514767515e-05
7.685584335940412e-05
5.132617503160427e-05
6.9124925376253e-05
8.081501585357228e-05
8.096961746110785e-05
7.952176611115143e-05
0.0001114843123900578
0.00017628998523033267
0.00024216585306763167
