0.0005145170095342803
4.742453258773953e-05
2.098942602784167e-05
2.594371874127743e-05
3.2502728820723826e-05
4.000378646007625e-05
5.3149472282299195e-05
6.855002621105291e-05
7.194467198350766e-05
6.4829838549844e-05
6.498382490876467e-05
6.236766832201162e-05
6.234879998401083e-05
6.365185227766273e-05
6.28633265319016e-05
6.001012340482791e-05
5.713072017660515e-05
5.512598893705983e-05
5.3985775067446244e-05
5.945296160646308e-05
6.15745331925714e-05
6.731165738600984e-05
7.277283013202359e-05
8.133453389723894e-05
8.258630585969564e-05
7.996415792831143e-05
6.790858928782187e-05
6.441759553534518e-05
5.732212054871265e-05
4.7715758513921784e-05
3.710225169117552e-05
2.7443492716354345e-05
3.6446592865451654e-05
4.336396736982548e-05
3.743505706192705e-05
3.231332939246376e-05
2.7140744018517935e-05
2.6416472819884732e-05
2.704636830219038e-05
2.441933012205152e-05
1.8420456782760687e-05
1.4741433816330936e-05
1.1472039935633726e-05
1.1940262011371804e-05
1.561337408873906e-05
1.7657324839388794e-05
2.0135507537335235e-05
2.6432770833141515e-05
3.3170804484553385e-05
4.089373369148276e-05
4.095194074756852e-05
3.956824737647247e-05
3.6551406183434546e-05
3.58447483139184e-05
4.0362761544813813e-05
5.346506644055438e-05
6.972808601841202e-05
8.455837405009693e-05
9.680524892819999e-05
0.0001013867799296764
0.00010172608910034682
9.486055301607882e-05
8.258894713815114e-05
6.985065215029616e-05
5.396615937069732e-05
4.191369778695209e-05
3.80523233040293e-05
3.581824481829285e-05
3.7406964214051376e-05
3.851287996386351e-05
4.2686476389970425e-05
4.4864802709430964e-05
4.597508108621769e-05
4.6197570927924544e-05
4.021561390142912e-05
3.468608176629015e-05
3.493565875917647e-05
3.73688415380313e-05
4.616028826466417e-05
6.0753917982559236e-05
8.19407099543626e-05
9.127483057774809e-05
9.824359511821798e-05
8.868450716243627e-05
5.656441216071857e-05
3.668419464417773e-05
5.1785326958497995e-05
4.664264228948804e-05
3.777285300816231e-05
7.129533481055931e-05
5.678329605679212e-05
7.624687630232422e-05
5.970258483983044e-05
4.6665906931509196e-05
5.293524056397707e-05
8.960116289660994e-05
0.0001571178440444618
0.00018865500749586827
0.00017080187884711498
0.00013615678444033562
0.00011003137220708987
7.272913286123802e-05
4.977243493213049e-05
3.992457202557383e-05
3.8823303774921807e-05
4.2285441684427035e-05
4.593343490936669e-05
4.903217046726249e-05
5.9926210856487376e-05
7.510818156290531e-05
9.89135038786465e-05
0.00012023159966892874
0.00010274775232760384
9.723127842629423e-05
9.687561090455856e-05
9.506697493103822e-05
9.248175413655814e-05
9.065246010166296e-05
8.901602079440766e-05
8.451462632310626e-05
8.414575788147077e-05
8.76628552744745e-05
9.776885037247651e-05
9.977182760784363e-05
0.00010042776394509587
9.377906982960382e-05
8.976751659179154e-05
6.995212496886979e-05
6.367364985150488e-05
5.633850176654548e-05
5.026710057311557e-05
4.356293968033913e-05
3.865877765868696e-05
3.291422159305028e-05
3.0723114925704936e-05
3.0430517941543297e-05
2.824269538863214e-05
2.646155146249491e-05
2.796457155426426e-05
2.7056011270622307e-05
2.6298051506863642e-05
3.067978153597595e-05
3.438623424125666e-05
3.5945623430310166e-05
2.247347551417773e-05
2.1003023513710783e-05
2.2738445116356132e-05
2.1246330576157932e-05
2.3921194238819195e-05
3.035601255782093e-05
2.977457864390528e-05
3.345789180993344e-05
3.5427336784708355e-05
4.244877359853803e-05
4.8226244753475606e-05
4.493711546857312e-05
4.0689639668834045e-05
3.854474680456123e-05
4.1096538426478154e-05
4.835094420928233e-05
5.812776738531083e-05
6.878252836200571e-05
7.527534600800429e-05
7.548205901975507e-05
7.200020132510934e-05
6.594800386905026e-05
5.967091226411845e-05
5.0675831507323985e-05
4.373282544000782e-05
3.8324552659258256e-05
3.8560198156741595e-05
4.22756594578254e-05
4.938469627918246e-05
5.6851471048617804e-05
6.57979293521156e-05
7.677133780234443e-05
8.407105046796388e-05
7.754639674250158e-05
7.178680952085158e-05
6.886065737628699e-05
6.96858717183237e-05
7.414775822827714e-05
8.803864744761111e-05
8.9055427153569e-05
8.32553451087217e-05
7.42962843945962e-05
5.435599444848477e-05
3.287200253972024e-05
1.8470445339170147e-05
1.757634614759359e-05
3.4644262121466746e-05
2.7715290148097268e-05
2.8165811612876277e-05
3.9437396845771416e-05
3.135599794309531e-05
2.3353633169262102e-05
2.0037921118170015e-05
3.184480903567425e-05
6.995848423118607e-05
0.0001250101961737136
0.00017525847945834485
0.0001899981457845013
