0.0005909973027436019
6.157656955357406e-05
1.9957302438065442e-05
2.517555387828186e-05
3.3759805289960996e-05
4.132964878621954e-05
5.5153468311654496e-05
6.83855092490212e-05
5.6233471409708356e-05
5.740308243000367e-05
6.038970178838349e-05
5.9263739939719703e-05
6.121174882283929e-05
6.153313568645381e-05
5.782453633681435e-05
5.868718088473609e-05
5.92915075584527e-05
5.799873443361158e-05
6.089272004534289e-05
6.932700815754744e-05
7.975296844768722e-05
9.040785645025909e-05
9.93239043298271e-05
9.656757959249548e-05
9.150007261318063e-05
7.742622411386862e-05
7.664753997398854e-05
6.638715032326111e-05
5.1625931447441103e-05
3.433029107848069e-05
2.0322447197988756e-05
3.773538897525446e-05
3.3910788329126294e-05
3.0370273391939315e-05
2.7866912540663748e-05
2.7094706594785377e-05
2.781939328945837e-05
2.5047926793243027e-05
1.9022356154071565e-05
1.3819106830897763e-05
1.2340780995796816e-05
1.071955311331068e-05
1.2617213136160249e-05
1.6089384048320728e-05
1.9848271735430168e-05
2.524748901197304e-05
3.098981165165202e-05
3.958287707411767e-05
4.2526719806047116e-05
4.575618724938057e-05
4.578769766466222e-05
4.723857550460918e-05
5.390876257186393e-05
6.836592495965775e-05
8.498090411201493e-05
0.00010070570090313126
0.00011251874665652302
0.00011930178606294088
0.00011591150808660706
0.0001005574512513527
8.068121121707684e-05
5.702471376786073e-05
4.228700702966784e-05
3.962550598708511e-05
3.797217626892511e-05
3.873833105974382e-05
3.973847680853172e-05
4.164501891105589e-05
4.384839945083658e-05
4.7673572702613756e-05
4.714105464323038e-05
4.228977444290785e-05
3.831161779383926e-05
4.1259010191807446e-05
4.652507894897392e-05
5.924746841198601e-05
8.338508087468628e-05
8.798195861210389e-05
0.00010255784530095239
0.00010594573122660519
7.643009685520209e-05
5.0103304135006416e-05
6.326378999441248e-05
6.167816631267364e-05
5.124915354584287e-05
8.592110160213916e-05
7.15903707394506e-05
8.681095817594675e-05
7.762432264392289e-05
5.532230916070253e-05
7.103554450901345e-05
0.00013152711231218954
0.00019759592329018683
0.0001930236263059178
0.0001630136841049871
0.0001341863473154103
9.921218454600269e-05
6.562352133524482e-05
5.010276845972105e-05
4.519219800327745e-05
4.638904527705644e-05
4.1687365063547516e-05
4.5197894823199514e-05
5.53924789358447e-05
7.36077959423272e-05
9.748378314923715e-05
0.00011105046014060475
9.449344046426098e-05
9.20523958072406e-05
9.298106852410727e-05
8.910625954413893e-05
8.701639239499763e-05
8.550885071782993e-05
8.468648344368601e-05
8.165675548750301e-05
8.530514714319567e-05
9.370549862296198e-05
0.00010049310326756829
9.638294489995995e-05
9.040390624889123e-05
8.690100082075225e-05
7.179422597216257e-05
5.891688603270937e-05
5.5083969549425514e-05
5.110506448232167e-05
4.64540130120502e-05
4.20100782096517e-05
3.6838288847837754e-05
3.707265429799474e-05
4.0706745025274634e-05
3.6076098983232775e-05
3.46762779715527e-05
3.344604060174331e-05
3.0173065962826578e-05
2.861982214741434e-05
3.6027065524964265e-05
3.486745418993222e-05
2.943093590788429e-05
2.1294970820013484e-05
2.556751671991688e-05
2.327251711017131e-05
2.567734402136705e-05
2.9282160521969776e-05
2.986372929465963e-05
2.958321612310113e-05
3.273051603522817e-05
3.856428713035279e-05
4.706597153787454e-05
4.862846256614074e-05
4.832778244039596e-05
4.9289759607517046e-05
4.861736105196079e-05
5.6348837510273206e-05
6.576310911135862e-05
7.761724768582252e-05
9.082352148793914e-05
9.899489360566166e-05
9.406805255768847e-05
8.389833035744207e-05
7.305053830442516e-05
5.955675676715832e-05
4.833386199722854e-05
4.385102219237893e-05
4.563980846715574e-05
4.997241469970756e-05
5.684524825959805e-05
6.968919935412682e-05
8.245491297228781e-05
8.614267152232234e-05
7.964084048490867e-05
7.435601442841246e-05
7.076586828873512e-05
7.246860180261716e-05
8.000280322759519e-05
9.289517635611077e-05
9.786901014774489e-05
8.733983058320497e-05
7.378429511574423e-05
4.6998926496539136e-05
2.3648446197564053e-05
1.3405774977689087e-05
2.9473415053273408e-05
3.442196189128246e-05
2.9784995405106185e-05
4.494583992752759e-05
4.6026453866341255e-05
3.957750391314677e-05
3.4943771900518256e-05
4.522308494519405e-05
8.611467496601652e-05
0.00014803460209108094
0.00020308794333483333
