0.0007144234966941048
8.441589209756488e-05
1.6480568099439244e-05
2.4344950740372466e-05
3.312466798271945e-05
4.203129051946488e-05
5.507650548535655e-05
4.675671656229245e-05
4.67464898290714e-05
5.348166464593106e-05
5.350479999755647e-05
5.5848099239018924e-05
5.7304945322745835e-05
5.574333642516278e-05
5.7825690557418075e-05
6.363658622626196e-05
6.544162045601247e-05
7.98553711927976e-05
8.756661519690023e-05
0.00011015935522072187
0.00011445540890830618
0.00011800637120437671
0.000116811167938877
0.0001102848719140491
9.810359529381861e-05
9.185513715648789e-05
7.86123431985248e-05
5.757993652958286e-05
3.232665946562027e-05
2.040328186479185e-05
3.372715331769343e-05
3.131676878856292e-05
2.9487881693514332e-05
3.2285011797434835e-05
3.18095427059184e-05
2.5917941337898675e-05
1.6363164365444712e-05
1.2243986517537005e-05
1.1802690498463735e-05
1.1183236929059211e-05
1.4456925776633602e-05
1.806434907977977e-05
1.9301419492196897e-05
2.6211980296078152e-05
3.564744868750205e-05
4.182434407612019e-05
4.487039350235724e-05
4.956614165460811e-05
5.679500133089607e-05
6.583211907303052e-05
8.260241651705902e-05
9.598299043337896e-05
0.0001037585271194142
0.00010869573976678907
0.00011016031305525785
0.00010522080908594505
8.630349266443102e-05
6.100441271385835e-05
4.6214881801285306e-05
4.1815946844802865e-05
3.8346209335040217e-05
3.9908576160542105e-05
3.954898665095068e-05
4.059109990729949e-05
4.414764981944985e-05
4.70570380107888e-05
4.143099198348896e-05
3.563838887026455e-05
3.885303823934088e-05
4.286361837292201e-05
5.770780645420516e-05
7.931489015278222e-05
8.547352649607962e-05
9.402046408300751e-05
0.00010260592267139248
8.5044877663665e-05
6.94608435949639e-05
7.370818022911126e-05
7.944316279821036e-05
8.09059557010159e-05
0.0001494685003152779
0.00010993265397643968
9.871954326342615e-05
8.86213561526406e-05
8.335488590812648e-05
0.00014579372202678603
0.00021308216671487743
0.0002077711648769332
0.00017285944892074718
0.0001430322102371048
0.00011066648390641143
7.191888578037063e-05
5.612126206733472e-05
5.31849933719706e-05
5.155250410464854e-05
4.444150132823217e-05
4.8941561831960774e-05
6.383802405393222e-05
8.649863285525015e-05
9.346342131286731e-05
8.982523183648077e-05
8.320087535083429e-05
8.417840852997922e-05
8.217727072230732e-05
7.788610024797609e-05
7.950021279665879e-05
8.223599550714818e-05
8.983133100404115e-05
8.24464517792072e-05
9.494382147511776e-05
9.601347738112914e-05
8.90344505535465e-05
8.328890011096332e-05
7.872691315065369e-05
6.43160703098182e-05
5.293342979873771e-05
5.452717931084068e-05
5.3131986995072596e-05
4.759554802037786e-05
4.066498657716386e-05
4.0025480813700605e-05
4.7308667785334484e-05
4.4223670022129155e-05
4.207036531292614e-05
4.0381885278979537e-05
3.553865995630286e-05
3.3474474174319735e-05
3.667921410516633e-05
2.9861971591638274e-05
2.536681057164949e-05
3.0969990719839664e-05
2.9847839433580667e-05
3.2962539559099826e-05
2.973980634321193e-05
2.62394737738967e-05
2.365579625925444e-05
2.7666304294922013e-05
3.5237701065330695e-05
3.950167964354213e-05
4.5062567411228615e-05
4.658892437465787e-05
5.5051743384229186e-05
5.930117840833247e-05
6.640099934155336e-05
7.767441187454676e-05
9.116752677743491e-05
9.984443195486378e-05
0.00010473948735887312
0.00010065734262340046
8.575353210257278e-05
6.785425569115663e-05
5.804793758340895e-05
5.360913600838391e-05
5.017191979871537e-05
5.307414980138842e-05
6.88357873419996e-05
8.627470409222637e-05
8.861737235151127e-05
8.46263249125801e-05
7.53137624957048e-05
6.995791009255338e-05
7.195138992250687e-05
8.437761274266064e-05
9.518754794903941e-05
0.00010237098598450023
9.341892624961895e-05
7.271608158948868e-05
4.00936697976355e-05
2.0935720147115577e-05
2.6664778520177057e-05
6.663389196281947e-05
3.8349489384692386e-05
4.7958896037840175e-05
6.978160612041822e-05
7.081343716819477e-05
6.712957280867796e-05
6.986381719266634e-05
0.00011687831087668511
0.0001860767092674942
0.000238304410364453
