0.0004061038046000734
3.0805118745083015e-05
2.283878986108942e-05
2.6440311357152094e-05
3.135622843215925e-05
3.715960125249643e-05
4.771788557940469e-05
6.322491972117355e-05
7.59151325003672e-05
7.884777328484929e-05
7.207741620085574e-05
6.633590593585e-05
6.334725097908616e-05
6.156955995337598e-05
6.11349107148797e-05
6.087644714571655e-05
6.049452844161675e-05
5.464332233569202e-05
5.3060756202408557e-05
5.409196230789615e-05
5.5801434882596056e-05
5.6856650495040184e-05
5.922897811690729e-05
6.237972527151948e-05
6.579749269471916e-05
6.922083404514072e-05
7.024268512754854e-05
6.389026660208209e-05
5.84899457874371e-05
5.1958163750994805e-05
4.380349480179497e-05
3.779856179747234e-05
3.2055227877193613e-05
3.05518828037619e-05
4.840273224992758e-05
4.248600126932711e-05
4.009032902235983e-05
3.60056416693169e-05
3.375261892729836e-05
3.0601712767285115e-05
3.064397866777116e-05
2.6564921098679682e-05
1.9375999924212756e-05
1.4512248320663622e-05
1.014554790856623e-05
1.1495681201033697e-05
1.592465825716285e-05
1.9526740320916494e-05
2.019293111232964e-05
2.3294440115910107e-05
3.0160530360869462e-05
3.9169083614712434e-05
3.958606230079952e-05
3.2315012531136994e-05
2.7510588639173672e-05
2.6198645059969797e-05
2.9484797040128543e-05
4.005011955853668e-05
5.239821202523169e-05
6.194923363172028e-05
7.28361998922522e-05
8.04569533616975e-05
8.47822868374985e-05
8.131357745315677e-05
7.296852042690198e-05
6.208364507922655e-05
5.655330357940883e-05
4.862255706322809e-05
4.1143402062102906e-05
3.702756444819028e-05
3.416994154721873e-05
3.512628362737442e-05
3.6740832600387334e-05
4.1312806342799606e-05
4.2930160009630394e-05
4.366673336414501e-05
4.392581980649232e-05
4.117093874719099e-05
3.503031869619121e-05
3.059278437189738e-05
3.231512729265374e-05
3.602311340732573e-05
4.522161873536711e-05
5.824621993491101e-05
7.304214672825453e-05
8.522383567632886e-05
8.5302979691537e-05
8.062302839101319e-05
5.2144444116897725e-05
3.0022221184334142e-05
3.1278530993164675e-05
3.654502399524512e-05
2.89632689405857e-05
4.565444137172826e-05
6.098388274914942e-05
6.279448474655054e-05
6.068889851745625e-05
3.9851120918002216e-05
3.640612276942426e-05
4.663122248308105e-05
7.913145788288363e-05
0.00014284350025451633
0.00017343643208987986
0.00015567036647680626
0.00012201089460007974
9.484353856447597e-05
5.92650110960697e-05
4.242429417334187e-05
3.437337159185423e-05
3.4957032860233195e-05
4.009496451504553e-05
4.4896689444643234e-05
4.889939602534734e-05
5.6810000985314335e-05
6.626811734173536e-05
7.991462010356527e-05
0.00010709130401971985
0.000125504898677919
0.00010292234263062789
0.00010162192313717966
0.00010024120886605999
9.808125641908365e-05
9.589865055766638e-05
9.338601444895477e-05
8.803143902715657e-05
8.743171149807176e-05
8.84494563111543e-05
8.862858184410627e-05
9.205053454404289e-05
0.00010061268515035506
0.00010424256656685568
0.00010155335749709795
9.720483246093002e-05
7.943368178596782e-05
7.607700791295851e-05
6.465579007795968e-05
5.682162660764728e-05
4.602338579012997e-05
3.5253754882400576e-05
2.3783210501294102e-05
2.0417248615649417e-05
1.7238459498503632e-05
1.555120863952919e-05
1.5331243976124283e-05
1.9010806542563784e-05
2.2262948237496103e-05
2.3130351024738008e-05
2.5670461533449523e-05
3.07237976871328e-05
3.126378442942112e-05
3.3210509460151185e-05
2.2921435647130173e-05
1.9439024525253083e-05
2.056236152835433e-05
2.297861940134468e-05
2.177963877737028e-05
2.4693713660509593e-05
3.213685445859644e-05
3.3036419885226117e-05
3.558148353815134e-05
4.059347731579308e-05
4.4572117496048914e-05
4.233169493111481e-05
3.391995191149236e-05
2.942371275083085e-05
3.138555744084352e-05
3.7339845919409725e-05
4.517946694873786e-05
5.437092941642406e-05
5.677972660217481e-05
6.166564074207528e-05
5.787885580525932e-05
5.456754803503722e-05
4.905502842710591e-05
4.7492578295028765e-05
4.4185360841218794e-05
3.7218566695159164e-05
3.3159808828831404e-05
3.311652520497471e-05
3.5872210257077196e-05
4.122954736975338e-05
4.8583581729541734e-05
5.671254700319688e-05
6.357930018766744e-05
7.14401964487347e-05
7.837346438268406e-05
7.492390106622454e-05
6.839858324873625e-05
6.582917663576864e-05
6.616448727450997e-05
7.055230322398354e-05
7.943380976476826e-05
8.029976250705203e-05
7.574320096787023e-05
7.237361446052357e-05
5.538489075015575e-05
3.448770487786761e-05
2.127339431801668e-05
1.7591662338838223e-05
2.2810176828797173e-05
2.2695257615159516e-05
2.2779128114692266e-05
2.823219023601565e-05
2.489973974196564e-05
1.686407070158555e-05
1.0761694816344545e-05
1.1592290721091786e-05
2.7389854951868237e-05
6.198668650277939e-05
0.00010774290462058909
0.00014743861200221904
0.00016045179506836088
