0.0006306153003003187
7.071669128886859e-05
1.94397264628564e-05
2.495758414090393e-05
3.455222668771932e-05
4.121662254247999e-05
5.5159299748410925e-05
6.173750004528535e-05
5.1911126116650555e-05
5.532354307458007e-05
5.870747538495218e-05
5.7971744930450175e-05
6.029006106533475e-05
5.8893661688931003e-05
5.694863453289632e-05
5.877723617522834e-05
6.081526116522254e-05
6.0152347994552814e-05
7.127585166117868e-05
7.858757028530222e-05
9.469896215163521e-05
0.00010284957004725968
0.00010503977565793759
0.00010095273958132196
9.069881241447633e-05
8.373838937927564e-05
7.694663296297326e-05
6.452738601298769e-05
4.619747200045901e-05
2.5886964499728642e-05
2.0496611088324523e-05
3.937189827104801e-05
3.038477258728666e-05
3.0068817054604635e-05
2.811859911022974e-05
2.908946721027252e-05
2.7333275337928642e-05
2.0320757787943613e-05
1.4056180373100806e-05
1.2940063641405717e-05
1.0380478417025758e-05
1.1640380111252046e-05
1.5408529741695997e-05
1.9585116873278243e-05
2.335171296060822e-05
3.0078191975708956e-05
3.870834140003423e-05
4.3019953254976375e-05
4.8303389935294464e-05
4.9956320504579e-05
5.2743584404784215e-05
6.04178955494867e-05
7.507632681397668e-05
9.169698855773843e-05
0.00010986493147034936
0.0001157354568959596
0.00011737666368121342
0.00011210253568590093
9.542993614771608e-05
7.29937488859435e-05
5.099781633803589e-05
4.1735785843238904e-05
3.9585794391526946e-05
3.832009452028794e-05
3.865088237402071e-05
4.0329486116498495e-05
4.225706634456096e-05
4.5395309268771774e-05
4.82181413928908e-05
4.330306186655711e-05
3.9821311402212234e-05
4.1751731960463615e-05
4.405412873483984e-05
5.555252453711401e-05
7.80205514298327e-05
8.706942425261355e-05
9.957242711806822e-05
0.00011382955443617007
8.878234211737691e-05
5.9702197272159686e-05
6.606906557810244e-05
6.890302837391133e-05
6.116195474753234e-05
8.211643622701566e-05
9.383522622135514e-05
9.60375254243128e-05
8.403241490869674e-05
6.023666059177438e-05
7.552451733551163e-05
0.00014321338729089404
0.00020666548521526464
0.00019650926081725065
0.00016188264315639237
0.00013564285626703758
0.00010023351816946488
6.526875011217909e-05
5.28576678908958e-05
4.90829613580673e-05
4.861054612141489e-05
4.1996114880734126e-05
4.543767260834676e-05
5.8039071740054304e-05
7.949234898711295e-05
9.955172729008227e-05
0.00010669251617102911
8.647074549453628e-05
9.041987271613627e-05
8.860418764725843e-05
8.62599327163732e-05
8.25498614009115e-05
8.481051142463167e-05
8.149727962173032e-05
8.581330511732676e-05
9.233666684013193e-05
9.819037753816125e-05
9.72390144545941e-05
8.984773247092153e-05
8.619139527632827e-05
7.738566412517927e-05
6.177856723647393e-05
5.4476608018680446e-05
5.2246266274304195e-05
4.950361033336122e-05
4.287283594134235e-05
3.915609661915496e-05
3.833209913996448e-05
4.280651361805465e-05
3.980714506436039e-05
3.736510157057954e-05
3.618177460064553e-05
3.157245863875153e-05
2.9618541843641427e-05
3.709660791598022e-05
3.367267486572221e-05
2.84526129842989e-05
2.233082319866495e-05
2.731705318142586e-05
2.6159777170239118e-05
2.9812996304575338e-05
3.1188878943980444e-05
2.7836501903384904e-05
2.767928998133526e-05
3.1984994681332937e-05
3.879071454193174e-05
4.646740060818249e-05
4.959994860362934e-05
5.1071168863928604e-05
5.4704952392849884e-05
5.493496197256051e-05
6.357508501603825e-05
7.505370094188852e-05
8.949130345765844e-05
0.00010188552537053895
0.0001064699836631195
0.0001001785537524447
8.9495376431066e-05
7.307584763622807e-05
5.8395263282005395e-05
4.8423241897786124e-05
4.6930129417044816e-05
4.89211219180565e-05
5.3632519589444506e-05
6.88979304266474e-05
8.175733600857282e-05
8.845372849187819e-05
8.355004858121141e-05
7.671813247428325e-05
7.165172150699695e-05
7.256595443437957e-05
7.879740857581936e-05
9.315906784847123e-05
0.00010172865277523255
9.022413976025249e-05
7.786090518903258e-05
5.0109076281011914e-05
2.4229903723963605e-05
1.3760775910043967e-05
2.991030380216999e-05
4.382384271680146e-05
3.2155720630451463e-05
4.9257041331975426e-05
5.35472095145775e-05
4.9268675744813895e-05
4.547197864106422e-05
5.9264229930495095e-05
0.00010623188301847117
0.00017482637480058184
0.00021919521966964472
