0.0006718250742402328
7.877210728885576e-05
1.7343213764953682e-05
2.4783474551822205e-05
3.4123033353162725e-05
4.175319194691515e-05
5.5257896280468845e-05
5.3723788878117074e-05
4.9070788454229046e-05
5.513066028205199e-05
5.5690400861689156e-05
5.691576774234888e-05
5.891780322839886e-05
5.582224761724852e-05
5.702997782333944e-05
6.057902498013229e-05
6.164165488265752e-05
6.528262494252743e-05
8.052835232736345e-05
9.331575064450167e-05
0.00010890441285276594
0.0001123860755748798
0.00010987521767327128
0.00010805284280458348
9.482705136180206e-05
8.722102807085057e-05
7.841583536069587e-05
6.323104041102996e-05
3.9587836080239254e-05
1.8862464368589405e-05
3.064084354758718e-05
3.239691121329249e-05
3.145643066869671e-05
2.8561140192247036e-05
3.063297397754949e-05
2.9892675760492087e-05
2.323680992710844e-05
1.4730802657167748e-05
1.2577486339410328e-05
1.1159915372968721e-05
1.1518514372094279e-05
1.4978891839240885e-05
1.887194554031042e-05
2.122956714138427e-05
2.8252418317665324e-05
3.7432600245358446e-05
4.3156490139047274e-05
4.746033580994858e-05
4.951453539260283e-05
5.492149604306313e-05
6.455624452871383e-05
8.039547432739117e-05
9.694746299968069e-05
0.00010771813349414535
0.00011219068711716874
0.00011430750579255784
0.00010862363217976416
9.186296972403429e-05
6.64850904941496e-05
4.7583734640748355e-05
4.141901310383641e-05
3.9127572413921005e-05
3.904079505394707e-05
3.842401942649242e-05
4.160497460300439e-05
4.302693323955592e-05
4.708890907112254e-05
4.5347717515332764e-05
4.0857766511224656e-05
3.7508313709100534e-05
4.1320290398347504e-05
4.89266131123132e-05
6.674328880196251e-05
8.453099136427132e-05
9.100002050080943e-05
0.00010689131696592073
9.77961283231202e-05
7.531457677613974e-05
6.828686386330149e-05
7.451844827623645e-05
7.265052006722488e-05
7.403128058353752e-05
0.00012337615872361947
0.00010299622974360114
9.037427667263679e-05
6.644881145071988e-05
7.677143807445733e-05
0.00014694236138541346
0.0002116044828169687
0.00019964912164104558
0.00016493247772593809
0.00013869500237074554
0.0001040234752146434
6.720497455680157e-05
5.3871077868161266e-05
5.1175593563236956e-05
4.9629593062025774e-05
4.348932274578946e-05
4.656435623164609e-05
6.051634077330872e-05
8.490211754284398e-05
9.581071564889135e-05
9.86044240528104e-05
8.462990087665506e-05
8.826139191209462e-05
8.515009482323543e-05
8.155912201573146e-05
8.076909088250406e-05
8.311030316430007e-05
8.370264490543742e-05
8.963826345780502e-05
9.185848467125699e-05
9.536145612787497e-05
9.257313217340346e-05
8.646717510069952e-05
8.181142761911554e-05
6.88357217590129e-05
5.7446110800327096e-05
5.1678060833262075e-05
5.288800277405101e-05
4.7714284343069514e-05
4.305702950045069e-05
3.946597685139475e-05
4.166838064238382e-05
4.427679982281991e-05
4.061061262190633e-05
3.925625966410902e-05
3.448094047161626e-05
3.085418810341161e-05
3.4601511893415666e-05
3.324353639461603e-05
2.9719999199110203e-05
2.2873670568692122e-05
2.994517239892244e-05
2.880420407609352e-05
3.2576321012505966e-05
2.9468672577675933e-05
2.6907863263168345e-05
2.5352866743273884e-05
2.9600909215426534e-05
3.793504300052004e-05
4.273296266262969e-05
4.800903541910991e-05
4.8895431071675004e-05
5.7000549933623436e-05
6.016123717108834e-05
6.819216915570355e-05
7.858583475108796e-05
9.1431388240984e-05
0.00010140453160612851
0.00010570716120925461
9.960718361552885e-05
8.641029505677782e-05
6.907719601634973e-05
5.8231032733272905e-05
5.0924851941143244e-05
4.996238024367847e-05
5.045124346242873e-05
6.186438138356102e-05
7.762342943376971e-05
8.957942236311779e-05
8.754248949848012e-05
8.010547718738912e-05
7.286515871016636e-05
7.099094493031276e-05
7.527733192665205e-05
9.070008911877693e-05
0.00010036073993945835
9.5962187350111e-05
8.639045443017329e-05
5.815249366150218e-05
2.9597228674275114e-05
1.602386344401033e-05
2.841190110050288e-05
6.466224145708736e-05
3.37545696758485e-05
5.137509743308824e-05
6.016209309396118e-05
5.887119480391534e-05
5.422771434170408e-05
6.651846019122385e-05
0.00011570212584054416
0.0001860514969843499
0.00022982935861774859
