0.0003478724925826545
2.517739250310686e-05
2.383790595720875e-05
2.6737506428763473e-05
3.1357931325916945e-05
3.654622147472897e-05
4.56732072751438e-05
5.850268207477481e-05
7.325397306580013e-05
8.36671266361137e-05
7.679592423907863e-05
6.920532667117514e-05
6.497595945749828e-05
6.14319971390978e-05
6.032115956613416e-05
5.9442577565531945e-05
5.95028208713074e-05
5.7043589490860737e-05
5.42331817347539e-05
5.3547397320985216e-05
5.4129417085813034e-05
5.386416843608498e-05
5.5181874101727705e-05
5.699285972992176e-05
6.001547880817836e-05
6.162436686701697e-05
6.417392601583359e-05
6.72123765013653e-05
5.90259353545521e-05
5.346847829271342e-05
4.4025125757110196e-05
4.040414276532559e-05
3.360002294779349e-05
3.145431545918479e-05
3.897698085210724e-05
4.768263400847734e-05
4.374874635070371e-05
4.0576487885233243e-05
3.73344666339686e-05
3.5287050198550045e-05
3.2671339875923954e-05
3.2168695263462614e-05
2.7387162365894733e-05
2.0328779468776412e-05
1.4249529608127375e-05
9.883347884457884e-06
1.099454717860001e-05
1.5202576537449312e-05
1.994452417004496e-05
2.099233762883224e-05
2.2247332488957186e-05
2.682019041229101e-05
3.4145606302208315e-05
3.6499528030316686e-05
3.0138243102263233e-05
2.44568598852628e-05
2.2801278757987837e-05
2.5156765997281397e-05
3.366707055331965e-05
4.187855513328641e-05
5.069534520337452e-05
6.130556957669578e-05
6.760687364835069e-05
7.611977414631329e-05
7.472680633955607e-05
6.831990842408495e-05
5.885063945151564e-05
5.367811919311752e-05
4.909440973775879e-05
4.331991602058377e-05
3.9028791659354336e-05
3.559304635219676e-05
3.32533954793601e-05
3.472270327109572e-05
3.68126056336418e-05
4.08704378352638e-05
4.2576638416329256e-05
4.329224596555665e-05
4.363429713032323e-05
4.024336052100539e-05
3.444020340376229e-05
3.005622463920345e-05
3.1250808050367856e-05
3.437852143771868e-05
4.296453233380898e-05
5.5424992355215135e-05
6.78745923325671e-05
8.041076011042274e-05
8.491332306512147e-05
8.233375444283793e-05
5.788688315634526e-05
3.214141879715322e-05
2.328306415023346e-05
3.999042186233992e-05
2.7075381368949794e-05
3.556527744084035e-05
7.374976432060454e-05
5.2246541378611544e-05
5.875520380427637e-05
3.6528721186395935e-05
3.3760879305760666e-05
3.544212474126669e-05
4.840863023802815e-05
9.086245763528612e-05
0.0001524619048932267
0.0001639133811961862
0.00013232171385600008
0.00010716779533352078
7.521122828546708e-05
4.568564423920699e-05
3.7449052598076644e-05
3.2726090073921844e-05
3.3547919792733897e-05
3.825952272715115e-05
4.22791908951924e-05
4.6911525487240966e-05
5.461212414059572e-05
6.375915319531353e-05
7.706059127313998e-05
0.00010195403099360377
0.00012517299334755796
0.00010743116011468782
0.00010223196440972492
0.00010041507734426769
9.950826646765965e-05
9.721835698340569e-05
9.580196002287763e-05
8.967137873025095e-05
8.960388764201899e-05
9.050811702715752e-05
8.955675722104046e-05
9.164598390916566e-05
9.443490053905907e-05
0.00010549126913479356
0.00010231033167641484
0.00010356289537232879
8.810225194276439e-05
8.261057434703656e-05
7.290329342667496e-05
6.31868281332449e-05
5.421149792926409e-05
3.893657335849088e-05
2.6249544194595693e-05
1.8786942410157256e-05
1.775281675779262e-05
1.5416041703191003e-05
1.49790026672279e-05
1.6640095993532615e-05
2.0079833161146782e-05
2.248795325349221e-05
2.3281115580738647e-05
2.855670664941169e-05
3.0872401803881005e-05
2.934355892219382e-05
2.8771718914495015e-05
2.1368452831759946e-05
1.8741884193805838e-05
2.0275703314364597e-05
2.3031417994445124e-05
2.141626959999413e-05
2.4798027679995742e-05
3.20018256814897e-05
3.375129159245325e-05
3.6053617638197804e-05
4.1245471527350845e-05
4.224992948412997e-05
3.8500157687943704e-05
3.086055348506494e-05
2.6032461220895153e-05
2.8208886409542787e-05
3.358728711427918e-05
4.208420337551572e-05
4.655905343043351e-05
5.038134072962774e-05
5.261826406700658e-05
5.202370129171241e-05
4.690922351137981e-05
4.319304495225882e-05
4.309800348469966e-05
4.2398331385497354e-05
3.6572900620194146e-05
3.3257690086049255e-05
3.1084367814811075e-05
3.2609227427261796e-05
3.6556761892611535e-05
4.1969635933135596e-05
5.009211350529045e-05
5.584655902477317e-05
6.325984334570533e-05
7.002096689550447e-05
7.602309466776825e-05
7.222650320098301e-05
6.616742986410908e-05
6.389820263711866e-05
6.500686823510838e-05
6.897205780355479e-05
7.553190255421738e-05
7.501112077589419e-05
7.125631178388484e-05
6.753362429749389e-05
5.155482719258852e-05
3.199332720655148e-05
2.044515882793785e-05
1.8021962413482847e-05
2.1300515512550917e-05
1.9855930715808363e-05
1.9674229559588042e-05
2.461991362134163e-05
2.370762213956459e-05
1.4836414227540262e-05
7.749913266815374e-06
7.17234472661437e-06
1.7653267525496126e-05
4.158044838208895e-05
8.18582110112099e-05
0.00012069655494897279
