0.0008865304558546085
0.00015551824313725734
3.3085730108694916e-05
2.295543512840577e-05
3.150513112849219e-05
3.829883344551185e-05
3.7072816232323694e-05
3.628575901740768e-05
4.039114268611903e-05
4.1060989418287816e-05
4.822691586293025e-05
5.62769952454139e-05
6.187506612234127e-05
7.244622153465639e-05
8.904139322411011e-05
9.232180813324432e-05
0.00011630126606685198
0.00014376524555312933
0.0001598019972718409
0.0001770186237318594
0.00019334958771454445
0.00019104145467742465
0.000181872432602903
0.0001594785620487412
0.00011838177636658043
7.832303956146989e-05
6.222033125484244e-05
5.27203440156412e-05
4.183707958632479e-05
3.6925889469593875e-05
4.102447967233122e-05
3.200143259166364e-05
1.8408649627680673e-05
1.151926249024715e-05
1.1714403396125643e-05
1.2407763490768324e-05
1.3390264719326987e-05
1.3999411140305944e-05
1.8389805871250322e-05
2.831307750691632e-05
3.6599810489507776e-05
4.2719361281375295e-05
5.507232705409683e-05
6.467162809973576e-05
7.029529136636236e-05
7.752669438240691e-05
8.219475872485315e-05
9.155292619408991e-05
9.617381519684475e-05
9.475573784666164e-05
8.670682088376657e-05
6.371308971055686e-05
4.379760600666011e-05
3.621200702528894e-05
3.857068864835332e-05
4.0528910822472764e-05
4.109687135648405e-05
4.20956891520536e-05
3.2695819172649945e-05
2.623415640429526e-05
3.302872149415879e-05
4.377758472817221e-05
5.624634949565093e-05
7.103360353748355e-05
7.418485706968952e-05
8.372888631550144e-05
8.203773797433041e-05
7.508428544265573e-05
9.527317785214582e-05
0.00011834206860479559
0.00015289234640323077
0.00017334377980118013
0.0001426141464493728
0.00014949543910146667
0.00013365632199384414
0.00017469650792315144
0.0002444741895161652
0.00025970650665799264
0.00022095516059480238
0.00018288645570515568
0.00014041836169151434
8.860591225457509e-05
6.791853994899942e-05
6.955318450697486e-05
6.0807006623793164e-05
5.889101311426513e-05
7.513893594343416e-05
8.134994541124824e-05
8.300944272660961e-05
6.725789851425849e-05
6.616867831443653e-05
6.49421711229348e-05
6.386499926409988e-05
7.692274037807298e-05
9.380312359955989e-05
9.051804530395045e-05
8.522940801324203e-05
0.00010024513137241333
0.00010555779705966349
0.00010396466826283111
0.0001042495097821425
8.996048941724722e-05
8.20488252095656e-05
8.936619476442907e-05
8.5426909337487e-05
7.830909500265728e-05
6.608480370610713e-05
7.512968886910806e-05
8.413048016922599e-05
8.577926065958016e-05
8.113739401429967e-05
6.519230072026135e-05
4.86464269430838e-05
3.898713381796178e-05
3.627318324541812e-05
3.233735851121279e-05
3.3345216913046187e-05
3.413711870899435e-05
2.6109236050454445e-05
2.0446537003076386e-05
1.9113460417338808e-05
2.3644597629909884e-05
3.0312704114615348e-05
3.178834302120281e-05
4.043549133431246e-05
4.216829570583461e-05
4.87120438227867e-05
6.55297368106796e-05
8.043406243907019e-05
8.93501414444836e-05
9.720901459404781e-05
0.0001082783096443338
0.00011172566827363445
9.148030381042115e-05
6.522435978231222e-05
5.4595976511381964e-05
5.3986883504639546e-05
6.500283463008062e-05
7.456238963286733e-05
7.073287343157906e-05
7.309743019206636e-05
6.0309036358584513e-05
5.8927625280715084e-05
6.512051460474705e-05
7.7178316937556e-05
9.140650007737252e-05
0.00011947456872883009
8.931291307622054e-05
5.477282851547555e-05
3.792574887436849e-05
6.864880140077605e-05
0.00010057262451849845
9.81762276966606e-05
0.0001077933012307572
0.00012423673540736002
0.00013834578981253049
0.00013916118024598877
0.0001831372428945141
0.00025232822845821774
0.0002817247751918685
