0.0009271246411166202
0.00019868816479433273
5.860213821291318e-05
3.146686176182445e-05
3.135741820884682e-05
4.252931142843275e-05
3.965502969473171e-05
4.102828722885801e-05
3.6271126165258815e-05
4.1859505023010614e-05
5.476770254025618e-05
6.607646858609847e-05
7.693570668582811e-05
9.96572310707394e-05
9.959555364627643e-05
0.00011555279672549852
0.00015530014773911324
0.00018348457050771863
0.00021846828818826108
0.00025346485629552603
0.0002492369502464995
0.0002332085571126662
0.00017936595177406534
0.0001337605949956164
0.00010505473176046224
9.146462711784588e-05
8.087258735900052e-05
5.953000896016886e-05
4.8637128035597256e-05
4.1002250643851544e-05
2.481988902767708e-05
1.0926248630433275e-05
1.018362523903195e-05
1.2740922354369929e-05
1.1556745449517465e-05
1.2509904576394135e-05
1.6709052003662995e-05
2.7386360059051617e-05
3.877150129410155e-05
4.855152437234081e-05
6.161249211298421e-05
6.509780096134368e-05
7.262529343468546e-05
7.89875614790898e-05
8.455075435254353e-05
8.978255607381592e-05
9.247021843506484e-05
8.704710961899217e-05
7.225087662704001e-05
4.5556309942108697e-05
3.3760383061447324e-05
3.790858776667334e-05
4.350218028751828e-05
4.861663706677464e-05
5.1329027691366476e-05
3.84854744241298e-05
3.139189021887653e-05
4.0252560888879e-05
4.258736604335588e-05
5.3793651463459605e-05
6.560200874856997e-05
6.777574187894712e-05
7.195612635418813e-05
7.257979958923297e-05
9.137543685764098e-05
0.0001321055808876
0.00018144387460091273
0.0002419418140296986
0.00017221160630975855
0.00016388165953568843
0.0001620783073402454
0.00020662680799947187
0.0002752576287761391
0.0002882093913626588
0.00025356624994004586
0.00022304965497981784
0.00016563055990971077
8.819546728394161e-05
7.585604408473341e-05
7.318817481543081e-05
6.692177018295581e-05
7.342415059423619e-05
7.969103412857942e-05
8.493676936297605e-05
7.723431743122494e-05
6.382725992260863e-05
5.8352276035539044e-05
6.251980351698846e-05
8.214848881541574e-05
0.00010462855689560937
0.00010860145379397047
0.00010523924946701288
0.00010631396475652068
0.00012576247723743928
0.00014009430463321699
0.00016072340019044546
0.00016338962087243753
0.00017578545899189904
0.00016982385646866098
0.00013656780268852053
0.00010147826176498602
0.00010542980928953366
0.00011998299329781817
0.00013119879694562623
0.00012267677407147156
9.265730810476328e-05
6.510592075619216e-05
4.0382917326831114e-05
3.249286942017391e-05
3.1011004359607786e-05
3.9201661477713214e-05
4.301082769501792e-05
3.0870913094166806e-05
1.9384055318048966e-05
1.8998474085824383e-05
2.531031202017272e-05
3.046592975921682e-05
4.147145060813199e-05
4.207666950226665e-05
4.582652086718527e-05
6.11418040225291e-05
7.65768069387451e-05
8.801127013882592e-05
9.746337737488931e-05
0.0001106245165349546
0.00011141413241889295
8.570272634840758e-05
6.01732572928702e-05
4.942868353183785e-05
5.4242564760666584e-05
6.451340370702476e-05
6.545960767339587e-05
6.592463777898723e-05
6.476571711104704e-05
5.380302610114882e-05
5.285014546653848e-05
6.0898508853955275e-05
7.794812865420499e-05
0.00010576065406198046
9.343632045209936e-05
6.587267548886423e-05
4.9837571561019777e-05
0.00010107892285002202
0.00014305008697366873
0.00011700120944851283
0.00013676232284036484
0.00015981403105397123
0.00016314483817589213
0.00016938299761048517
0.00023285288896701597
0.0003056689505497306
0.0002867657146980408
