0.0010054451162493786
0.00022849685475444047
0.00011280394710638325
7.1182101488292e-05
3.402933523033614e-05
5.877512210457511e-05
4.376882856058177e-05
4.5862136123388896e-05
3.861659989039482e-05
4.499603285745826e-05
6.484125733899115e-05
7.182925405084718e-05
9.585406182510903e-05
0.0001047555238103851
0.00011756839228502289
0.00014340234441506742
0.00018620103704675226
0.0002383499432096265
0.0002767435801903579
0.0002729289199826379
0.0002550974527815993
0.00020328772220213107
0.00016255552177836687
0.00013183639245210367
0.00012070788344560855
0.00010956361968590972
8.853352929706913e-05
6.183477878648581e-05
4.9397771619831915e-05
2.517095446307963e-05
8.976133675994661e-06
1.0571947619207967e-05
1.1122636151516867e-05
1.0977619472514887e-05
1.156175354061154e-05
1.7833972369499728e-05
3.033572758643942e-05
4.296038361497164e-05
5.726980412352602e-05
6.29119543566127e-05
6.88517187187794e-05
7.509433817025872e-05
8.103367494171663e-05
8.384272068553569e-05
8.488170852970735e-05
7.81200763389117e-05
6.791603943665725e-05
4.923776889360173e-05
3.34723031000693e-05
3.5196582936211055e-05
4.687978685435291e-05
5.5980485846378587e-05
5.812474149217489e-05
4.882646296132514e-05
4.0111048941622174e-05
4.97284934335703e-05
3.9628935735190295e-05
4.7758147903802865e-05
6.284448978814438e-05
6.419731466061044e-05
5.6248220605142045e-05
7.163651871698996e-05
0.00013174580037306668
0.00015792496681753644
0.0002403099736847117
0.00023269818570139544
0.00018085424672812918
0.00018898469471505112
0.0001743105178995235
0.00024892606851752044
0.0003214102508352333
0.00030634790343171014
0.00025924250849367926
0.00022494959003281894
0.0001285330635130635
8.753953265244471e-05
8.342767111754923e-05
7.61668537352208e-05
7.840051740016459e-05
8.10972981990023e-05
8.699606219090514e-05
9.207893761136013e-05
8.094204148681545e-05
5.9024454789284746e-05
6.218189339071074e-05
8.665299781191244e-05
0.00011478355041422749
0.0001246408136593841
0.0001207112827680898
0.0001252577161880376
0.0001530434298052189
0.0001879035946679567
0.00023230646242985062
0.0002585106173663787
0.0002851710390003909
0.0002690234090181803
0.00019423314975145395
0.00016605853366133034
0.00017546855996378708
0.00018833746883023
0.00018199151894099388
0.0001482687032904336
0.0001015643186737004
5.781592947825903e-05
3.1845042702942586e-05
3.529998749407919e-05
4.285120874483157e-05
5.228213839539284e-05
3.886556495001357e-05
2.5615886962547077e-05
2.029036766222841e-05
2.3849839071848807e-05
3.397406666474848e-05
4.523499553060685e-05
4.2394714930511616e-05
5.042817053778162e-05
6.11681939532231e-05
7.33848068800248e-05
8.493467012220906e-05
0.00010197809951138967
0.00011162769725512798
0.00011075525889338574
7.781649822879351e-05
5.3574461704340984e-05
4.878991990017025e-05
5.915376710730157e-05
6.098647476240317e-05
6.044517697783687e-05
6.706360203127863e-05
5.906405777799362e-05
4.519762947274366e-05
5.241771542181307e-05
6.83404214495732e-05
8.442368411136028e-05
9.296583725332975e-05
7.779264994983605e-05
5.964352509979859e-05
0.00010819616967255063
0.00017644195837678044
0.00014052289217444708
0.00014561480021864907
0.00018422712945200854
0.00018459188497256426
0.0001972594089419783
0.0002614398424154587
0.0003122929727810523
