0.0008210191727461882
0.00011119296868908228
1.8219834996221122e-05
2.3051229383957324e-05
3.173168313349895e-05
4.290175474698843e-05
3.7262781968490885e-05
4.0348169988318344e-05
4.2599522407855706e-05
4.5659276322535794e-05
4.979405019819211e-05
5.224819573400202e-05
5.522025180608818e-05
5.969728892961415e-05
6.774191021746373e-05
7.815715013105889e-05
8.70488703328954e-05
0.00011167489551513079
0.00012786288341976206
0.00013719612452465807
0.00014280642471708554
0.00015308158386733055
0.00013939026094895136
0.0001303950420741932
0.0001238408564967376
0.00010124234166194336
7.152756254209594e-05
4.251889904973724e-05
3.6884915717705576e-05
3.334057331997253e-05
3.099827444474598e-05
3.395218941610856e-05
3.730068291776551e-05
2.704612394592152e-05
1.640936549024214e-05
1.2168860221185475e-05
1.1181023834651451e-05
1.1987505326288084e-05
1.522706809438281e-05
1.5296868338383847e-05
1.9562457095887592e-05
2.6649837247080285e-05
3.692869926428174e-05
4.127785252600974e-05
4.595740769693552e-05
5.717003423881142e-05
6.755305190149998e-05
7.131379195821721e-05
8.480043002825887e-05
9.158071948754226e-05
9.875120810318665e-05
9.936726830607626e-05
9.935834737414444e-05
8.010343306332735e-05
5.8825595327338255e-05
4.516842965884757e-05
3.938552869885372e-05
3.7856192044047275e-05
4.0284516414833126e-05
4.178156735257862e-05
4.172074017344642e-05
3.8784407115687137e-05
3.43046427948745e-05
2.8829251403604855e-05
3.650212288994232e-05
4.6190866919448286e-05
6.166529600958432e-05
8.002078739214977e-05
8.100693057737735e-05
9.088296892833084e-05
8.84093282080779e-05
7.255757153772324e-05
7.88757186195426e-05
9.670373928512328e-05
0.0001103571878362938
0.00013848797418842623
0.00011532788044203487
0.00011578840548891761
0.00011874489682319928
0.00011200802603284453
0.00018463067825250958
0.00024043671966382085
0.00022119235905259028
0.000181948692397654
0.00014867920250190877
0.00011162303547435513
6.859450487513551e-05
5.88083711596866e-05
6.1779712819407e-05
5.2897031694726344e-05
5.1607507766923217e-05
6.724450013933599e-05
8.124029511890775e-05
8.706594857785371e-05
7.649669415658167e-05
7.546599176662025e-05
7.479608508242592e-05
7.161701161760665e-05
7.143997686745052e-05
7.81926170804727e-05
9.100353958055059e-05
8.278382760304006e-05
7.712764897775087e-05
9.612307447047193e-05
9.569267295984389e-05
9.073372270262107e-05
8.976739125286132e-05
7.556955559876473e-05
5.9042210091021594e-05
6.0267090435242056e-05
6.136384618772376e-05
5.873307335871732e-05
5.091227942423989e-05
5.116362656952699e-05
5.4938156484718434e-05
5.891753921247124e-05
6.0741954573291634e-05
5.7813429692313405e-05
4.584732905319389e-05
3.727644802614736e-05
3.3899170758793e-05
3.294874916651725e-05
3.011017095623395e-05
3.1426553635748154e-05
3.409311156352074e-05
2.8830367789142373e-05
2.166335018388959e-05
2.1006077016294067e-05
2.4582206001221895e-05
3.1802855725570066e-05
3.271839549407299e-05
3.7674533530000675e-05
4.5505007710923295e-05
4.5228830740820306e-05
5.997696393763224e-05
7.022025281318516e-05
8.35676400850313e-05
9.433387269330974e-05
0.0001028600347855699
0.00011386355073526865
0.00010308054806091464
8.122486784961962e-05
6.492213556866827e-05
5.546953580854768e-05
5.1633870951774594e-05
6.0644456375943476e-05
7.786347103219782e-05
8.078661434413011e-05
8.016529568202086e-05
7.288538586395105e-05
6.63798682507803e-05
6.765171011768194e-05
8.059883191674649e-05
8.906083558332392e-05
0.00010053195788669843
0.00011184782988423516
7.813329637559969e-05
4.539378846858986e-05
2.832665347692779e-05
4.740615458150097e-05
8.423449662717483e-05
7.740467890119535e-05
7.356259189756487e-05
9.07556771235082e-05
0.00010235659606009395
0.00010588078125736046
0.0001278780468473243
0.00019539628889407394
0.000254637111455512
0.0002690738972749506
