0.0009056553638392217
0.00018500001378561945
4.720072173712198e-05
2.5135262840464253e-05
3.1657834419858416e-05
3.901340815264329e-05
3.888107637478903e-05
3.8739167264858895e-05
3.707880874466067e-05
4.112074079620928e-05
5.1442391896863234e-05
6.244385379196429e-05
7.093029758503874e-05
8.909059173066887e-05
0.00010050655751065509
0.00010046596612921875
0.0001462413397475791
0.00016687648054787308
0.00019418311617740676
0.00022574508074812603
0.00023158655594403065
0.00022774351435746372
0.00019497026223435626
0.00014312784519784048
9.919822318830163e-05
8.474475540126559e-05
7.442751790471069e-05
5.851067380415262e-05
4.323281988749639e-05
4.417185195968944e-05
3.191506097448792e-05
1.7747703394185093e-05
9.528399532807294e-06
1.272141229371189e-05
1.2038498794753933e-05
1.2908972724733908e-05
1.3889791727161335e-05
2.0030056861838947e-05
3.157931609487215e-05
4.066638292732019e-05
5.131350485621094e-05
6.315087230741569e-05
6.648740511587101e-05
7.213735376031637e-05
7.985592249037622e-05
8.61792554477631e-05
9.096264687488963e-05
9.198826605584944e-05
8.76520603072577e-05
7.035947435031629e-05
4.461871302374392e-05
3.425647774865785e-05
3.840784603207675e-05
4.177331670226384e-05
4.478270321394818e-05
4.811431250736155e-05
3.5645846960875574e-05
2.7871796478671633e-05
3.839013940055282e-05
4.342635543620569e-05
5.754302680594338e-05
6.917815323928959e-05
6.925429098839413e-05
8.086878431033329e-05
7.843761729134648e-05
7.547969379106969e-05
0.0001206610902423643
0.000156023297400401
0.00021584912810094435
0.00017378107219734887
0.0001648270180300265
0.000160487961641026
0.00017714755723135882
0.0002458798209133752
0.0002877840435070685
0.0002593105978290478
0.00021241941507739608
0.00017404890678432804
0.00010400543127340762
7.439692565254337e-05
7.486453001156555e-05
6.64731770006307e-05
6.501056618526334e-05
7.554679404892832e-05
8.311452314997717e-05
7.946722898586151e-05
6.784384101179766e-05
6.0570738518820857e-05
5.940426445917445e-05
6.586577113289158e-05
8.71355521644498e-05
0.00010165944254448307
9.89882950709435e-05
9.849406522299994e-05
0.00011364013494220436
0.00012126835211124997
0.00012969924699978534
0.00013301823915508134
0.00012354301468185292
0.00013181052420686411
0.00012350106981206884
0.0001035211706124953
8.480199031619982e-05
9.105721507363697e-05
0.00010421013994292203
0.00011246885928869469
0.00010255785402760057
7.784051172807855e-05
5.719198529546053e-05
3.8658209147296834e-05
3.525733767690975e-05
3.0135310434304333e-05
3.7627090203464677e-05
3.954848298658657e-05
2.7918205797747773e-05
1.8917507954409466e-05
1.8592095102712077e-05
2.5551799449351238e-05
3.0131684460317905e-05
3.813058003796571e-05
4.282442829129145e-05
4.36407511763179e-05
5.900519834135371e-05
7.37557698102893e-05
8.649942054846587e-05
9.499064876662024e-05
0.00010693068865770627
0.00011356569944450306
9.579990165708639e-05
6.785762844909766e-05
5.3522753978807726e-05
5.27850430190843e-05
6.32022428068858e-05
6.826273447625269e-05
6.63879039229433e-05
7.039730815312346e-05
5.837554237893435e-05
5.438696741988005e-05
6.028474772248942e-05
7.377326819145755e-05
9.067204757417081e-05
0.000107271827229126
7.989095585902753e-05
5.3032319093926415e-05
5.312750148255433e-05
0.00010950770051811355
0.00014994063242592924
0.00011987467880092249
0.00014040389954159127
0.00015208319428004844
0.00016753393895928124
0.00018697513437600601
0.00025439415880127147
0.0002937377977455062
