0.0008473588970858182
0.00012335451525188095
2.2364226354805747e-05
2.318837306277661e-05
3.1579535673816363e-05
4.1888528409767666e-05
3.6469035695848905e-05
3.827433907475276e-05
4.221692441196578e-05
4.394776913587528e-05
4.885098705403121e-05
5.195077032334335e-05
5.6168367560524614e-05
6.432718364945899e-05
7.327264211640325e-05
8.755299570186303e-05
8.651897494456296e-05
0.0001250560374801265
0.00013762746816432879
0.00014769380469796357
0.00015938036300263358
0.000161379786294057
0.00015371958804592662
0.0001474078094523402
0.00013018548180532155
9.79530764467136e-05
6.261106050797655e-05
4.372423615258794e-05
3.9353049620898754e-05
3.325891662365437e-05
3.253555146169455e-05
3.833969556798358e-05
3.224411297207128e-05
1.9778590031238602e-05
1.3242230612887605e-05
1.1731360492534375e-05
1.098221454955092e-05
1.4443010286843245e-05
1.4463061486684712e-05
1.722247016662558e-05
2.3515892147653727e-05
3.471712832825014e-05
3.9902440975083914e-05
4.471410473721961e-05
5.681048391393478e-05
6.71754495613631e-05
7.115792294596996e-05
8.198256999908305e-05
8.798755734786261e-05
9.64062708670966e-05
9.872930247361105e-05
9.746898001760209e-05
8.144860060097548e-05
5.972874404383429e-05
4.457956683269832e-05
3.848712360350294e-05
3.8133978104293626e-05
4.072569700110582e-05
4.073624048138553e-05
4.125986827299439e-05
3.562166954889032e-05
3.163627956926915e-05
2.7951947339282795e-05
3.790372421091394e-05
5.037863067039095e-05
6.690684563539846e-05
7.688043392395556e-05
8.239005890403153e-05
9.15551766409055e-05
8.089258899209423e-05
7.870615596839178e-05
9.71561495826989e-05
0.00010908549896430453
0.0001334100462547522
0.00016043047499627057
0.00012811557739009704
0.00013516047344119543
0.0001091533909221153
0.00015293770127388105
0.00022609651712490384
0.0002392238669321973
0.00020352871050103671
0.00016610465680185653
0.00013093065173343753
8.421726206837241e-05
6.392488945638559e-05
6.356042687795545e-05
5.749036967486032e-05
5.250462846314582e-05
6.551372279877818e-05
7.942522987218869e-05
8.785509138663184e-05
7.462776861126458e-05
7.066795137853827e-05
7.26559174725213e-05
6.849615907161903e-05
6.941370533380609e-05
7.886581247735301e-05
9.262666983688819e-05
8.215491383870649e-05
7.842015128956627e-05
9.840610493558325e-05
9.715379995007443e-05
9.355461689178508e-05
9.423255920296895e-05
7.757526140598505e-05
6.542503375173798e-05
6.960243495927907e-05
6.926103405542555e-05
6.538109676889059e-05
5.491874551358116e-05
5.763469865914522e-05
6.270205675367902e-05
6.675251721171684e-05
6.606854560084551e-05
6.129231374843242e-05
4.6686867321715316e-05
3.774232379087956e-05
3.49874908067069e-05
3.3338216994633645e-05
2.85123452013523e-05
3.554996205353843e-05
3.0469738256272977e-05
2.514072431340006e-05
1.9158548137107415e-05
2.1030709552970555e-05
2.7233552630138497e-05
3.0377942692023276e-05
3.4023673126618534e-05
4.005615091850701e-05
4.614022221503751e-05
4.7328159311296493e-05
6.801541038240703e-05
7.947851029508303e-05
8.94602267694825e-05
9.963735337223201e-05
0.00011120811942903907
0.00011114277555254096
8.953972433581494e-05
6.899346404418133e-05
5.722359666013852e-05
5.242204316154317e-05
5.981334474352031e-05
7.528226063861424e-05
7.73598183780374e-05
7.635206085068356e-05
7.14802537298523e-05
6.33220369257886e-05
6.533408443701379e-05
7.885392480645942e-05
8.732180097200239e-05
0.00010148627170405914
0.00011080993320739671
7.765919425331307e-05
4.621317752339716e-05
3.108542686973152e-05
6.141476979520125e-05
0.00010124187126996672
7.639416178797064e-05
8.279306299330621e-05
0.00010514882654104783
0.00011562518798686789
0.00011715603474393504
0.00015257033757492186
0.00022140429968524024
0.00027023016013153227
