0.00139327645416966
0.00044562623704564214
0.00026205421496552786
0.00018287858139063475
6.506081939487356e-05
0.0001022388500757828
8.291099521283245e-05
7.176455171216274e-05
6.614241537877721e-05
6.160957125029552e-05
9.323766974096389e-05
0.000118001468127566
0.00016364205844180093
0.0001880588884074353
0.00021329643598486873
0.00027779083744881405
0.00034075763341945173
0.00038589437546263387
0.00039602315240339233
0.00028984797517244
0.0002063757727561871
0.00020129751876905017
0.00020726316854460244
0.00021444449370700716
0.0002105535414106342
0.00014945285355611563
6.611754444199732e-05
2.092167595523322e-05
9.50257850678265e-06
1.713504389129736e-05
7.158871178876204e-06
1.1483747470955831e-05
1.3956375584023272e-05
2.7218388191049607e-05
4.7235307851412444e-05
5.088704973255815e-05
5.669358581771757e-05
6.794008907584738e-05
6.467065769141223e-05
6.2006731717514e-05
5.6373548772038395e-05
4.7291656969707014e-05
3.950172995972572e-05
3.351373105472824e-05
2.897566389224754e-05
4.582050047624662e-05
6.223406045746189e-05
7.670827659045431e-05
8.507326444710644e-05
7.796230652714534e-05
7.256128511034237e-05
5.6162080437737466e-05
4.6383550937233504e-05
6.430423700828943e-05
7.469071961837368e-05
5.261895679541466e-05
8.9723463885417e-05
0.0001547291835216883
0.00023144453106486778
0.00032640030323272703
0.0002621518000591993
0.00020082802401526375
0.00022399566939877269
0.000261790778907006
0.0003461701214804377
0.0003732850918926262
0.0003742721771879336
0.0003541182302964596
0.0002365708639334721
0.00013798689825794615
0.00012122898248723259
0.0001103656432134777
0.00010601914264607986
0.00012556245348894837
0.0001341093708761966
0.0001390000662096928
0.00012450287357039833
0.00010121708387977462
8.290477413455784e-05
0.00012024913819315993
0.00015915526245110104
0.00018850155983800217
0.00023093021252322215
0.0002942195357101752
0.0003778265014983477
0.0004487536603282947
0.0004708278005877024
0.0004419456652330486
0.00034295597037281247
0.000318197979916386
0.0003550740831176305
0.0003917869767135826
0.00043114556217311743
0.0004070295932950992
0.00023698467372788905
0.0001315676541972346
6.762504671342611e-05
6.967333760885196e-05
7.14374428340083e-05
6.517521796588017e-05
4.941586495120833e-05
3.877013174210232e-05
2.793270075091557e-05
3.717320492502358e-05
4.804159122325769e-05
4.777455111603258e-05
5.5254986793992646e-05
5.214069858525602e-05
5.4906422389376215e-05
6.127520415435871e-05
6.876136700862274e-05
7.323502916028325e-05
7.163904175620171e-05
6.698571748605415e-05
4.586076249414582e-05
5.0326178399149524e-05
5.056647002461803e-05
5.567218110218335e-05
6.568112732083185e-05
5.1832788160963734e-05
3.996797831549395e-05
4.654630233681349e-05
5.269863876121546e-05
7.87099837668175e-05
7.592124296560274e-05
7.036135140195265e-05
0.00014776022156017823
0.00026923587070536837
0.0001876153721126937
0.00017040835765674232
0.00022148638095245173
0.00020676856851665272
0.0002416978667246186
0.000315875972865145
