0.0013270741500324519
0.000421449039859702
0.00023358920980311174
0.00015970053034207568
5.577765770299414e-05
9.271120037113322e-05
7.268140250708202e-05
6.144771100346217e-05
5.7137595833942324e-05
6.0405130496321535e-05
7.80893581812399e-05
0.00011312808580860053
0.00014604397875960721
0.00017243299074377742
0.00019335162565795706
0.0002456930231848331
0.00030238955596885165
0.0003474991434477111
0.00035400431356253194
0.00029337180181223695
0.00020486415881746766
0.00017943192952622346
0.0001805624910998836
0.0001866620440460959
0.000188307220137022
0.0001543070660636055
8.177298475678786e-05
3.47910364829389e-05
7.643370474000525e-06
1.3352835351452316e-05
9.758118244144035e-06
8.461254949486953e-06
1.1911897545222444e-05
1.8861275729900708e-05
3.767093165852494e-05
5.334278927702918e-05
5.3775632174919745e-05
6.325398695627314e-05
6.920040927253644e-05
6.520747706224337e-05
6.442850863768854e-05
5.8445954701607416e-05
4.970811050965477e-05
4.230123945311967e-05
3.493526622246081e-05
2.9510542330122773e-05
4.922331005755375e-05
6.131792458430446e-05
7.26102834169992e-05
7.677616116604363e-05
6.514174439085171e-05
6.999621251128138e-05
4.4702218513662277e-05
4.502650060626438e-05
6.424779894049575e-05
7.015561642721536e-05
5.011253556634808e-05
8.495361382369112e-05
0.00015137488187948599
0.0002181263880597694
0.00031951295859655336
0.00025458634860183816
0.00019853485944942875
0.0002146273399984697
0.0002516442801706074
0.0003318428918956893
0.00035945688711859134
0.000348405283527099
0.0003293588814348756
0.00022244938617295825
0.000124129651995591
0.00011349286465111368
0.00010183090445032856
9.635870870432084e-05
0.00010891757612830275
0.0001193495815309439
0.00012923546332858481
0.00011601124423026364
9.407488284541923e-05
8.21723450847537e-05
0.00010652343416872545
0.0001441717018446022
0.00016527466390046404
0.00018720937515913117
0.00023218975075062765
0.00030543326293687147
0.0003930652527802005
0.0004212096264372551
0.0004407768513359411
0.00036117267408592346
0.0002877792593446292
0.00030760740851832653
0.000329653593229318
0.0003671196075598686
0.00038444502981567887
0.0002672453036441596
0.00013849946980204497
6.448069048439121e-05
5.279308519376223e-05
6.719857611973058e-05
6.619426849488271e-05
5.328400887906884e-05
4.218622618083408e-05
3.0174922623394255e-05
2.672266049517201e-05
4.249956315413498e-05
4.258422889695417e-05
5.112751764154302e-05
5.6169509918015267e-05
5.6815043257215386e-05
6.051723181878607e-05
6.99078890465647e-05
7.835628982331431e-05
8.178091652040794e-05
8.009894721826108e-05
5.056952631986568e-05
4.620413320132835e-05
5.245385518778128e-05
5.30310675826334e-05
5.648488813023977e-05
6.67609469113342e-05
4.8705659955297844e-05
4.2007306953960974e-05
4.8165523370056526e-05
5.725709373000337e-05
8.285862436558033e-05
7.906180779447932e-05
6.992940640748186e-05
0.00012960229517587304
0.00024600383452728805
0.0001841792707396035
0.00016548955228652129
0.00021611414313990303
0.00021027564808171644
0.000235538003880102
0.00030711189670377373
