0.0015232275404713884
0.0004917572148350869
0.00032219521300288004
0.0002442909135081279
0.00011180863276310779
0.00013100406475280855
0.0001098916798081041
0.0001036819731806744
0.00010177354098337004
8.41360622211976e-05
0.0001273891992220451
0.00014937277403562682
0.00019843759602000504
0.00022295527010917214
0.00027526442628904253
0.00035876184070197795
0.00044515846854172367
0.00047276484015814507
0.0004128608187028553
0.0002802782402039794
0.00020793586492657713
0.00024125181277581182
0.00026342958127282705
0.0002800347845125123
0.00021511041571669874
0.00010893900926028752
4.030007743835849e-05
1.805081424163457e-05
2.168175249079142e-05
1.0876232515276527e-05
9.691072224609683e-06
1.5701200723853223e-05
3.099740320758041e-05
5.2859934160375434e-05
4.5807458799017255e-05
5.487724744987859e-05
6.436487703083285e-05
5.527410549324472e-05
5.027408578065848e-05
4.3624567516266146e-05
3.655775618424797e-05
2.974329485136954e-05
2.72641754870741e-05
4.0307453824696795e-05
6.449270965412497e-05
8.160956506218813e-05
0.00010030234648925495
0.00010257007209262624
7.331469926910674e-05
8.88953876706613e-05
5.6091194417918866e-05
5.921449232094259e-05
8.00390248485794e-05
5.799645793304514e-05
8.518488890864959e-05
0.0001616161469729487
0.0002397193471019402
0.00032731450470276655
0.0002836396621745509
0.0002043431397876472
0.0002492732676925958
0.00027205978862451227
0.00036670797859423253
0.0004019172762633917
0.00043180305531307267
0.00040256732593862976
0.00027261383968359154
0.00017924236103294432
0.00014747689859199303
0.00013268376295698118
0.0001387957564851893
0.0001681384922317957
0.0001660380348993818
0.00016258892591894297
0.0001507682291383064
0.0001317643169047199
0.00011769044880682449
0.00015131988373681847
0.00020938909871236102
0.0002573968109724263
0.00032270826152682645
0.00041360712369965005
0.0004979792080408379
0.0005262095948482641
0.000516336399523457
0.00040789917406647714
0.0003416535938854326
0.0003901128362525098
0.0004481853370865251
0.0005135263145345394
0.0005302332317144676
0.0004054757269055936
0.00026912059406592056
0.00012777386162487523
0.00010630350157426273
8.959419856889529e-05
7.379090930003979e-05
5.663532215893969e-05
4.886258868300307e-05
3.848172576308669e-05
4.8898483693887974e-05
5.233989693249761e-05
6.0733518633654736e-05
5.30896817142158e-05
4.524186126679029e-05
4.955602355815797e-05
4.7707829106345614e-05
5.3286661011992265e-05
5.361587235024601e-05
5.6360451756682006e-05
4.3945904005156126e-05
4.93412443449561e-05
4.684361565599231e-05
5.659011783915827e-05
6.524277593132307e-05
7.007591480790279e-05
3.449525148839587e-05
4.190486325262911e-05
4.69198065598268e-05
6.809781053921597e-05
6.879452340893919e-05
6.881144510043946e-05
0.00015366393929572807
0.00028430972698335937
0.00021796005456618057
0.00017670084473359656
0.00022653574039556613
0.00021174297337359733
0.00024087247116190064
0.00032024577777328136
