0.0016532896300578792
0.0005872677282516034
0.00039025350834298686
0.0003452438944979041
0.00023530555640575835
0.00021460894247538493
0.00019352011728133244
0.0002052451914081334
0.00019758192432631195
0.00019038359840341192
0.0001870030199052899
0.00025043895264690734
0.00030801411422336976
0.00038150485916776223
0.00047951763591264367
0.0005437190935081806
0.000562638350441795
0.0005275425993760874
0.0004053520128072613
0.00027783991280285614
0.0003129091882623663
0.0003845530717294125
0.00041004477414803943
0.00028514144052928984
0.00021729492353851014
0.0001221935242929912
6.835272302166953e-05
3.0407672050850543e-05
1.1870782165138867e-05
1.9622730388177534e-05
3.878539625476445e-05
7.32244852571292e-05
5.425193574642543e-05
4.755402104180365e-05
5.205699858169426e-05
4.3715943423007654e-05
3.7719940354034544e-05
3.5731040424770865e-05
2.436978538130802e-05
2.4642290283348115e-05
3.731427286379975e-05
5.556023139600468e-05
9.103485225433181e-05
0.00012942374247646528
0.00013155716609824762
0.00010224479749212383
0.0001078064205471738
8.74074741020401e-05
9.681318190271264e-05
0.00012131172955349938
0.00011084720536213499
0.00013313178100070848
0.00023271274176174173
0.00030551319911087496
0.0003678539150392239
0.0002464737907349186
0.00024759238680528467
0.00027679489727241616
0.00037228535520421617
0.0004672078262095137
0.000519304438008221
0.000535193823646538
0.0004459082936486441
0.0002913839552425271
0.0002696155318470626
0.0002663334263934326
0.0002648800171458327
0.0002937989885687506
0.0002743196127474506
0.00024758754648755244
0.00023891506943841145
0.00023472381347975946
0.0001939503307799935
0.00023206781589960306
0.0002992716335230171
0.00037334789816551907
0.0004822290536209346
0.0005657082800186852
0.0006149736302327699
0.0006154405511996038
0.0005235558227932018
0.0004325574362233329
0.00048100519131957895
0.0005444950802763973
0.0006309717979333201
0.0006743700384781864
0.0007858522834802697
0.0007044654040645566
0.0005037946476116908
0.0002710184938162726
0.00015572500314267192
8.502534416822553e-05
7.740445516142617e-05
7.239884310102103e-05
8.42216500657483e-05
6.666516838176753e-05
7.565794984946935e-05
6.318597804697075e-05
5.413737809825572e-05
4.888216193588745e-05
4.550899008287281e-05
4.9452155299269064e-05
3.6779389788005314e-05
3.860892413020211e-05
4.550325192884309e-05
4.461555428312442e-05
6.317720893836106e-05
9.019840566206029e-05
9.212663945746962e-05
6.461397511213386e-05
3.418185629987374e-05
4.5253717769792524e-05
5.710118172350485e-05
5.7721224099980115e-05
8.494928020317043e-05
0.00022484577019166115
0.00032245803525857695
0.00022592682873790007
0.00021437766234429293
0.00024004295180940187
0.00023021596656955796
0.0002822527158801132
