0.001684759868640522
0.0006733220552521458
0.00044998010401474533
0.0004262691487597938
0.00034109626288941736
0.0002922873527331939
0.0002772988230870735
0.0002832826783423219
0.00027541847824918113
0.00025209256441232215
0.00025759095489709627
0.0003663512244893827
0.0004655764977978494
0.0005243452871496542
0.0005910517366308823
0.0006280149554269751
0.0006234526574036665
0.0005233457878015956
0.00038359049626269945
0.0003574333485913304
0.00042955863345260864
0.00048093213258717274
0.0004384472622097613
0.00040370824964352023
0.00029858485086968034
0.00020545946189924312
8.492292242635229e-05
3.2246463968808485e-05
2.569686151567498e-05
5.9528894191085234e-05
8.113567529151105e-05
5.7647612028975486e-05
5.7560263933004966e-05
4.983560596797655e-05
3.806471213111458e-05
3.427363053087996e-05
2.576947395896973e-05
2.4373441588657837e-05
3.8608885611179626e-05
6.270508776290148e-05
9.712031782413015e-05
0.00013723874541237663
0.00014518064683080213
0.00012654001994361815
0.00012793361197690296
0.00011797539169833529
0.00012818072267185165
0.00015005573653404823
0.0001337589387175963
0.00017853423046369755
0.00028640452256713765
0.00032598876125769066
0.00031994722107172994
0.00021548057955577
0.00030604868264162054
0.00030489012626426254
0.00046193729492163273
0.0005269309102944201
0.0006119991491668019
0.0006090200106401554
0.0003783544769071336
0.0003759504721274297
0.0003797648828548674
0.00037970988145105217
0.0003997509491253915
0.00037540570173240747
0.00031794104095980957
0.00028716314214207567
0.0002918874086289737
0.0002516471377011531
0.0002860921286457215
0.00037459666795126243
0.00045323370549091074
0.0005528287933661562
0.0006413338823463168
0.0006995294093459749
0.0006762027912402893
0.0005807346392354627
0.0005281642560930573
0.0005666459148942309
0.0006499479573296422
0.0007076686024226005
0.0009341706534969714
0.0011753391535050614
0.0012658704453749302
0.0009541182596771373
0.0005260979595590218
0.00025879566633163985
0.00013176818399806607
0.00010102538768109449
0.00012653417965366153
0.00010032753298316871
7.24547887259005e-05
7.52288988619398e-05
6.492165232166703e-05
5.674133288613556e-05
4.8024479921464995e-05
4.651645212398277e-05
3.156724775486029e-05
3.142618957225534e-05
3.7687192841322385e-05
5.43890061817478e-05
0.00010158911685248398
0.00014112782591353264
0.00010562383254289373
6.879511895637286e-05
3.74559400488622e-05
4.698082263086807e-05
5.537368443155453e-05
9.064633510632244e-05
0.0002447310432063471
0.00032154002265694483
0.00025444567835575607
0.00021615727801764566
0.00025379511668634843
0.0002576906752285562
0.00030188474809993344
0.0003610006087583542
