0.0018708629756378791
0.0008845605957880574
0.000524047249447258
0.0005404319041282748
0.00037650000541379023
0.00037454205574154013
0.0003655542269088697
0.0003788826512970559
0.00035434830861523215
0.00032379788551097056
0.0004059680378974155
0.0005581395214713204
0.0006518814319956892
0.0007484648405882348
0.0007659570885717653
0.0007251330086313995
0.0006346939258104543
0.0005085242516357025
0.0004947357781845289
0.0005314303406256757
0.0005481247514483096
0.0007239534151943446
0.0008045402852388122
0.0009088471810144848
0.000737837756735692
0.00032662714195672124
0.00019481248033152368
7.606832289208547e-05
8.161708954892096e-05
8.660191204912187e-05
6.749514495958823e-05
5.8558030775670224e-05
3.712314846182313e-05
3.076432833069232e-05
2.2365092405277122e-05
2.6385739820104825e-05
4.38596540337576e-05
7.237940156795022e-05
0.00012839878029205842
0.00017217759630032127
0.00016463079349909429
0.0001792585627147892
0.00020554585420187952
0.00017217610719784515
0.00022158879172001184
0.00019646527625282633
0.0001770517374118816
0.0003231531801972981
0.0003507328102275747
0.00034883464536158645
0.00024910519070342127
0.00033161993360860623
0.00035876537291248825
0.0005294730817095917
0.0005644221280536644
0.0007497821040538443
0.0007045786567532994
0.00045407600290674167
0.0005062133446318878
0.000541778044202842
0.0005584031642381882
0.0005114517665278414
0.0004053433679521583
0.0003479005771958415
0.000368342445605072
0.00036852750611126
0.0003560811781239875
0.0004160580374488775
0.0005365214631431642
0.0006505463876635656
0.0007780244908738149
0.0008129273123217192
0.0007757145942804018
0.000705076372726179
0.0007037716433335637
0.0007192705036102925
0.0007632540348189398
0.0007965343337478279
0.0012662934414600815
0.0018423639012126309
0.0018565475309718542
0.0016711190088674153
0.001287282561361779
0.000620161600790507
0.0003466120529167557
0.00021687943830615006
0.00018153441506118658
0.00011717218068610143
8.587987232001009e-05
8.088673336994077e-05
6.138355765502163e-05
4.6270535579804616e-05
3.690882491684053e-05
2.9063255410934196e-05
3.131878890260355e-05
4.9179152493801086e-05
8.981167707531758e-05
0.00017081060761050363
0.00018858232327333978
0.00017215980885771991
0.00011818448208075099
6.070506822606953e-05
5.6174998102045106e-05
9.91052896086574e-05
0.00028115123324711107
0.0003224477406638279
0.00026377830148990606
0.00021491076445456764
0.00027776259183398707
0.00028908889594311924
0.0003457425978288626
0.0003787392401169129
