0.001704628665895914
0.0007426769172558225
0.000496545146939264
0.0004875311139508351
0.00036567775929946967
0.00033262549608633463
0.00032387699673558324
0.0003334786093567756
0.00031959898923036525
0.00028177962917757605
0.00032120923847646257
0.00045881844732882437
0.0005550381692755716
0.0006328070304644124
0.0006765837045696642
0.0006828817110979225
0.0006435020493254024
0.0005270035716949771
0.00043346946609704715
0.00044546185167074014
0.0005083577743810321
0.00048650911881982435
0.0005536638393756513
0.0005215913311989441
0.0004758221851309469
0.000271146306331432
0.0001647763060056954
5.16651465902625e-05
5.051106531466254e-05
9.537054974468527e-05
7.351850112761088e-05
6.023370810494652e-05
5.205297770493992e-05
3.693591520428215e-05
3.238580796245161e-05
2.206841303098593e-05
2.5511512590299986e-05
4.152188740620492e-05
6.995801805707647e-05
0.0001163759771312305
0.00016055935996807155
0.00015555087481016245
0.00014938745654362033
0.0001635550602786169
0.00014178892480328463
0.00016618662102306186
0.00016107465319188514
0.00014590744697990743
0.0002479048067899062
0.0003400207853962962
0.00035306004170004976
0.0002805099824277049
0.0002873122264858899
0.00035189136416124457
0.00042240308182774577
0.0005289582019853224
0.0006010903251029774
0.0007004814088451613
0.0005340542988791142
0.0004154206424426584
0.00045706747376576953
0.0004658309237503824
0.0005029193598188237
0.0004684938615043473
0.0003604153245441227
0.00031636821370480144
0.00033133090710584683
0.00030625978832570595
0.0003106379893758983
0.00040053719041735123
0.000499905749983946
0.0006006571887441671
0.0007109264160606555
0.0007503027770671091
0.0007155420461970147
0.0006443544249476603
0.0006056986518176789
0.0006324558688076371
0.000698402872035664
0.0007420276742202215
0.0011111855918656747
0.0016471500988938237
0.00158207951686013
0.0013101846499950214
0.0007710846670394885
0.0003459947750049369
0.00019303126843631663
0.0001548677959738968
0.00017430903713746448
0.0001081013805682971
7.79612658638408e-05
7.297169338962758e-05
6.060690257465312e-05
5.189112968769993e-05
4.5679439543234445e-05
3.56303330165554e-05
2.9108316729330524e-05
3.534538810525469e-05
5.1762855719726784e-05
0.00010190632296839194
0.00016107525912794563
0.0001471474496051021
0.0001172062339026933
5.7481714411920356e-05
4.089642420176783e-05
5.7062793676316526e-05
0.000102575242026261
0.0002782485911492186
0.0003274418420954626
0.0002559109415576215
0.0002244176570949586
0.0002771508721367583
0.00025903807501693245
0.00032659990743798707
