0.002078499852884817
0.0009127776877807736
0.0005184060639328178
0.0005815514635830474
0.000385419339709612
0.0004211928034371477
0.00041006013025461196
0.00041564008185663264
0.000399525649459883
0.0004008861916678354
0.0005198432884973223
0.0006585909341841323
0.000764613465923454
0.00084782807171446
0.0008414719547064819
0.0007639653827853465
0.0006233700969028062
0.0005569083624249383
0.0005748658843692167
0.0005616649300028709
0.0005960482401948438
0.0008376394778825486
0.0010951139840754392
0.001166375828889779
0.0007512024813306582
0.00034358666461279904
0.0002555191148928546
0.00010650753590310107
9.820772588962422e-05
9.621077042096891e-05
7.972179059992607e-05
4.533246993048167e-05
3.350510842491779e-05
2.6709559652581783e-05
2.7655492909530787e-05
4.536134831393314e-05
7.359083692427616e-05
0.0001306665497862922
0.0001814925862900491
0.00017213682226813908
0.00019690621182318947
0.00024141037203566503
0.00021259852334235032
0.0002441976018479807
0.00019605708471869557
0.00021383132876783153
0.000386522824548645
0.00033904069112064984
0.00031698255532766314
0.00026688697998461313
0.0004104196825659967
0.0004411711582749604
0.0005744458153460674
0.0006914673399436642
0.0008259853396580829
0.0005811128830633152
0.0005214264567051755
0.0005967349537760855
0.0005839617837444497
0.0005650845881985268
0.00045081188768031203
0.0003800657573122001
0.00039788726803884707
0.0004196874699230543
0.0004191305546284255
0.0004369001652921374
0.0005527007623961369
0.0006960213651217525
0.0008253423635790371
0.0008818016748980964
0.0008409112615664759
0.0007559782943609046
0.0007853968425650845
0.0008354145794354372
0.0008673772624655633
0.0008908005439284201
0.0015084863489925897
0.0021772453058475126
0.002419213241335638
0.0023588542771344418
0.0021416307752522967
0.0016509521610021767
0.0008405237167172027
0.0003313053451611718
0.00025086341285269413
0.00014750241121894294
9.336271212584892e-05
8.375013859731393e-05
5.97945895831725e-05
3.91493345206722e-05
3.0150187311128204e-05
3.200934271439195e-05
3.7262411741529235e-05
7.873021102845949e-05
0.00014639335949752924
0.00023249460379932643
0.0002564302103782693
0.00022926149637438756
0.00015706668019220413
9.824778260154552e-05
0.0001000185177526869
0.0002471696513738836
0.0003067130052119831
0.0002962541757338457
0.0001952860109970935
0.0002555506101275704
0.00032564254229009847
0.00035425651444807697
