0.0023449384835621395
0.0009802137381357812
0.0005239833186862402
0.0005333058937285814
0.0004230632081076231
0.00045666977259777616
0.00045535433077612295
0.0004569623777378009
0.00046503051525754953
0.0005046221012644544
0.0006516793142651906
0.0007746855144287405
0.0008866704618332587
0.0009464822307213572
0.0009051668157716817
0.0007873168315408157
0.0006309980644103542
0.0006320205301339938
0.0006773950663794702
0.0005963637812847943
0.000937484873779511
0.001361767633527809
0.0016848394866939233
0.0016945597579224028
0.0012968257323667362
0.0006063218593640382
0.00039381132013916186
0.00019113458777214435
0.00011290427514489283
9.30927830794687e-05
5.5003764360197174e-05
3.966759797839106e-05
3.499816436286109e-05
3.441297472940323e-05
4.480405942768076e-05
7.10692263586267e-05
0.0001273415316741865
0.00017923376474130047
0.00017760915036636377
0.00020736332054198522
0.0002661829376535343
0.0002522198547830979
0.0002490730699569251
0.0002117293300347313
0.00025644648845877355
0.00044877817051472657
0.0003644114581594925
0.00029386084797512215
0.00033475992999482986
0.00045350239539178154
0.0005375446156478867
0.0005865425938598053
0.0008490405448216441
0.0008511496954296818
0.0005177533759746296
0.0005993860263197954
0.0006217034616105569
0.0006384987161778674
0.000540012828796448
0.0004315013774441154
0.00041221405835489724
0.00046005353956617704
0.0004951248895348609
0.0004999260003195507
0.0005628873953356468
0.0007270348085429133
0.0008539286128849022
0.0009522624001527208
0.0008983396660465015
0.0008221554196549832
0.0008454321997841014
0.000968470146658451
0.0010016131243912956
0.0010161711189519012
0.0017214701675667722
0.002508358416021951
0.0028476842839091215
0.002985120177583187
0.002584569325216488
0.002324295338812977
0.0018139098368711174
0.0008690743463883109
0.0004911398288100363
0.00015976215773825316
0.00011361043353856725
9.11494856144817e-05
6.057630953179905e-05
3.8069720942916894e-05
3.806775063661069e-05
3.7842307244994726e-05
5.143619205714259e-05
0.0001197275285542098
0.00023814780018960609
0.00029932478548122266
0.00030270661042885923
0.0002576155579144881
0.00019103182390807846
0.00013657867677953044
0.00023835224458638703
0.0003159414326615287
0.00034971290946692957
0.0002367391028110755
0.00023459477229845915
0.0003671880366685682
0.0003422364455395926
0.0003885603961007564
