0.004260587858709432
0.0018657901144064823
0.0010072590870534716
0.0005994046477035914
0.0005630946900993389
0.0005660572190415032
0.0005613623390651446
0.0006439684658728546
0.0008089088956085033
0.0009282720976177853
0.0010545712080450612
0.00118060522632718
0.0012859859274570087
0.0012377561122356318
0.001107453805665775
0.0010229956608820213
0.0010083020541226289
0.0009392798795917614
0.0008884057224068428
0.0015815274079775646
0.0025453593093595914
0.0024130808713474705
0.0027195751447919103
0.0021532971332822864
0.001608790043081945
0.0011463261588760209
0.0007344978658630078
0.00044737517861753045
0.00021105267433706312
9.443076530484237e-05
7.58415067840677e-05
6.929735835236692e-05
6.815971338119573e-05
7.851915849048827e-05
0.0001780084609839255
0.00017023945402258248
0.00023139477008311514
0.0003462971616495107
0.00040250173110729644
0.0003443088656992531
0.00031094853327323733
0.00030438581670478714
0.0006463183929050469
0.0004254599794275493
0.00035299148103461544
0.0005163864095993362
0.000604467451995026
0.0006841314809864894
0.0009138205387624712
0.001009553580203595
0.0006125070264022834
0.0006751731747340637
0.0006972639789944314
0.0007617766938416088
0.0006604409339998543
0.0004979912008249261
0.0005119438176117155
0.0006119019067907295
0.0007177330268937112
0.0007884650606661629
0.0009148585346479735
0.0010967329657606702
0.0011043922188333838
0.0010617569502257705
0.0010423059942408174
0.001153077170421119
0.0014146671542167124
0.0015982139936902141
0.001878687692872363
0.0033231861622266858
0.0043617606637919686
0.005163352581040606
0.005519936285108969
0.0051273839080310185
0.0033024420366373776
0.003200673572454807
0.0024770136438083427
0.00095760132818082
0.0004006127794368526
0.0001788149961176889
9.963540878141944e-05
9.028436729639044e-05
9.51470148075257e-05
8.795212325321833e-05
8.168352403901066e-05
0.0002132447125086642
0.0003611843691135401
0.00044741206456277684
0.00047890764345606565
0.0004547873181604705
0.0004313921095068749
0.0005918328751054709
0.000511338365904215
0.00041155834274389866
0.000223535080691128
0.000270243648700079
0.0003836550200342987
0.00038005366739614203
