0.0022055304397981743
0.0009076914609502569
0.0005136711341278188
0.0005634644221238728
0.00040330037506149406
0.0004409384410795277
0.0004343520732015796
0.0004345746104718586
0.0004281306042745136
0.00044636209526267303
0.000584460852236074
0.0007140480542325525
0.0008252477115423842
0.0008971936652201594
0.0008766319666384207
0.0007787546008088764
0.0006248639383377035
0.0005986350652996128
0.0006414385906796099
0.0005777074213233786
0.0007488217887873626
0.0010274355518345884
0.001370462001199273
0.0012877428056234648
0.0008390007880150211
0.0003820283512443398
0.00025101306620459255
0.000124005432980504
0.0001005871631955429
9.558503635721046e-05
6.310925305906237e-05
4.0910979895836225e-05
3.074599817272251e-05
2.898912284528388e-05
3.453283764675821e-05
5.8947953080835834e-05
9.334552108561381e-05
0.0001627572386910229
0.00016942638800266103
0.00019479402780931906
0.00023029172544860904
0.00023729233592703486
0.0002628067447072202
0.00023455090230228747
0.00020235889518232026
0.0002911353524654289
0.00041122230420006416
0.0003467455090283124
0.0002772772045962378
0.00037602402821804084
0.00041471337226188
0.0005845631264140696
0.0006425631701295026
0.0008621105349758362
0.0007425655083261632
0.0005303799308008883
0.0006323940188959783
0.0006066186728039497
0.0006016095371386268
0.0004873047409950418
0.0004046916471401034
0.0004072166232395579
0.00044237584146965145
0.00046080624318605383
0.00046360468748463004
0.0005585380226322737
0.0007141114654175827
0.000838462918432178
0.0009184618985286586
0.0008671748742271803
0.0007839886706191452
0.0008156117653436529
0.0009070458252110969
0.0009290985320514593
0.0009484387406074645
0.0016204893862550086
0.0023353645887353156
0.0026797169014092584
0.0027129194250140208
0.0023781788402385557
0.002042431108339321
0.0014083682121448838
0.0005896689039710859
0.00043082064566300743
0.00016172808394092694
0.00010123550537500778
8.620956942871075e-05
6.030791447415972e-05
3.704836540347136e-05
3.357266143509543e-05
3.40154819128493e-05
4.4565105546669045e-05
9.910439975805904e-05
0.00019086754798714899
0.0002494130923398543
0.0002656141602989958
0.00023757709072604884
0.0001648119630293617
0.00011455685842162554
0.00016636860678741046
0.0003198088503972992
0.00032494103703677786
0.0002660821591244827
0.00022102331567247429
0.00032141742275335256
0.00029627967410063516
