0.011007628118134731
0.017620906537575826
0.0462761619941742
0.34769497196536664
1.5838571976113598
1.540269630440655
3.2226636509558717
8.038455775752796
6.882000581618636
8.150815002919014
4.018944303616298
7.207978139060758
8.074136518130242
4.225629797623914
3.8644696317878227
3.4735531637449393
4.649880376693753
4.855164591608087
2.72737305744934
0.7466689553804438
1.3983982034292173
3.435442365540869
4.321222752468945
4.344965152190354
3.5412901800077603
2.673762811389872
2.4901742396790265
2.374531561090449
2.1761149906336295
1.8181015101241547
1.4244428355334555
0.849344907146873
0.2492437593489725
0.24942495684648283
0.36876845562151084
0.4644948850193529
0.4329298161946531
0.5311072627700643
0.9357917941748866
0.8795017966731793
0.7638948883319197
0.677198490960625
0.5262591511822033
0.35241623844710573
0.16857561325983947
0.017237678962561953
0.016968341724762175
0.1318690715065527
0.48224741553906114
1.007180300063564
1.6934683189007846
2.236636811561164
2.793686788383724
2.8348560127827285
2.9479938802307553
5.164287365964172
9.63260707009445
12.717668295966421
13.013239026579049
9.704979005722738
5.106575832375949
3.8051414683038933
3.4146827488270164
5.058189019102381
2.4501306187783074
1.037044571545741
1.1950718029256686
2.46488803616719
3.244686398066814
3.622151417176982
3.6967541747983788
3.1802441271962794
2.607105573052272
2.8641533672925417
4.4008906443902385
6.71248397178283
8.805362310066698
9.569138911436092
8.694216625302992
6.747707496680785
4.694513179196637
4.394995390410997
3.242889459129573
1.8239273318091207
0.7407838022654338
0.34824752826419836
0.6517751379090887
1.3595422552545315
2.037625134323875
2.32377796408757
