0.01329461044275034
0.02580073601512322
0.09303286264370875
0.5859742018703583
1.8480885929144537
3.7509601321855235
8.09044519143881
4.019300190044792
8.2754291734035
4.0223052905422145
8.860030045960904
4.31517485589142
9.40165285448545
5.107690777099475
10.422820779185514
5.653351295891967
10.74756586187927
7.920222578747614
11.973840192482555
7.5251007681594295
11.465803238927364
7.156408062471551
10.560028218997417
7.27606579669278
9.623640244458393
6.591611934108333
8.53968177511298
5.778453772368688
7.361620149808733
4.696298285756365
3.6441923357869825
2.045535940596606
1.3192967621087073
0.9123377045875322
0.9361986535538377
0.7868399642394522
0.6083015938351444
0.4623285611586588
0.36023031654398086
0.33290408146409184
0.29025852672434815
0.24238797885325147
0.23097914873842024
0.24840813787014598
0.2743033271182236
0.2689785207535106
0.29222720279616193
0.2449806555910149
0.31701514735959124
0.4440015016014873
1.0937128227784016
2.2310693371820536
3.7487635476015333
5.545178563700038
7.097284578928621
8.621853287078602
8.896861127015999
9.242140613641537
8.508649123199735
7.339512092362006
6.001174809207765
4.465850487857795
3.6732114482571734
4.271311790352246
3.89050459662116
4.363565653808421
4.225468928249943
4.144871127838523
4.202701626218252
4.720563705747739
5.932693047126325
7.763962675413355
9.493383552857692
10.196133487733633
6.837523577959216
6.201430999632052
4.580323821361712
2.699748497378179
1.186568399636701
2.229167175961991
1.9064340275585412
3.470702583461339
3.6011528293743824
3.8364440196246825
4.123511973881648
4.05631564411073
