0.009256498599129803
0.011255718156322264
0.010230590485997192
0.007954645792453911
0.007680166858587567
0.015491423095793933
0.12734376757841626
1.0075112499365821
0.8975725919365972
1.823729273920606
2.72765370265683
5.9590485462695675
11.125332447685347
13.809134326723749
9.738156304819777
14.43573261910272
10.397750608447303
14.763381077314248
10.819597645864327
14.727375758044973
10.856171368472545
14.27370526017555
11.659184741187179
11.984559086125847
11.18563080407029
11.233181862436838
10.362556629010264
10.093276123513823
7.722499768987595
8.21782333991192
8.348863227563514
7.472105018478618
7.395092330454809
6.72098582453404
5.412103572130739
6.163978306436414
5.612819280956578
5.061647496003701
4.4186982246243725
3.6480830200940093
2.5876676071357547
1.5927983837483248
0.8985100288270613
0.6072747198252578
0.5122907350963155
0.6589429054669897
1.0820680787741037
1.9160126444008814
3.018733448163635
4.600880994536708
6.586671377767963
8.785557879403708
10.734159316425185
12.085560945345486
12.42395513634813
11.581332996486356
10.022273515917481
8.51241293974682
6.583566197720587
4.676013587177854
3.700655740689977
3.850664513254806
4.519512320016177
3.2335535249328555
2.7350122164279607
2.7686486966904496
1.7024792783050695
1.070805267036521
1.6465527778739397
3.842144874485536
6.92905447549119
9.559086220530215
10.526460901966919
9.50900980310054
7.193393062512637
4.745833269930957
3.050634255912399
2.2629264513145357
1.9334316706653039
1.7398537149549822
1.5766172402958898
1.5117713312964258
1.4551230731168812
1.2847788038717325
1.4239252780662186
1.175717958941525
1.1234104610021645
2.5993632431173292
5.133186115438209
5.796253923221771
5.809156230025493
4.947550003960928
