0.008298182250762435
0.008302208476455901
0.0035791626668060347
0.0016504152998881804
0.0009058733832015534
0.0008023179077400335
0.0007898084821555949
0.0009228938922373317
0.001142612453875244
0.0012821739837068288
0.0015129971244169668
0.0019388918124338679
0.002284506646305799
0.0025968303442270657
0.0027602066362953704
0.002656301431171628
0.0025106319072826675
0.002274623348682207
0.0030424893762871835
0.0040767488245421896
0.003891598002566628
0.00395773090503926
0.003377290638193335
0.0027987047811190093
0.002121740272229034
0.0011519230194981453
0.0007808936142584199
0.0003370928761470049
0.00016759227001320612
0.00012055340733648043
0.0001043156281735442
0.00010258674793212064
0.00015463238338153724
0.00021209072563855495
0.0003362331725133618
0.0005651591354930308
0.0006649581910173553
0.000603699191551503
0.00047947119060669284
0.0004911714223063994
0.0008132612812876891
0.0006323273384608977
0.0006712489577834853
0.0009089997810633972
0.0009045633384973076
0.0009707796665639729
0.0010914855995746214
0.0006540515562114166
0.0007756100402432453
0.0008397123608425251
0.0009775069371846658
0.0008423921344890142
0.0005873015755018092
0.0005922349593472368
0.0007734176336413264
0.000956421699055716
0.0011400332757549518
0.0013146549763745857
0.0014143029504838003
0.001612425173946864
0.002296072737025357
0.0033254838198816237
0.005163681995671279
0.006853440214587802
0.009147160088558171
0.011886712892966746
0.016831073925551852
0.02646198593873753
0.06960047833744741
0.5770030587276977
3.438004290474905
7.27004724752663
6.32112800067659
4.833080296350019
6.722538271183586
6.416655422366437
4.179264459874608
5.308316825371596
3.2013726065624493
1.9135164306757426
1.0259043983309948
0.6814988872488822
0.5555928839303804
0.5460568684673374
0.6069504793184974
0.6699941507423521
0.74794189174428
0.9681316294644198
1.4386221284327458
1.1187774058859143
1.5978124184990807
1.709027568728401
