0.006619203022527882
0.004189918645426716
0.002660062119893145
0.0011422274560717244
0.000597639012586828
0.0005989994342292321
0.000638881166666788
0.0007838937632809428
0.0009847707811674014
0.0011307954056948854
0.0012736895884721893
0.0014734474499373002
0.001674208330812008
0.0016246759847088
0.0015902022716182895
0.0017435316543599469
0.0018461952249594223
0.0016821071903068239
0.0019468914768796398
0.003157072793941062
0.0032634132203069916
0.0034124767051902597
0.00312504886546806
0.0027512584086810954
0.0020420847917939997
0.0012491924376367813
0.0010400165201646656
0.0005275475105292341
0.00022048385442997105
0.00011086780760662422
9.683722867372542e-05
9.049724680359328e-05
9.009480156376506e-05
0.00017304588122609238
0.0002211469186127725
0.00031670042309939525
0.0005016988765427398
0.0005367852605737299
0.0004867930806657242
0.00039027551404909635
0.0004387052002834829
0.0007413695938342465
0.0005244772669042744
0.0005495912346734325
0.0007275103851197384
0.0007152420065287253
0.0009006766072853043
0.0010833873553545339
0.0006422780073253029
0.0007114757280481407
0.0007706189917763731
0.0008914289033778272
0.0008089791735916914
0.0005913986039520556
0.0005512907822567244
0.0006785163328557195
0.0008259924588741373
0.000955142764404102
0.0011315039130271153
0.0012527639696958796
0.0012547620125724893
0.0013336832784750095
0.0013461084386204138
0.0017507792800971042
0.00217946640379697
0.002332651739203649
0.0034293277177589393
0.00565897004035118
0.00915633279930921
0.016128331912006313
0.02938685781581412
0.06304667736865294
0.19849960468818703
1.351249279996452
4.706871731930857
8.138471583048021
6.790130809921503
4.942028228792704
6.199737817720646
5.6192459502520755
3.5492247841435294
4.1137517113132365
2.3010001405168614
1.2315513730220968
0.6979533228912275
0.595626630463808
0.5359043490784194
0.593868332854377
0.7021395489390594
0.9714272026199089
1.5188025158978764
0.9606368428792869
1.2311938019824789
1.0471390969495973
