0.014234540622228226
0.028795296199050843
0.09893719996947913
0.5583501071328535
1.9967102830228978
5.109235269507723
4.900645501165239
4.646235974412905
3.295075940532695
2.909777242265079
3.697675194828105
6.62428987808782
9.11906780127533
8.340764598061675
5.824813878592337
3.34431688199823
3.3934064744224903
7.705726125508863
8.768191455231095
8.518457893038482
6.941112880779378
4.869032007621333
3.3545955862327403
2.8293936865678924
2.8070464250980223
2.428501688963991
2.3511970949130796
1.7232551874499744
1.182922820794002
0.8745456961642275
1.3225024589451817
2.8905376685391193
4.904336769993929
6.619227041161025
7.238255583897162
6.55195162755061
5.001567460572136
3.611635569795322
3.738059253287115
2.0509366184067828
1.0497798439902917
0.42762579100502923
0.5000759943761572
0.9300249489689755
0.8768491836561059
1.2701362256220106
1.2303069020596735
1.6209625849397868
2.346485565970604
3.6325767929156423
5.759638387753573
6.471230476315593
4.653916559560464
1.9848521061328348
0.7414873144171175
0.5837976702614998
0.9776819120438403
2.1782618304769787
3.552759161596831
4.890948339726769
5.901545068403126
6.755536686034644
7.971835642722585
10.482712086642927
13.117764448557006
14.632409552123574
14.04304488844718
11.35215551179609
7.618148853898376
6.367817122661871
3.626715324336107
3.258906802195151
2.3863954023055243
1.7963762991054206
1.957546274193593
2.7513767293753957
3.650791511047102
4.127403119145582
3.9724979931799616
3.3152734925299843
2.4616943993715634
3.6093111497929193
2.1822509979362037
2.4369716946847038
1.0036086380955158
0.26027531253449643
