8.50915846706184e-07
2.5109736467271664e-06
2.90391875262368e-06
3.11449960936937e-06
3.088555747858658e-06
3.1048826617390454e-06
3.0678768278393307e-06
3.061895311752621e-06
3.023713074596285e-06
2.9953538388073742e-06
2.9616543820031606e-06
2.930969753659718e-06
2.9004199894910942e-06
2.8661316950131145e-06
2.811761741624653e-06
2.7615351656349665e-06
2.7061793908272564e-06
2.6525764141225644e-06
2.6135272280838556e-06
2.5908980045757363e-06
2.554656753851483e-06
2.514098377405593e-06
2.476667419812693e-06
2.440615628382713e-06
2.4068138122656546e-06
2.3750044153290843e-06
2.3444124289979875e-06
2.310527464174725e-06
2.2718462901579445e-06
2.2339436252173657e-06
2.196583008218403e-06
2.1634088956857486e-06
2.1336700417484324e-06
2.1056396560944646e-06
2.078764070324339e-06
2.0529956392846205e-06
2.024452740361958e-06
1.9917961654066026e-06
1.958726235226041e-06
1.925697641087139e-06
1.8937233299765462e-06
1.862998959440594e-06
1.8335525782975178e-06
1.8114077761025757e-06
1.793962479582757e-06
1.7769828985262596e-06
1.7616368693939576e-06
1.7466864585894082e-06
1.7327041640301305e-06
1.719886480315317e-06
1.7085113953092278e-06
1.6967832166704627e-06
1.6803119376431109e-06
1.6638130582220723e-06
1.6487232434009817e-06
1.633537844653583e-06
1.6190324929799491e-06
1.6047556821089702e-06
1.591121899590098e-06
1.5778313779263309e-06
1.565185058237227e-06
1.5528852002538698e-06
1.5469416361531235e-06
1.5649600080411968e-06
1.5899590977006972e-06
1.6217554739425669e-06
1.654854858292987e-06
1.6903435435464267e-06
1.7257378953337363e-06
1.7667649362326457e-06
1.8155587682787278e-06
1.8678015051154324e-06
1.922463764265614e-06
1.978472216368241e-06
2.036607084584029e-06
2.1086289713029873e-06
2.176213886004944e-06
2.248505340591684e-06
2.3264630078920594e-06
2.4059117433266308e-06
2.4886435172537562e-06
2.5695765186347725e-06
2.6538867821718234e-06
2.7385252224999425e-06
2.8255150370542263e-06
2.9136123813211266e-06
3.006252056939811e-06
3.083383885734944e-06
3.1603380078218976e-06
3.263940987719628e-06
3.3696483335072044e-06
3.4802014202824827e-06
3.592345823534838e-06
3.707091699053246e-06
3.826418167321509e-06
3.948184290033698e-06
4.0667926530405535e-06
4.186312409304119e-06
4.289812182064096e-06
4.399450303988785e-06
4.515161514702086e-06
4.632115468181248e-06
4.7521937380168415e-06
4.869239054661007e-06
4.9813740169864495e-06
5.0951969844838794e-06
5.20969387144755e-06
5.325012567749813e-06
5.44098758962879e-06
5.557803289341993e-06
5.675301587966507e-06
5.79354587619127e-06
5.919081605746815e-06
5.97919709640492e-06
6.020506633297138e-06
6.056971180171959e-06
6.09172793938476e-06
6.125880879798623e-06
6.156110901114826e-06
6.182985713984052e-06
6.208488299012248e-06
6.23343205949061e-06
6.257741644025526e-06
6.281641421193431e-06
6.304999191959028e-06
6.329319936666471e-06
6.252593725450484e-06
6.16633491026915e-06
6.079595062475436e-06
6.01261379844636e-06
5.95527016454667e-06
5.899077725368837e-06
5.85807183967335e-06
5.8329916781047055e-06
5.806716398311475e-06
5.781158355933891e-06
5.7509105246821494e-06
5.722208655734385e-06
5.693408874033775e-06
5.663631725771333e-06
5.630537255515389e-06
5.597001614568875e-06
5.5612297573864855e-06
5.526254682385139e-06
5.4914009660343116e-06
5.456986110569311e-06
5.423067024199201e-06
5.3896800825917565e-06
5.365868524691092e-06
5.348006568664641e-06
5.328687167094193e-06
5.279458566122185e-06
5.230048202874416e-06
5.185163299659214e-06
5.138279270538013e-06
5.090320841180577e-06
5.044529104120527e-06
5.000911805691159e-06
4.95974560001136e-06
4.92101158245796e-06
4.884830347434898e-06
4.85112373195364e-06
4.820043546882634e-06
4.791437126451482e-06
4.775499847471883e-06
4.784949315940085e-06
4.805137083762912e-06
4.807269487989338e-06
4.812732271075417e-06
4.818303721717994e-06
4.827557892170049e-06
4.839858162280301e-06
4.84453494953699e-06
4.838886044781285e-06
4.836569719826877e-06
4.834070302750064e-06
4.850823990817801e-06
4.8841085840900635e-06
4.917330796228346e-06
4.9511399582010266e-06
4.985105079432743e-06
5.019324549260566e-06
5.053523523715042e-06
5.088094268974405e-06
5.109892449623347e-06
5.062691121831166e-06
5.019539349023487e-06
4.980379360178064e-06
4.949300198669331e-06
4.934027126408954e-06
4.92340109882835e-06
4.9133405960487174e-06
4.905469406205894e-06
4.900871087094325e-06
4.900895438211269e-06
4.90230362178017e-06
4.887101082269712e-06
4.8759310687779115e-06
4.8657342021612285e-06
4.857081705219328e-06
4.881904349626918e-06
4.912730930234594e-06
4.941802500042837e-06
4.96761582733077e-06
4.99578053530478e-06
5.024987208425875e-06
5.02244245940081e-06
4.99874376442491e-06
4.985857656818539e-06
4.981843083913953e-06
4.969838749237111e-06
4.962036434339551e-06
4.953634177099723e-06
4.951432323029649e-06
4.951523609256606e-06
4.9535749560238276e-06
4.955289681086237e-06
4.958140373809828e-06
4.964409856584723e-06
4.973239920444576e-06
4.9818587875500244e-06
4.991035166593676e-06
5.00034002656138e-06
5.010108862243067e-06
5.020054105881634e-06
5.0303573333605526e-06
5.040811130751381e-06
5.051651547019337e-06
5.0626348992436356e-06
5.07387061336077e-06
5.085413262235458e-06
5.0970998758188136e-06
5.107012893883285e-06
5.08519190271861e-06
5.071080555634232e-06
5.062443854668605e-06
5.051878851001362e-06
5.041688626584543e-06
5.031805666841361e-06
5.023255289306081e-06
5.015065678480983e-06
5.006933083398149e-06
4.999062908021059e-06
4.995761475280847e-06
4.997239572549136e-06
5.004932846808452e-06
5.016210689984356e-06
5.0323019684978915e-06
5.047445744575166e-06
5.062675615946186e-06
5.078763927595764e-06
5.097776308812626e-06
5.115792043154073e-06
5.137565526027346e-06
5.187408244178127e-06
5.236093324828368e-06
5.285180334751452e-06
5.319318710006757e-06
5.3554531305177885e-06
5.388559392574553e-06
5.420424148300273e-06
5.448831068843679e-06
5.493195547113536e-06
5.542123146035268e-06
5.5879853609606175e-06
5.635239773309124e-06
5.6735974275580036e-06
5.710568412307853e-06
5.73587651108082e-06
5.748126965080317e-06
5.77160473823394e-06
5.795208986895137e-06
5.819264231078201e-06
5.842535954597081e-06
5.866144051453868e-06
5.894849850589715e-06
5.922334584952487e-06
5.949691264832402e-06
5.9765580876745844e-06
6.003069050221766e-06
6.028862370989794e-06
6.054437323745329e-06
6.0793168239595995e-06
6.103568708843089e-06
6.127519073486368e-06
6.150733923834796e-06
6.173517394773903e-06
6.186626615361327e-06
6.207565683037832e-06
6.247450240381395e-06
6.298675016589314e-06
6.344149706423299e-06
6.364386839691792e-06
6.3825391239525496e-06
6.399792724519029e-06
6.416661684898727e-06
6.4439221430656135e-06
6.4596043475315536e-06
6.474513098383107e-06
6.49048167531013e-06
6.507273592337036e-06
6.524549242723523e-06
6.528771354379045e-06
6.540828738365488e-06
6.536510861960037e-06
6.539844211850213e-06
6.539787033124296e-06
6.541642730757136e-06
6.539987698879667e-06
6.535286468657545e-06
6.539506994921741e-06
6.543090468267311e-06
6.545718365269929e-06
6.548202483461856e-06
6.550859012800584e-06
6.5428798112217416e-06
6.527302590580938e-06
6.503198161703836e-06
6.474748156984765e-06
6.4637483307229505e-06
6.434465339931823e-06
6.425625968096082e-06
6.395231942625601e-06
6.3897800688854174e-06
6.373454227602306e-06
6.3793689617689245e-06
6.369846816447363e-06
6.379885184544497e-06
6.374105919623176e-06
6.3796077193241456e-06
6.37880050641436e-06
6.383713968288382e-06
6.386344200688978e-06
6.391779520992828e-06
6.39692524720065e-06
6.402988265842961e-06
6.3988048272304805e-06
6.382257917033242e-06
6.370289393357534e-06
6.358346759645261e-06
6.3481508562149135e-06
6.3392873755327465e-06
6.3250128269955925e-06
6.3084971833957485e-06
6.294415324810345e-06
6.312892060625085e-06
6.331611646722589e-06
6.364237011390331e-06
6.405701975281824e-06
6.4578759420628336e-06
6.502795628316483e-06
6.543584203710242e-06
6.594380685225578e-06
6.654584454246912e-06
6.7211334832473865e-06
6.793154809311161e-06
6.860912467911705e-06
6.929192999620487e-06
6.9875134646059125e-06
7.048125723356428e-06
7.111121386683909e-06
7.154576724771195e-06
7.198524849295748e-06
7.246111061868322e-06
7.294945666404159e-06
7.347384929647199e-06
7.398732939698257e-06
7.447233182144121e-06
7.49976395492731e-06
7.553885910906451e-06
7.609404022627948e-06
7.660018188105867e-06
7.715448216708638e-06
7.772209975559275e-06
7.831431621240517e-06
7.89293406003471e-06
7.950863795238435e-06
8.005550454819701e-06
8.009925737282434e-06
8.01054605491161e-06
8.020286624759484e-06
8.027945296033968e-06
8.033774232509236e-06
8.039706691680891e-06
8.038214528204601e-06
8.026072144753093e-06
8.018595240351919e-06
8.013194693401486e-06
8.010523101083652e-06
8.009832390228621e-06
8.011255217278213e-06
8.014941800201755e-06
8.020619516673104e-06
8.028696103512599e-06
8.038382012011928e-06
8.051242990919547e-06
8.067493180023962e-06
8.08735226316133e-06
8.113040847750892e-06
8.14406363728177e-06
8.150792557790713e-06
8.13201990019907e-06
8.11886778429292e-06
8.104834215157172e-06
8.093012726523635e-06
8.082066333572127e-06
8.07275376107793e-06
8.06583136877682e-06
8.0688285086752e-06
8.069300927595629e-06
8.0697151011327e-06
8.071942804414904e-06
8.074901096006664e-06
8.07954125382328e-06
8.071070820442097e-06
8.051307123369415e-06
8.030569829321166e-06
8.02705533253413e-06
8.019087889111252e-06
8.020399001350487e-06
8.024378617349247e-06
7.971579973991449e-06
7.943795070043075e-06
7.911746777443451e-06
7.879671428746833e-06
7.842101629028452e-06
7.807910991241104e-06
7.774905356962951e-06
7.744477471692337e-06
7.714312349651688e-06
7.685297819030686e-06
7.657583939059853e-06
7.626936868120432e-06
7.594821269118799e-06
7.563991148431221e-06
7.53350694541552e-06
7.487144860103033e-06
7.433611579665906e-06
7.393303730687777e-06
7.360359827940021e-06
7.337526555040128e-06
7.3162182535051e-06
7.294241870380396e-06
7.2834410089339674e-06
7.267647553444018e-06
7.2550190730544e-06
7.241398596355589e-06
7.22891542963605e-06
7.216309882255035e-06
7.204433605609173e-06
7.192691681358895e-06
7.181349433612783e-06
7.1702600240135276e-06
7.159452203530219e-06
7.142239274077551e-06
7.09700818131931e-06
7.054305717841358e-06
7.011607405267601e-06
6.969008420707339e-06
6.926669369271926e-06
6.884544103228668e-06
6.842523289333863e-06
6.7957891122979825e-06
6.7487166573709835e-06
6.701694671976586e-06
6.654775077170804e-06
6.607936918938609e-06
6.561224062958904e-06
6.511919758973923e-06
6.437243849853829e-06
6.362906823448163e-06
6.288576450601678e-06
6.1993183890109324e-06
6.085960616557074e-06
5.9672492368813205e-06
5.834798988983523e-06
5.69166819172542e-06
5.547907498026478e-06
5.40490005574344e-06
5.263010607941033e-06
5.1036655907016625e-06
4.934231786936366e-06
4.762935707478505e-06
4.5925873060516895e-06
4.4238994252096974e-06
4.212748603256304e-06
4.022970395393191e-06
3.858255351001935e-06
3.710828597283306e-06
3.563421350110897e-06
3.42662705595351e-06
3.2996184322608113e-06
3.184833702143873e-06
3.069671706637874e-06
2.9616545423175226e-06
2.8562197039569307e-06
2.7488880174515186e-06
2.6394796944873083e-06
2.544715550061009e-06
2.4477343400533922e-06
2.356152885567219e-06
2.2803880756112654e-06
2.2192124042760107e-06
2.1597018175195035e-06
2.099992147451784e-06
2.040236435150303e-06
1.9800863096797246e-06
1.9214521384766017e-06
1.8442940389986157e-06
1.7640068634074897e-06
1.7110391112884023e-06
1.6607380782987675e-06
1.6121289537501693e-06
1.5646428026482323e-06
1.5137039893532305e-06
1.4501806174284271e-06
1.3874576178424346e-06
1.3267475723871929e-06
1.268051221077547e-06
1.2126447111297402e-06
1.164322643235884e-06
1.1195109452253877e-06
1.0770255967638104e-06
1.036534376890723e-06
1.0069218013701945e-06
9.811372395715356e-07
9.578767674030673e-07
9.367865851829228e-07
9.179913238401926e-07
9.030892759730558e-07
9.031627684443633e-07
9.102073335948143e-07
9.167928963238076e-07
9.239549329329623e-07
9.321002245508018e-07
9.415104010979213e-07
9.523671660589498e-07
9.652589251830907e-07
9.844670006933653e-07
1.0048961352903338e-06
1.0253626129399455e-06
1.0467515083914964e-06
1.0693302550783542e-06
1.0931399635396944e-06
1.115081856768921e-06
1.132282187870422e-06
1.1504118461504157e-06
1.16643403283203e-06
1.1822780532776796e-06
1.1991618678785688e-06
1.2172454520150432e-06
1.2363610532093596e-06
1.2568449719208908e-06
1.278873579342624e-06
1.3025211753170775e-06
1.3203136331929618e-06
1.3330304789078186e-06
1.3381852904218192e-06
1.344856955336529e-06
1.3708282664246247e-06
1.3997437295344547e-06
1.4301199354447894e-06
1.4623441221581024e-06
1.4968053224051776e-06
1.5334700327931724e-06
1.5723331876540729e-06
1.6134775367886865e-06
1.6569547461466533e-06
1.7031035433678805e-06
1.7533526773520478e-06
1.8073803967298407e-06
1.8609076270438292e-06
1.9109930419645758e-06
1.9632132519598162e-06
2.0191902750681553e-06
2.0703494804080562e-06
2.1169005913512215e-06
2.1522880591363144e-06
2.1893395605070084e-06
2.2288532005003542e-06
2.2710329056064046e-06
2.309540217923055e-06
2.3296973091853767e-06
2.34482346162355e-06
2.356701464960556e-06
2.3703126310141397e-06
2.386194548750491e-06
2.4063442217284457e-06
2.4431696632844315e-06
2.5126536569920193e-06
2.5909224326243273e-06
2.6742126423417842e-06
2.7583225794807443e-06
2.824858545624446e-06
2.8895889091204347e-06
2.947590540280109e-06
3.0090050797816363e-06
3.0769615253190566e-06
3.1522783575985076e-06
3.2342266181967565e-06
3.3587041218705425e-06
3.4654060239869486e-06
3.557349675133595e-06
3.662110428539924e-06
3.7767902966028947e-06
3.901542902521752e-06
4.036851533263709e-06
4.17859857031731e-06
4.324612748506289e-06
4.482196841365453e-06
4.66062074665199e-06
4.823035951588116e-06
4.984137801319577e-06
5.13921257850243e-06
5.316864284766258e-06
5.539409328831604e-06
5.789949891151429e-06
6.063235803244412e-06
6.356607416378202e-06
6.461449728834731e-06
6.450685960354506e-06
6.451848026245686e-06
6.453389505129894e-06
6.4633048661615115e-06
6.4677485903151795e-06
6.469752844793329e-06
6.4740299926002056e-06
6.477452485749447e-06
6.461088367297139e-06
6.431015635422122e-06
6.403874154963347e-06
6.241443910730205e-06
6.082612381132082e-06
5.9205906072651595e-06
5.7564489478902395e-06
5.503768901947496e-06
5.233295250780454e-06
4.984999583652827e-06
4.743935774472015e-06
4.539193333134346e-06
4.35274753330948e-06
4.212534465677211e-06
4.075301557196044e-06
3.9113120769935505e-06
3.785534684572322e-06
3.6473882942643722e-06
3.513335535701012e-06
3.3817426492999676e-06
3.251438495496614e-06
3.043092680519944e-06
2.820780794485676e-06
2.637335205781303e-06
2.4689318228995454e-06
2.2869479450637247e-06
2.098039670362142e-06
1.9355045520530267e-06
1.7974488067996336e-06
1.6832271714258492e-06
1.5748118515570856e-06
1.491051023977178e-06
1.4370840964763638e-06
1.41521311342362e-06
1.4189419107445558e-06
1.4474925408523055e-06
1.5521962291813607e-06
1.6980621647139466e-06
1.8565635300093517e-06
2.0308368119054786e-06
2.2194097243400295e-06
2.4211451465027404e-06
2.635075080552394e-06
2.8217397363304764e-06
3.009517880055613e-06
3.197264660626979e-06
3.401340131212908e-06
3.534713957862571e-06
3.719681561470972e-06
3.905206329746736e-06
4.120809118097681e-06
4.341927338962575e-06
4.53389443229035e-06
4.632535162757573e-06
4.736627808720908e-06
4.836017933026606e-06
4.936839815340415e-06
5.052757892511997e-06
5.107381188003573e-06
5.142802646608631e-06
5.139807348148497e-06
5.0828026082747495e-06
4.968892632457237e-06
4.854457572693704e-06
4.751192782950296e-06
4.593169124412945e-06
4.259118809759778e-06
3.909579982030767e-06
3.5676220164875447e-06
3.220666214225872e-06
2.8851949625401026e-06
2.6454493389920926e-06
2.4373997161103705e-06
2.246126858272419e-06
2.0927695621464834e-06
1.935461281709601e-06
1.7762398245244952e-06
1.6296711107183412e-06
1.4067302431486504e-06
1.179724142945031e-06
9.925684564906552e-07
8.452984554211074e-07
7.383772843033745e-07
6.72204366038439e-07
6.085713548146382e-07
5.371002450638577e-07
4.954354262287753e-07
4.65943201585256e-07
4.484137145398425e-07
4.3583183183587634e-07
4.297696775716094e-07
4.2916904155729044e-07
4.336325841564488e-07
4.4035045916452685e-07
4.452705976141848e-07
4.5194440067009606e-07
4.598063517841976e-07
4.689976857795183e-07
4.782435460816128e-07
4.891751283470859e-07
5.006365368399178e-07
5.089694047418082e-07
5.192969105936774e-07
5.283699737369777e-07
5.37416861964112e-07
5.461646750283924e-07
5.546145706391609e-07
5.62962539391285e-07
5.704805213802361e-07
5.655006461085901e-07
5.597613592960373e-07
5.527079962300797e-07
5.448757236092969e-07
5.361602722632351e-07
5.266171822442608e-07
5.162670016850667e-07
5.052265751450682e-07
4.934556825054865e-07
4.810810977182254e-07
4.6724589100727927e-07
4.4701000229442244e-07
4.296555822047914e-07
4.1163153101541794e-07
3.917234589346304e-07
3.7467484991664605e-07
3.698849196650082e-07
3.6597379529166186e-07
3.649103620108458e-07
3.5984265882506624e-07
3.481137756281102e-07
3.356286136016169e-07
3.241454688956428e-07
3.1451561359908926e-07
3.0635924893732504e-07
2.9981601681355995e-07
2.9462049343209593e-07
2.8467959902019857e-07
2.7524550886324647e-07
2.668730707889469e-07
2.596647932500615e-07
2.5379797034435114e-07
2.4837882215398537e-07
2.437748439011947e-07
2.4192359656906776e-07
2.3885986489817774e-07
2.3340242393585347e-07
2.2860856884262348e-07
2.2419429524307412e-07
2.203116930088851e-07
2.1699488250087442e-07
2.1418267769455725e-07
2.1260791688009313e-07
2.1768307429482526e-07
2.2292363495607392e-07
2.3026308625559076e-07
2.400356894394039e-07
2.511550696780039e-07
2.634609529732899e-07
2.776298330517743e-07
2.9680495099907697e-07
3.151346092695642e-07
3.3609506385766785e-07
3.4184808390163427e-07
3.4133019426172256e-07
3.4218551529125017e-07
3.4127362304848877e-07
3.382953981829317e-07
3.362033160068454e-07
3.341065774314673e-07
3.301083788063777e-07
3.2697257434955476e-07
3.2407644060142725e-07
3.2640071602959206e-07
3.351616125059943e-07
3.45275404585522e-07
3.561283941934239e-07
3.6793767409354873e-07
3.7806343585830643e-07
3.811431905289816e-07
3.8109612688444096e-07
3.7956970250343894e-07
3.785204819000607e-07
3.819041999700073e-07
4.003261751219273e-07
4.262977478963157e-07
4.569404529783275e-07
4.909012788695912e-07
5.27287016992958e-07
5.657973940222593e-07
6.069186823185075e-07
6.505000445992668e-07
6.965745410041271e-07
7.451041630114828e-07
7.960654222166035e-07
8.494012688884643e-07
9.060035766527136e-07
9.658732981173177e-07
1.0286128157532679e-06
1.095628077401897e-06
1.1663043413654447e-06
1.2401947461497232e-06
1.3172282367575952e-06
1.397567032839869e-06
1.4807484491849022e-06
1.5719777314550047e-06
1.6750714102577037e-06
1.7850185102279218e-06
1.9002774351173613e-06
2.0128125793468647e-06
2.1379291436529267e-06
2.267043806400489e-06
2.402165054103732e-06
2.542167134651505e-06
2.6563266016812615e-06
2.7480343193659194e-06
2.822598053898964e-06
2.8961693578567133e-06
2.97146298682376e-06
3.048855154367864e-06
3.131448017574579e-06
3.220610450465076e-06
3.3087804487890787e-06
3.393873546641076e-06
3.4781283907285784e-06
3.5399757399732114e-06
3.560730390032234e-06
3.581131795156206e-06
3.6057161615816725e-06
3.63229047972943e-06
3.662077660573255e-06
3.703404113114795e-06
3.746333672810209e-06
3.783649745291419e-06
3.833244566538373e-06
3.825819405361554e-06
3.828931263991409e-06
3.830975704380206e-06
3.8355003836079945e-06
3.840750184057908e-06
3.8424282863087665e-06
3.841280897669887e-06
3.838892310261407e-06
3.820777118482841e-06
3.799560061340185e-06
3.7768968203051386e-06
3.7534122564131e-06
3.747430379799269e-06
3.743071864438589e-06
3.738744472433957e-06
3.7344472214799283e-06
3.729747057366834e-06
3.7248857091443453e-06
3.719449859251371e-06
3.7136238853037973e-06
3.7071803205109998e-06
3.7136620530808226e-06
3.7220588248714813e-06
3.7261268700072612e-06
3.7296662863960963e-06
3.7695080127600875e-06
3.842705961246766e-06
3.92623514670265e-06
4.012595758540905e-06
4.099788451944921e-06
4.187193943877734e-06
4.274489493858767e-06
4.361658550524204e-06
4.448620521073311e-06
4.53545282517599e-06
4.622013227410632e-06
4.708302655160906e-06
4.794370491191033e-06
4.880602219377182e-06
4.973973663812799e-06
5.063516615599456e-06
5.153993686729132e-06
5.24372482144794e-06
5.2818882509780585e-06
5.220878521921765e-06
5.162099729167065e-06
5.102572551563034e-06
5.077913100366067e-06
5.067272816612119e-06
5.0405246941856835e-06
5.017134657412172e-06
4.954571573875069e-06
4.898650856280554e-06
4.840949703185335e-06
4.783735558872873e-06
4.726319396144439e-06
4.668791189956497e-06
4.60801512441404e-06
4.546751554046489e-06
4.536656462613064e-06
4.556288988448656e-06
4.566625162909442e-06
4.592537809692873e-06
4.61109171103952e-06
4.588483658106965e-06
4.521029716589617e-06
4.464279406335601e-06
4.406927534669857e-06
4.3489992287741995e-06
4.290665500423739e-06
4.231211767535599e-06
4.167204252753416e-06
4.104591853990998e-06
4.041811446217453e-06
3.9791883589486755e-06
3.916961989936292e-06
3.854783453891042e-06
3.7929752526944594e-06
3.7313783776994593e-06
3.670129780433127e-06
3.6091346646861978e-06
3.548374651813776e-06
3.4882142444387422e-06
3.4281103347981298e-06
3.368583958615344e-06
3.316367614232605e-06
3.2669940078786796e-06
3.2175965925195385e-06
3.1686493922083316e-06
3.1199872137380303e-06
3.072138286966346e-06
3.0255379883607283e-06
2.9793952635910554e-06
2.9332742325685667e-06
2.8877610987264597e-06
2.8443594063351254e-06
2.7976927465674965e-06
2.782046409451245e-06
2.7683500273757266e-06
2.794521448153883e-06
2.8480764150370094e-06
2.9059710570969333e-06
2.9597978294088625e-06
3.017367027173001e-06
3.0784069703786954e-06
3.143319752724547e-06
3.213260454079156e-06
3.28422621524627e-06
3.3657463661596577e-06
3.4392504262358273e-06
3.5053517669786658e-06
3.572112549197579e-06
3.6388192266033397e-06
3.705782621899888e-06
3.7777677443823316e-06
3.840797281331467e-06
3.857471302785476e-06
3.7868584852042363e-06
3.719964868227416e-06
3.6380550249409497e-06
3.5644937950387225e-06
3.4885801147078942e-06
3.415473615801695e-06
3.3424108161025353e-06
3.2711495263548532e-06
3.20068976969297e-06
3.1314262243620783e-06
3.072349064662194e-06
3.0994943474071154e-06
3.084163393190223e-06
3.0976805727171458e-06
3.12005077122391e-06
3.161964861037493e-06
3.2054795521906358e-06
3.2456647356378317e-06
3.284621712267481e-06
3.331998761811131e-06
