1.5771657610202861e-06
3.0029221933033687e-06
2.908583811719734e-06
3.0316762132709024e-06
3.0995041582142457e-06
3.1815337898901207e-06
3.2601731229994225e-06
3.3384960839817008e-06
3.4048152038829312e-06
3.461670284312132e-06
3.519094932253293e-06
3.576590936596924e-06
3.6341696758576904e-06
3.6920193945712803e-06
3.749877943841504e-06
3.8078634340302854e-06
3.866190882465411e-06
3.924588593543626e-06
3.9830916835493886e-06
4.04159438178371e-06
4.100084654365314e-06
4.15868611561563e-06
4.2171651551509234e-06
4.274054065846574e-06
4.328208030742735e-06
4.381991941835078e-06
4.436226161246585e-06
4.4903015356286714e-06
4.545097980146179e-06
4.599631088715743e-06
4.654483129605121e-06
4.7091562859655476e-06
4.764142496933786e-06
4.818972930135465e-06
4.873870560311259e-06
4.928738259593304e-06
4.981532409804058e-06
5.0286869349797665e-06
5.0704211592088605e-06
5.09162177290947e-06
5.112672363510963e-06
5.133160551936617e-06
5.1538800243911305e-06
5.1743403072777315e-06
5.194936446740118e-06
5.215376105637437e-06
5.235897862655628e-06
5.25615186360699e-06
5.276517764801279e-06
5.297796564666438e-06
5.307303934873835e-06
5.2905890322077634e-06
5.264681484572035e-06
5.2377306847536465e-06
5.212647581437932e-06
5.188452298600357e-06
5.164909580896626e-06
5.141857246046425e-06
5.119302479198564e-06
5.098045185943797e-06
5.079518706261054e-06
5.059797626848359e-06
5.0435819588597065e-06
5.03280209524891e-06
5.024022009239333e-06
5.01603434566355e-06
5.008524914458814e-06
5.001194469879227e-06
4.994183666909828e-06
4.987305519968953e-06
4.980661366482329e-06
4.974091989546175e-06
4.967683764357292e-06
4.9614547653380584e-06
4.955319024970425e-06
4.951260630750291e-06
4.948973056948643e-06
4.946873521073606e-06
4.945182694654777e-06
4.943510692688804e-06
4.939561945650238e-06
4.93217661133448e-06
4.923734790581694e-06
4.914708299501161e-06
4.904979669707756e-06
4.894636012441083e-06
4.884078507885592e-06
4.873339458206274e-06
4.862347122814623e-06
4.851400486026544e-06
4.840284875089499e-06
4.829087699864961e-06
4.817410372412521e-06
4.804515823805676e-06
4.790719081643085e-06
4.79862923953947e-06
4.82058919347845e-06
4.848989931542094e-06
4.878865985500192e-06
4.910079431078992e-06
4.94190373006823e-06
4.973081567856278e-06
5.003573110355378e-06
5.034448942815342e-06
5.065178572311452e-06
5.0961608587819305e-06
5.127363455123361e-06
5.158715412619142e-06
5.190134008682421e-06
5.221887550441221e-06
5.253724391819395e-06
5.285769652157105e-06
5.317944840643305e-06
5.350401552459378e-06
5.382957710601171e-06
5.415914791442856e-06
5.450425267176779e-06
5.484964013107653e-06
5.519898028029586e-06
5.554800614902836e-06
5.589703325466325e-06
5.624763012140784e-06
5.659895441537036e-06
5.6949930014201334e-06
5.730203873141489e-06
5.765404867167393e-06
5.803596308920502e-06
5.8598253302147385e-06
5.921889077746962e-06
5.991253737172543e-06
6.061559084547098e-06
6.133710267306531e-06
6.206130409378869e-06
6.280562860221321e-06
6.355654065465548e-06
6.43103239899107e-06
6.5063785433157864e-06
6.582122944704436e-06
6.6581359125177214e-06
6.7215595567318165e-06
6.739992282014045e-06
6.745607381930779e-06
6.745282792019957e-06
6.745492491258061e-06
6.744384231785744e-06
6.743498777250692e-06
6.739537078022555e-06
6.709730066405308e-06
6.664112615727708e-06
6.618039367162978e-06
6.571456167771336e-06
6.525205270205366e-06
6.4788537687271345e-06
6.432586135716629e-06
6.386464906251322e-06
6.350031837818127e-06
6.30472660528023e-06
6.256910665933942e-06
6.214379885022516e-06
6.1722340236983315e-06
6.141664623674427e-06
6.1099490591882e-06
6.078055664220766e-06
6.035762004785478e-06
5.985497937272186e-06
5.935617968095752e-06
5.8857656418095e-06
5.835858308442226e-06
5.790368739193596e-06
5.773168971664428e-06
5.748394339581256e-06
5.726064933357e-06
5.7041090482824465e-06
5.705717486998179e-06
5.699369216866693e-06
5.695630897216194e-06
5.6907636810003935e-06
5.68600842438011e-06
5.680967090370549e-06
5.6759416550571215e-06
5.670593619305219e-06
5.665277138653349e-06
5.658322486992504e-06
5.65175196747547e-06
5.645029355443412e-06
5.638188499878452e-06
5.631140436208722e-06
5.623945042554922e-06
5.6166818504780704e-06
5.611621131291856e-06
5.6199687923621784e-06
5.626559916095555e-06
5.634892528943574e-06
5.64278541552616e-06
5.650707915129235e-06
5.6585016900504706e-06
5.666137218808378e-06
5.673689039427242e-06
5.681195044552527e-06
5.688590864593751e-06
5.695932412359711e-06
5.7031085102276175e-06
5.7103307813687735e-06
5.71728253615278e-06
5.725799790957566e-06
5.736598545324336e-06
5.748294968477007e-06
5.754247089281883e-06
5.755201949707301e-06
5.756464521504735e-06
5.751761380169428e-06
5.74147188752862e-06
5.7312306667893105e-06
5.7200005733182664e-06
5.7062860496996005e-06
5.69383380948448e-06
5.679963792334289e-06
5.666651834058929e-06
5.65412366014021e-06
5.644638083197908e-06
5.635835031729964e-06
5.627366828307246e-06
5.619063173222123e-06
5.615298339965323e-06
5.607644037129826e-06
5.601171594868209e-06
5.596785518984877e-06
5.593903302986249e-06
5.591333643939822e-06
5.588948039027224e-06
5.586868460013349e-06
5.591811772591766e-06
5.5983235646851715e-06
5.604230167950163e-06
5.61007206727915e-06
5.609149137748609e-06
5.559315276733598e-06
5.511924499182662e-06
5.466483445023051e-06
5.42243113962913e-06
5.380637907162501e-06
5.339652608922157e-06
5.3000315296829e-06
5.261977014412376e-06
5.225053931601835e-06
5.189625099031699e-06
5.162973986589456e-06
5.158985382014426e-06
5.159199116203547e-06
5.158938145312984e-06
5.1576225036179745e-06
5.157300264432664e-06
5.146269430035227e-06
5.145675233843692e-06
5.1446528211668705e-06
5.144368704768099e-06
5.144457609085614e-06
5.14509334023721e-06
5.146204402815519e-06
5.147798930545288e-06
5.150027818578398e-06
5.152692316017211e-06
5.153597510749523e-06
5.139870114734081e-06
5.126557987751926e-06
5.1134411569525595e-06
5.101150580750938e-06
5.089428728197193e-06
5.078646137488772e-06
5.063134929211132e-06
5.047939467554977e-06
5.035803395093711e-06
5.028648276437166e-06
5.021543342946834e-06
5.0152496152823186e-06
5.009792766458173e-06
5.005189814467208e-06
5.001411611140615e-06
4.998356203440275e-06
4.9962327698106955e-06
4.994982022104485e-06
4.994601310599515e-06
4.99502808643019e-06
4.994429880166923e-06
4.995758927262919e-06
4.998465844407676e-06
5.001934052655851e-06
5.005804496289864e-06
5.010277671057247e-06
5.015296614511997e-06
5.0209265842779525e-06
5.010575790019122e-06
4.9975372410816894e-06
4.985500256797255e-06
4.975318978608494e-06
4.966578194830753e-06
4.95978320194814e-06
4.9545548748068865e-06
4.952193335271252e-06
4.951686819387181e-06
4.951144943883684e-06
4.9408634618850985e-06
4.935948341620219e-06
4.929769900396191e-06
4.923885775061246e-06
4.9201638237876116e-06
4.9175853449850116e-06
4.9168849868115514e-06
4.91743361929567e-06
4.899760203969417e-06
4.880614119509357e-06
4.86343376440856e-06
4.845680789834847e-06
4.830507243532893e-06
4.825060090315871e-06
4.816407702621841e-06
4.810755663670829e-06
4.804811287506958e-06
4.799587428517271e-06
4.803422263099748e-06
4.811098048549773e-06
4.818306607231274e-06
4.825926140030739e-06
4.834087877765819e-06
4.8434276952998305e-06
4.852792466927021e-06
4.861958632350791e-06
4.8715018947485494e-06
4.881011270045294e-06
4.890709689746192e-06
4.900426563070832e-06
4.910413996104172e-06
4.92031869225254e-06
4.930403768255717e-06
4.93918036441561e-06
4.948188126279699e-06
4.957351122653289e-06
4.966511891097201e-06
4.9758073752767765e-06
4.985281127078327e-06
4.994582063880283e-06
5.004359013987441e-06
5.014002405062873e-06
5.022407442542561e-06
5.009520686013226e-06
4.999829660176583e-06
4.98959567389354e-06
4.979586759989153e-06
4.971474104117213e-06
4.963707383268992e-06
4.9559310206976635e-06
4.948388672450622e-06
4.940825886432388e-06
4.933445886747224e-06
4.926050952484365e-06
4.918759503820713e-06
4.911594713769212e-06
4.904683751745023e-06
4.897360504731366e-06
4.8884889556485085e-06
4.8797297692194535e-06
4.871086912029002e-06
4.862683228261192e-06
4.854238289938924e-06
4.846208825924805e-06
4.837936038786557e-06
4.830091939355524e-06
4.822245742150586e-06
4.814665241323957e-06
4.806421666097626e-06
4.7987531564993586e-06
4.790831230914932e-06
4.782834933209065e-06
4.7752598553392956e-06
4.771090661068229e-06
4.767332774124158e-06
4.763402191166612e-06
4.759511240735402e-06
4.7564661386954995e-06
4.758832635158082e-06
4.761923373450115e-06
4.765019689916835e-06
4.770724538494431e-06
4.783113807186355e-06
4.795542508407238e-06
4.806621646047915e-06
4.818092634796504e-06
4.829314635703225e-06
4.840490277038521e-06
4.857154103092683e-06
4.875129099855666e-06
4.893082677990367e-06
4.911136233648668e-06
4.929095364127399e-06
4.947017297936304e-06
4.964835201255245e-06
4.982408701610543e-06
4.995281005896001e-06
5.00962539144902e-06
5.032877065928768e-06
5.058739579800282e-06
5.082173401811979e-06
5.108091850594469e-06
5.134517583120857e-06
5.161075711540813e-06
5.187572131439783e-06
5.214134809293699e-06
5.240631066394198e-06
5.2672550057015615e-06
5.293827364844681e-06
5.320404272576324e-06
5.346971060178405e-06
5.373095441022897e-06
5.396520985811405e-06
5.419096044902971e-06
5.441381068582512e-06
5.463399553807606e-06
5.47479154703957e-06
5.480072418844825e-06
5.485222594673539e-06
5.490169586504131e-06
5.496449573930218e-06
5.505669531754112e-06
5.512409363293632e-06
5.517621986930449e-06
5.518677023095986e-06
5.51839787141967e-06
5.530714237841384e-06
5.5432498187372175e-06
5.555702202439869e-06
5.575135912695873e-06
5.593856654289249e-06
5.612261814278318e-06
5.6303428593073025e-06
5.64299169223566e-06
5.651235912714091e-06
5.659643298510099e-06
5.6678124379236025e-06
5.675547601530021e-06
5.683127312170128e-06
5.69039391682582e-06
5.697343710316972e-06
5.704014114647604e-06
5.710478003259593e-06
5.716777762310874e-06
5.72291447520184e-06
5.732899768530696e-06
5.741492893873926e-06
5.7499289773942966e-06
5.757985533960427e-06
5.765729203634666e-06
5.773104081860398e-06
5.78016013082031e-06
5.785815972402909e-06
5.792013766297057e-06
5.7983785998226225e-06
5.804399662899582e-06
5.808763910007319e-06
5.8122940924161214e-06
5.816058658735588e-06
5.820129224529864e-06
5.824783389993803e-06
5.830584847135085e-06
5.836723677888634e-06
5.842989711581571e-06
5.850621325098694e-06
5.8591561233789235e-06
5.870656415826681e-06
5.883023547097502e-06
5.896364972700492e-06
5.910571317991786e-06
5.9257974430488605e-06
5.937526694821911e-06
5.951229517778744e-06
5.9661951945533555e-06
5.982677649215726e-06
5.994067264975304e-06
6.001303822492453e-06
6.012460140257908e-06
6.023969748754122e-06
6.037365822465585e-06
6.05151137665191e-06
6.067757606869955e-06
6.0854108247809285e-06
6.105015967358809e-06
6.12431366304709e-06
6.132206469799014e-06
6.148759334028675e-06
6.16299406923355e-06
6.178328295997471e-06
6.1933377263539026e-06
6.210894918989137e-06
6.228603592081059e-06
6.248994471743083e-06
6.270759787015384e-06
6.292854799014575e-06
6.313067050047402e-06
6.3286291958162916e-06
6.342256061347288e-06
6.352275223288919e-06
6.362416689901401e-06
6.37162417979239e-06
6.380641728623626e-06
6.3790620144862605e-06
6.371819031292688e-06
6.368815723712162e-06
6.366875926919306e-06
6.365147759774087e-06
6.366107399744847e-06
6.367542722534343e-06
6.36913226986864e-06
6.371319891191528e-06
6.374497085620433e-06
6.375679627322375e-06
6.371953866696898e-06
6.367713431155413e-06
6.364403345388139e-06
6.361773496198381e-06
6.359890607256422e-06
6.3583314085279186e-06
6.357565187929457e-06
6.3574015425974515e-06
6.357690854717266e-06
6.3587370815638266e-06
6.362337278489804e-06
6.36804164155303e-06
6.374202924057219e-06
6.381020410908381e-06
6.388788154978196e-06
6.3971028262324945e-06
6.409379981441038e-06
6.434824810937348e-06
6.4415745888485026e-06
6.447872099643019e-06
6.456593306311151e-06
6.4677381526915976e-06
6.480982019687535e-06
6.496365952786321e-06
6.505727012351451e-06
6.518089991967609e-06
6.53198869741493e-06
6.545139659337059e-06
6.55522974943951e-06
6.566029933624756e-06
6.577634115002616e-06
6.590274798634956e-06
6.6027883642958706e-06
6.605631314584768e-06
6.610596450927674e-06
6.6104174816497705e-06
6.615111449016331e-06
6.620042330665951e-06
6.624028759891194e-06
6.6275835542505694e-06
6.631468459149246e-06
6.646852550480344e-06
6.676861337620678e-06
6.710372061373587e-06
6.745938150295473e-06
6.782917199986522e-06
6.8196673800511955e-06
6.854039160598624e-06
6.890505133134426e-06
6.926608292478863e-06
6.963291737446889e-06
7.000548425663309e-06
7.037962701256726e-06
7.075964716843926e-06
7.110654640599119e-06
7.147478272909046e-06
7.1849085963393975e-06
7.22262405314725e-06
7.261130339378625e-06
7.299841439946677e-06
7.338963308034509e-06
7.378790130597279e-06
7.418593777946615e-06
7.4592829017874954e-06
7.500129914370535e-06
7.541343074492057e-06
7.583235150735335e-06
7.625339630256872e-06
7.668137834845261e-06
7.711116701743571e-06
7.754917028326216e-06
7.798602948998413e-06
7.843332543253558e-06
7.888190323769277e-06
7.933620952778598e-06
7.979430910062057e-06
8.025790291725504e-06
8.072458715202706e-06
8.119844609252315e-06
8.167459776345487e-06
8.21880289314232e-06
8.28120532756885e-06
8.343692957939053e-06
8.405965268964907e-06
8.465366087862139e-06
8.516584525334034e-06
8.575437476022839e-06
8.632327536505886e-06
8.69192866733142e-06
8.75207727286337e-06
8.812999478179525e-06
8.875257669547458e-06
8.938589478891321e-06
9.002508200952972e-06
9.067891591765773e-06
9.133777672950954e-06
9.200678035912403e-06
9.268956622556416e-06
9.338110766616087e-06
9.408329729091499e-06
9.479596277004445e-06
9.551971329331123e-06
9.625082788415953e-06
9.699383417944783e-06
9.774908979693837e-06
9.85125427012179e-06
9.916991327170212e-06
9.966786658572988e-06
1.0021021197311526e-05
1.0078765886823553e-05
1.0133341137561072e-05
1.0184866170601155e-05
1.0239667381426249e-05
1.0289217498727663e-05
1.0339849604865768e-05
1.0389984235814023e-05
1.0441667388445156e-05
1.049385767648722e-05
1.0507272881966047e-05
1.0459920636345236e-05
1.0400740253614446e-05
1.034139072001252e-05
1.0284388224268005e-05
1.0229742456480907e-05
1.017234067281726e-05
1.0110877060016085e-05
1.0048585733308067e-05
9.986202802558325e-06
9.924831601456657e-06
9.86551463386972e-06
9.806798359257585e-06
9.748551521064175e-06
9.690580696978672e-06
9.632794675101204e-06
9.575351928120254e-06
9.5182721062533e-06
9.461237407810116e-06
9.40457406212097e-06
9.348141795073132e-06
9.299440078864717e-06
9.255441940451755e-06
9.201712385612598e-06
9.138336217092702e-06
9.070980498414315e-06
9.002465647047999e-06
8.93322253224854e-06
8.863681695036467e-06
8.794151407059683e-06
8.725992647262872e-06
8.657650231640784e-06
8.58921179604238e-06
8.520848345189344e-06
8.452764131979781e-06
8.3849077714e-06
8.317496137689693e-06
8.250200212696869e-06
8.18332523670026e-06
8.116714096311784e-06
8.050352899843428e-06
7.985537791874129e-06
7.924173047289977e-06
7.863811835705058e-06
7.803927368542049e-06
7.744142977673127e-06
7.684781754179643e-06
7.625617238073777e-06
7.566743341086928e-06
7.50795605138063e-06
7.449565205503674e-06
7.3914622781180265e-06
7.333485357657557e-06
7.275814319495072e-06
7.218302673809658e-06
7.161062591012825e-06
7.104025947443096e-06
7.045552096182795e-06
6.9854645814349e-06
6.925279286563572e-06
6.8654037050525564e-06
6.8093796788292314e-06
6.755922062952096e-06
6.703197671825225e-06
6.65070835313856e-06
6.591521116799252e-06
6.523429075108004e-06
6.452641882983133e-06
6.381563756800371e-06
6.310788867828149e-06
6.24026055240569e-06
6.170185312503681e-06
6.088260731297708e-06
6.0028668255247115e-06
5.916764780655252e-06
5.830938379164689e-06
5.745691646691347e-06
5.660158384023619e-06
5.5749278430257685e-06
5.490261199191382e-06
5.409333317323998e-06
5.3342878514572e-06
5.261109397404055e-06
5.188907747996972e-06
5.117251777855019e-06
5.046165729705122e-06
4.97580608287477e-06
4.905907926856874e-06
4.831558285324136e-06
4.752631317422926e-06
4.688455956752832e-06
4.626347833603369e-06
4.566051359806291e-06
4.506662640157754e-06
4.438255387292164e-06
4.3715550039825185e-06
4.306443926349014e-06
4.243680574300424e-06
4.182966194297338e-06
4.124271069122476e-06
4.067814748448227e-06
4.0134406966248424e-06
3.939984775484259e-06
3.835589544680331e-06
3.727193810052881e-06
3.6316701933102793e-06
3.540408101955412e-06
3.4504643254347764e-06
3.3617397877618807e-06
3.274229598622705e-06
3.1869267683732527e-06
3.1004000875893973e-06
3.014976030672395e-06
2.930766195116348e-06
2.847761481249803e-06
2.772725038764533e-06
2.717329580757173e-06
2.6635504077717783e-06
2.6113909489477688e-06
2.5605090872565162e-06
2.5107905136159276e-06
2.4623371163559445e-06
2.4151572992460254e-06
2.3692502761664123e-06
2.3333119832558413e-06
2.3010268586788866e-06
2.2698178630526346e-06
2.2396063167916067e-06
2.2122563278192804e-06
2.185319440304284e-06
2.159079558687794e-06
2.132734311328617e-06
2.09869386995511e-06
2.0618872836867386e-06
2.0249855621658398e-06
1.989014708128518e-06
1.9543083570608794e-06
1.9199267264672215e-06
1.8856718194533826e-06
1.851748104637534e-06
1.8224292830900203e-06
1.7981197255736963e-06
1.7738363338234995e-06
1.7445451339336932e-06
1.7102302673531708e-06
1.6755279629861565e-06
1.6413529950121097e-06
1.6076006510227018e-06
1.5742498840811292e-06
1.5412976062240537e-06
1.5088494156470235e-06
1.4768417862439607e-06
1.44584243939518e-06
1.4241400677687684e-06
1.4043782344636604e-06
1.3830124047226972e-06
1.3621357819408066e-06
1.3419650413801316e-06
1.322468572668758e-06
1.303779841046347e-06
1.2857617371981473e-06
1.2685587394075712e-06
1.2554716938258883e-06
1.2453065444171093e-06
1.2355640511477279e-06
1.2263297199302742e-06
1.2177028945536094e-06
1.20981251006285e-06
1.2025335271158458e-06
1.1967371254272657e-06
1.1916878945515378e-06
1.1867235484632386e-06
1.1838240369972383e-06
1.1853815201826895e-06
1.1869261094030072e-06
1.1889203957956745e-06
1.1913691074590254e-06
1.194332196794791e-06
1.1979256634039126e-06
1.2019992619243195e-06
1.206659702718347e-06
1.2119566979100445e-06
1.217906120999636e-06
1.2244759855472332e-06
1.2317164103096969e-06
1.2387740423896618e-06
1.245545522841227e-06
1.252972897745257e-06
1.2610554903725973e-06
1.2697929821491657e-06
1.2793061591840795e-06
1.2895039027468665e-06
1.3005512236218546e-06
1.3059298446560689e-06
1.3296587513972827e-06
1.348533947039642e-06
1.3693287544513272e-06
1.3901097429250752e-06
1.4117535451669613e-06
1.4338142476983328e-06
1.4493956906907688e-06
1.4671028872157476e-06
1.4869648031761263e-06
1.505871533968122e-06
1.5261377294830428e-06
1.546617088507082e-06
1.5711743039037898e-06
1.6044337436786751e-06
1.6382021950506963e-06
1.6716613440830134e-06
1.707025121824867e-06
1.7330785770489965e-06
1.7672359580404416e-06
1.795685796508686e-06
1.809194218417988e-06
1.8184799860842307e-06
1.8284733061467496e-06
1.839136733842891e-06
1.8506279793256383e-06
1.8629605355454135e-06
1.8744829627674475e-06
1.8850795047846013e-06
1.896496458921906e-06
1.9091010692230518e-06
1.920872050220233e-06
1.917253279511439e-06
1.9167065810818e-06
1.9162561069754787e-06
1.917281829540976e-06
1.9192486643386125e-06
1.9224026379842177e-06
1.9275728445555784e-06
1.935557659430289e-06
1.94364686514183e-06
1.953466146369486e-06
1.9641772914601524e-06
1.968232469672474e-06
1.9659721930156927e-06
1.965476678157128e-06
1.9655108483785704e-06
1.9665514221086516e-06
1.968527310896539e-06
1.9705014325648915e-06
1.967066058484846e-06
1.9621289070189085e-06
1.958735066747818e-06
1.9560029479846917e-06
1.954377079562863e-06
1.953566324960558e-06
1.9537498206655654e-06
1.954997127582514e-06
1.957164708580307e-06
1.9605037276256306e-06
1.9648281490524235e-06
1.9702887467391646e-06
1.9766637314801486e-06
1.9844279438031853e-06
2.001091036051401e-06
2.017440906905339e-06
2.0352770860890163e-06
2.0509255642773996e-06
2.0515000380956e-06
2.0817531988864526e-06
2.1127342712118303e-06
2.1452585362889792e-06
2.179337182670125e-06
2.213855005483868e-06
2.2407461323357457e-06
2.269017898058587e-06
2.2981192091106142e-06
2.340127636524075e-06
2.376306551309698e-06
2.415260586848651e-06
2.455279327032937e-06
2.4971559286296485e-06
2.5409979903744894e-06
2.5874715210260684e-06
2.617582950839395e-06
2.6392889906842175e-06
2.66478807767299e-06
2.6879431148995164e-06
2.7111016439621107e-06
2.7358278565361316e-06
2.761785816823727e-06
2.7889316842671494e-06
2.817571650187156e-06
2.84742035092202e-06
2.878864210543283e-06
2.910459676217059e-06
2.9378075695259256e-06
2.9683654446862185e-06
3.001567826187289e-06
3.039579400290171e-06
3.078675841950876e-06
3.119151023492426e-06
3.15833844730001e-06
3.201387804702152e-06
3.2474987751242544e-06
3.2962811250000264e-06
3.3599864210933606e-06
3.427719390622309e-06
3.4993074028873967e-06
3.574869479722577e-06
3.653989380504864e-06
3.6291845964667926e-06
3.5814182101123038e-06
3.5359134392283605e-06
3.491683174894561e-06
3.4488270793740303e-06
3.4071559577948565e-06
3.3668157638066543e-06
3.330695792422604e-06
3.2997853498265613e-06
3.2708015449894876e-06
3.2447527282730545e-06
3.221316539483315e-06
3.1985292282811176e-06
3.176900681383732e-06
3.156567553766419e-06
3.092717960353721e-06
3.0199882758980606e-06
2.9497093935296327e-06
2.881317821211355e-06
2.803382417712078e-06
2.7272684907355604e-06
2.6531795984465322e-06
2.5811104185763043e-06
2.4941328495217444e-06
2.3472100176462658e-06
2.1844072518453104e-06
2.081355705969493e-06
1.988519188342409e-06
1.8984384441352487e-06
1.8118731989550457e-06
1.7288772472123387e-06
1.6505027639387711e-06
1.5758111123821646e-06
1.5061752119648703e-06
1.4429177815999668e-06
1.3671977515002939e-06
1.2946730506229385e-06
1.2260671545635031e-06
1.1655740228627913e-06
1.116883843712641e-06
1.0727832015644677e-06
1.034021334753907e-06
1.0020790467428044e-06
9.723185146116048e-07
9.077056148798706e-07
8.145492705209208e-07
7.404779192748123e-07
6.809353379555792e-07
6.375086538626569e-07
6.064082289087679e-07
5.882607270446583e-07
5.831413690326999e-07
5.915140345744334e-07
6.083281927297355e-07
6.349533402566938e-07
6.770154042609622e-07
7.335117973996838e-07
8.02969281732095e-07
8.772369871124047e-07
9.502517457302045e-07
1.0295850054793296e-06
1.1192184339100703e-06
1.2201257334362457e-06
