2.0328526246355493e-06
2.6874779799516758e-06
2.416907446259523e-06
2.516254683713543e-06
2.5449998495518047e-06
2.606336950234483e-06
2.656425293403097e-06
2.7103644173535997e-06
2.7634460714145985e-06
2.8170967435767776e-06
2.8767975112596598e-06
2.940883665030121e-06
3.0033951993033983e-06
3.0552713274541135e-06
3.1082243454407784e-06
3.161407365584249e-06
3.21465930471904e-06
3.2682471590582576e-06
3.3218379661798293e-06
3.3756716390012615e-06
3.4296459756946295e-06
3.4837520521912098e-06
3.5380099473724815e-06
3.5920090766086236e-06
3.6459473816773163e-06
3.7002198359049474e-06
3.7543367609818913e-06
3.8085440824911987e-06
3.862910852175977e-06
3.917283389818132e-06
3.971714911360032e-06
4.026067104312405e-06
4.079335768010758e-06
4.130734665252284e-06
4.184215591534952e-06
4.2360310950779995e-06
4.289272027307546e-06
4.341423040464066e-06
4.394443366520882e-06
4.446846422261175e-06
4.499746888372595e-06
4.552202230573893e-06
4.605040307958986e-06
4.657430551235294e-06
4.710254996862471e-06
4.762238683535377e-06
4.812365193197128e-06
4.869456582679322e-06
4.921310772410001e-06
4.976156578595639e-06
5.028923861234405e-06
5.0826187331232e-06
5.1355852680946965e-06
5.1884982090637334e-06
5.241152474092625e-06
5.293180569928003e-06
5.3446123534857495e-06
5.3768895797844784e-06
5.411141943775103e-06
5.444682885566662e-06
5.478368583410499e-06
5.511399165589295e-06
5.539040319746742e-06
5.56804335499816e-06
5.597312894209039e-06
5.626075694172434e-06
5.650568728269075e-06
5.672013624354184e-06
5.69334773828347e-06
5.71452546870982e-06
5.735821104337188e-06
5.757013579464948e-06
5.778096357579769e-06
5.799209077945977e-06
5.820248774848187e-06
5.8413191213782964e-06
5.862274012761144e-06
5.8797754501314245e-06
5.898134657282804e-06
5.915784502434025e-06
5.933893780961472e-06
5.9517589365990425e-06
5.970743241305105e-06
5.990890334518087e-06
6.0109042616697e-06
6.030938126545604e-06
6.050933388949343e-06
6.071061078075655e-06
6.090963074109825e-06
6.110965184129195e-06
6.130907543329194e-06
6.150766754757028e-06
6.1706417008014625e-06
6.190491763150528e-06
6.210205350720177e-06
6.2294862634590614e-06
6.24752494954868e-06
6.2655292462525666e-06
6.283651223053029e-06
6.3038135185471975e-06
6.3244370257234745e-06
6.3447589493214785e-06
6.365247603878985e-06
6.385477361734144e-06
6.405219332372621e-06
6.424458766938509e-06
6.4435865927721045e-06
6.472945512990787e-06
6.501823506820963e-06
6.531017474772764e-06
6.559832343375097e-06
6.5888873591722045e-06
6.617685430639547e-06
6.643576362515487e-06
6.669246136797152e-06
6.696101837393045e-06
6.724720653696999e-06
6.753217397522255e-06
6.778325128642335e-06
6.80114461128226e-06
6.82384867113371e-06
6.8462389789588975e-06
6.868484254233369e-06
6.890592216547425e-06
6.912454740366482e-06
6.934144334669183e-06
6.955133365414218e-06
6.967818788887992e-06
6.977266086826665e-06
6.987620366917846e-06
6.998064971197144e-06
7.008244346755449e-06
7.01845373208071e-06
7.029107123499588e-06
7.040070944404101e-06
7.050834393905137e-06
7.061571967357383e-06
7.072097261081862e-06
7.082571812747358e-06
7.092827882967167e-06
7.103095073250336e-06
7.113224410895157e-06
7.123256435875304e-06
7.133208420027425e-06
7.14305446445934e-06
7.1527489901731075e-06
7.1623065474780435e-06
7.1718769384542255e-06
7.1812268522007785e-06
7.190473330181856e-06
7.199648354304648e-06
7.208748407835336e-06
7.2176748484634166e-06
7.226604276791411e-06
7.2353470012258416e-06
7.243957718598434e-06
7.252452570744763e-06
7.260849905457115e-06
7.269153066103415e-06
7.277960530253378e-06
7.287495393239395e-06
7.2968560270153036e-06
7.306035626151174e-06
7.315168640428174e-06
7.324085089088518e-06
7.330844238479279e-06
7.336044093250368e-06
7.3407544910240535e-06
7.346743067464513e-06
7.354282842908399e-06
7.362066125331354e-06
7.369662275645269e-06
7.3756130124305176e-06
7.37915778202579e-06
7.3821841558463905e-06
7.384986019809591e-06
7.387627520109805e-06
7.383879280337782e-06
7.35930274903713e-06
7.336153701485501e-06
7.312557927512283e-06
7.288937596766182e-06
7.265340571759011e-06
7.241613730671841e-06
7.217866857672788e-06
7.19402557983405e-06
7.170098889788957e-06
7.144401441122505e-06
7.116688453330263e-06
7.088730299780318e-06
7.06234709320497e-06
7.0366339880179916e-06
7.010266365515921e-06
6.983733657155519e-06
6.957149368631771e-06
6.930530525750329e-06
6.903865050940205e-06
6.8772183410945606e-06
6.8504982048774115e-06
6.823702485613674e-06
6.796840234306045e-06
6.770124130177172e-06
6.74323260790781e-06
6.716338611499247e-06
6.689384108474749e-06
6.662491430319098e-06
6.63562282699335e-06
6.6085826731881394e-06
6.581645081472762e-06
6.554714291323839e-06
6.5276255385581906e-06
6.500599772638267e-06
6.4736009593396584e-06
6.446374497673933e-06
6.413958790149259e-06
6.381378314928958e-06
6.3489854088238566e-06
6.316826974258539e-06
6.284937024854065e-06
6.253288912079327e-06
6.221826407405422e-06
6.190543282945175e-06
6.159600306888296e-06
6.128791170874496e-06
6.098312728682534e-06
6.056351375404756e-06
6.011313248656727e-06
5.962720620605426e-06
5.913931469903472e-06
5.8651888594620985e-06
5.816707243543164e-06
5.7684192943202805e-06
5.720395774631387e-06
5.6795370110639714e-06
5.641226070003651e-06
5.6034479003836645e-06
5.565799813458776e-06
5.528374299602989e-06
5.491109303130006e-06
5.453836827034864e-06
5.41896640171474e-06
5.384371625286935e-06
5.3624309655586065e-06
5.340834937320604e-06
5.319780331529798e-06
5.298833987335333e-06
5.284876049076486e-06
5.306605665043314e-06
5.333262635998268e-06
5.3611771383480334e-06
5.389119299861057e-06
5.417238714382535e-06
5.445344768180796e-06
5.473496045990691e-06
5.501652756614019e-06
5.529802317620202e-06
5.557990011727164e-06
5.586309789603844e-06
5.61450571124541e-06
5.64279827412139e-06
5.670354117336523e-06
5.6913484039572145e-06
5.711811478653249e-06
5.731784398734225e-06
5.75184187831578e-06
5.771757259497241e-06
5.791734341315357e-06
5.811584670265384e-06
5.831508031316282e-06
5.851307914179445e-06
5.87122572860372e-06
5.890943117226975e-06
5.910784070160094e-06
5.93047357050186e-06
5.950146401848144e-06
5.96988511314079e-06
5.989462688384332e-06
6.0083959165762974e-06
6.023457994215759e-06
6.0360431080396526e-06
6.047090765817112e-06
6.057467626961297e-06
6.067648485902248e-06
6.077893082849012e-06
6.059169412765539e-06
6.025993635139345e-06
5.994633618133722e-06
5.963754931322833e-06
5.933184774799501e-06
5.90407262429837e-06
5.876778844557901e-06
5.849201070241291e-06
5.82228669401036e-06
5.795609635089248e-06
5.7697618869802715e-06
5.7444148829310095e-06
5.720116714460099e-06
5.695531924931043e-06
5.671472691653074e-06
5.644957768453867e-06
5.6129972447113985e-06
5.582597420557909e-06
5.552504595531202e-06
5.522938981445194e-06
5.493774407994814e-06
5.463118972649856e-06
5.433306758297029e-06
5.40394430517485e-06
5.37498801871031e-06
5.346415626734997e-06
5.318297781612507e-06
5.290577498024607e-06
5.263323473632746e-06
5.236386612406686e-06
5.209907820133717e-06
5.183929221997412e-06
5.1617053279088515e-06
5.141995208681334e-06
5.121989681575206e-06
5.102432935961522e-06
5.083427467354635e-06
5.06497708342158e-06
5.04675858340553e-06
5.029242671892582e-06
5.011984890860072e-06
4.9953827586091005e-06
4.980790541299157e-06
4.9667326243939355e-06
4.953068246356961e-06
4.947279936679207e-06
4.94507851276716e-06
4.942945441662334e-06
4.941116934871675e-06
4.939299151923672e-06
4.937827223949563e-06
4.936472509483908e-06
4.9352537595141215e-06
4.936585061052902e-06
4.943385952924819e-06
4.950062035284557e-06
4.95685209612948e-06
4.963842858320694e-06
4.9708431069684265e-06
4.978037291655773e-06
4.985472587763271e-06
4.992968348369891e-06
5.000591321006833e-06
5.008465017488684e-06
5.0164126516604945e-06
5.024553927887883e-06
5.032934495228828e-06
5.041316719135124e-06
5.0510367830363315e-06
5.0606783654585894e-06
5.070326992078533e-06
5.080099410651967e-06
5.090256571112767e-06
5.100388659612442e-06
5.111011458939445e-06
5.121425143252429e-06
5.132419328029083e-06
5.143447911988577e-06
5.15458896606801e-06
5.166142116671028e-06
5.177720397127327e-06
5.189516294433404e-06
5.202323474431008e-06
5.219632887922004e-06
5.2334921098892635e-06
5.238187338422316e-06
5.242960107304169e-06
5.247786760179119e-06
5.252848405820985e-06
5.258364518819904e-06
5.249714074161448e-06
5.225018773185732e-06
5.199651664270269e-06
5.176152000456969e-06
5.150952854337669e-06
5.1315281193076415e-06
5.111531472476608e-06
5.0928716592604836e-06
5.074891948886503e-06
5.057834651739337e-06
5.041646908717197e-06
5.0262110466144215e-06
5.0117388585882525e-06
4.997989012670862e-06
4.9851749539737756e-06
4.973089335721064e-06
4.960776031326382e-06
4.949803405608348e-06
4.939541918000208e-06
4.929988848624251e-06
4.921401231238091e-06
4.9136934005508855e-06
4.9067848843568516e-06
4.9007079052865e-06
4.895437757165881e-06
4.891169960781619e-06
4.891943329395998e-06
4.893037645263686e-06
4.894907627700623e-06
4.8948465186386956e-06
4.896370165101899e-06
4.8984688864563345e-06
4.90145196821006e-06
4.905139196904633e-06
4.909814964964952e-06
4.915556548061346e-06
4.9221380246389726e-06
4.92970152813156e-06
4.917616267807013e-06
4.912252594916382e-06
4.9047458663847986e-06
4.899318239822194e-06
4.893793655687217e-06
4.889349410190736e-06
4.8897662949352e-06
4.8947701391843935e-06
4.898631680745764e-06
4.903798978077138e-06
4.909169579788914e-06
4.915377648697405e-06
4.9224641128334475e-06
4.930215282308185e-06
4.938597223839613e-06
4.94244054471712e-06
4.9400793964160776e-06
4.941654861535019e-06
4.942106910808688e-06
4.939975011115349e-06
4.939782098677633e-06
4.939708216709387e-06
4.940103988454567e-06
4.9403900535421405e-06
4.941402005721739e-06
4.9420768343569025e-06
4.943396939980173e-06
4.944869568190656e-06
4.9463133735747835e-06
4.948338706929898e-06
4.954292599386144e-06
4.961851731361069e-06
4.9685606266492764e-06
4.97527831876191e-06
4.9820912397982085e-06
4.988889869524884e-06
4.998635715781954e-06
5.008241148166287e-06
5.017784604756086e-06
5.02767960260764e-06
5.037477738233853e-06
5.02899176032752e-06
5.025887161201026e-06
5.021252780858938e-06
5.017121126514849e-06
5.012776627810696e-06
5.0086326549904185e-06
5.00282018533615e-06
4.99634986251298e-06
4.990126513108711e-06
4.983935700923011e-06
4.977788996386269e-06
4.971685037397405e-06
4.965477678571032e-06
4.959578000794287e-06
4.953429241952138e-06
4.9475688912629756e-06
4.941601984575153e-06
4.937948457904964e-06
4.9366621708186754e-06
4.93597507348649e-06
4.935386856701003e-06
4.934906093064673e-06
4.9345628318981545e-06
4.934136724314587e-06
4.933810184083928e-06
4.933534113756573e-06
4.933230516432904e-06
4.933055212402939e-06
4.932736860081027e-06
4.932560088263412e-06
4.932441974990474e-06
4.932296441334307e-06
4.932165189476469e-06
4.932101232774304e-06
4.932108203236799e-06
4.932009677202049e-06
4.932065744304101e-06
4.931995764271204e-06
4.9320304274854565e-06
4.932262634543541e-06
4.931986645500904e-06
4.9305637189022525e-06
4.9309698735084885e-06
4.931160903971405e-06
4.9318411718111386e-06
4.932384773419647e-06
4.933233839532475e-06
4.935438620534228e-06
4.940006055349974e-06
4.945329342399094e-06
4.9522145621002174e-06
4.962022264221573e-06
4.971857149228663e-06
4.982126363776558e-06
4.992683146504416e-06
5.003414085255945e-06
5.014458465339034e-06
5.025767399692227e-06
5.039318717838528e-06
5.0531904496557066e-06
5.066112966967541e-06
5.0776212933186135e-06
5.0892108316221604e-06
5.100720837545821e-06
5.112327350892074e-06
5.123894939740431e-06
5.136411939688997e-06
5.149496461136319e-06
5.162938250855709e-06
5.176047532333232e-06
5.189425028120222e-06
5.2043998965221096e-06
5.218603260686791e-06
5.231839666998392e-06
5.247653286250613e-06
5.263799967416284e-06
5.280561648215099e-06
5.29721479251002e-06
5.313974322673944e-06
5.319999553068339e-06
5.330153607034521e-06
5.338773026650348e-06
5.347951663560596e-06
5.356982825810937e-06
5.3662405487878445e-06
5.37386477848455e-06
5.381072328804524e-06
5.388356645534405e-06
5.395723187125898e-06
5.403053641046876e-06
5.410407200397236e-06
5.417925522681494e-06
5.425423834750155e-06
5.432261848935927e-06
5.440838225304558e-06
5.451404564515991e-06
5.460674770736664e-06
5.47015724949273e-06
5.479476045124117e-06
5.488582148618516e-06
5.4975951951704045e-06
5.506259879060513e-06
5.514872415947387e-06
5.523341142415136e-06
5.531680694300417e-06
5.539818728470113e-06
5.545422269125194e-06
5.555919852960567e-06
5.566430475778273e-06
5.5688561483016995e-06
5.569923845244561e-06
5.570564088764916e-06
5.5679942761346646e-06
5.5651101140496865e-06
5.562406875288666e-06
5.559520135976992e-06
5.556591582401068e-06
5.553907051742676e-06
5.55112428645933e-06
5.548497059682876e-06
5.54594176964353e-06
5.548419201042109e-06
5.551555048107217e-06
5.554485428331866e-06
5.557192285611906e-06
5.5598757866646345e-06
5.562280873834884e-06
5.564726034827127e-06
5.567199568133216e-06
5.569371672463793e-06
5.571476647233162e-06
5.573656981668826e-06
5.575731770712719e-06
5.577608325355753e-06
5.579590033215008e-06
5.581453190204069e-06
5.583295765207544e-06
5.585140139817531e-06
5.588827212430045e-06
5.591633519495439e-06
5.594366907357165e-06
5.596760030850058e-06
5.59907024962816e-06
5.601311136224513e-06
5.604977677912145e-06
5.609095352213045e-06
5.6128853724812155e-06
5.616300434756837e-06
5.620134743353466e-06
5.627193511604126e-06
5.63287740524345e-06
5.638736346111229e-06
5.644526550221263e-06
5.649634969984999e-06
5.653806449931512e-06
5.656589368586766e-06
5.659078366947016e-06
5.6619308558005086e-06
5.66476553148811e-06
5.667902264308638e-06
5.6711990585688095e-06
5.674759934032191e-06
5.678470533225112e-06
5.682497503768458e-06
5.686621697652247e-06
5.6910144434565095e-06
5.695737572831744e-06
5.700491251499993e-06
5.705913163156808e-06
5.710794973876488e-06
5.71487707064806e-06
5.719532953047363e-06
5.724791507368421e-06
5.730603975646182e-06
5.736875904074107e-06
5.743789888561017e-06
5.75117136656475e-06
5.759232457519395e-06
5.767837065606122e-06
5.7770400210728255e-06
5.784433778229842e-06
5.793093443742226e-06
5.802247410025629e-06
5.812196674886449e-06
5.8227442066017794e-06
5.8339827222231646e-06
5.845925396900734e-06
5.858800962467163e-06
5.8721663476743656e-06
5.8866676147531406e-06
5.9016879290020374e-06
5.917530452826467e-06
5.93441828746912e-06
5.951828448770974e-06
5.968065817370005e-06
5.979208415512624e-06
5.993843391350183e-06
6.008526507255401e-06
6.024294508755347e-06
6.042107012819319e-06
6.059676018852724e-06
6.078413294193589e-06
6.098041621251511e-06
6.118888488494236e-06
6.140439688582256e-06
6.161226787477557e-06
6.178955141037859e-06
6.198022870765101e-06
6.205317636547627e-06
6.220026913132156e-06
6.233975500723147e-06
6.250408617977067e-06
6.266890613154039e-06
6.284003629103315e-06
6.298614849981224e-06
6.307467933677939e-06
6.3139724359906915e-06
6.322257513590091e-06
6.3299743509503835e-06
6.337960409485764e-06
6.3461867369222305e-06
6.354755879077325e-06
6.360459959216407e-06
6.359011654001206e-06
6.3588179378807205e-06
6.358428299128367e-06
6.358634776792744e-06
6.3592486473414475e-06
6.3603567331740845e-06
6.362259891502797e-06
6.36474418424807e-06
6.36668466621993e-06
6.363146739856053e-06
6.359783875119063e-06
6.357568808326334e-06
6.355278307594487e-06
6.353604089553183e-06
6.352607732168206e-06
6.351862594553712e-06
6.351657762331576e-06
6.3517477516842415e-06
6.351271697249874e-06
6.349812156258141e-06
6.3468602018174276e-06
6.344738579782469e-06
6.342943587507642e-06
6.341280809176785e-06
6.339237746880078e-06
6.337385503854894e-06
6.335836538214849e-06
6.3345863113515766e-06
6.333616340936394e-06
6.3329140451216695e-06
6.332363160792299e-06
6.3318818559955545e-06
6.3319332062788295e-06
6.332202221081111e-06
6.3325977317351954e-06
6.33325776448966e-06
6.334260218056718e-06
6.330058311226704e-06
6.315043933888907e-06
6.297850616789233e-06
6.282345818788272e-06
6.267172521855772e-06
6.251102028516313e-06
6.252913567494279e-06
6.259738749144494e-06
6.264257107984373e-06
6.269882937539785e-06
6.275337666173361e-06
6.280977137723782e-06
6.2867501970955675e-06
6.292669471209182e-06
6.29851782902808e-06
6.303677290884602e-06
6.306761091386476e-06
6.31109583705934e-06
6.315220554253901e-06
6.319034096416419e-06
6.322076881038064e-06
6.322718494812566e-06
6.324060190330542e-06
6.3261207678301845e-06
6.32821064148827e-06
6.3297257318686424e-06
6.331633747142086e-06
6.333156165934073e-06
6.335009160318222e-06
6.336738616671936e-06
6.3383347855752025e-06
6.340243986779619e-06
6.3420345890606344e-06
6.343755557915071e-06
6.343547125909457e-06
6.343959064067446e-06
6.344877642876916e-06
6.357053487552725e-06
6.364084248631307e-06
6.372643777254146e-06
6.380794305808132e-06
6.38913896430422e-06
6.397352170186662e-06
6.4056107513741775e-06
6.414042352534318e-06
6.422260594269552e-06
6.430741752390375e-06
6.439038858022257e-06
6.447507454375683e-06
6.455936592594901e-06
6.464544717006611e-06
6.47289277249847e-06
6.481594125537807e-06
6.490134936644131e-06
6.498697435539624e-06
6.507469373609805e-06
6.523699633947531e-06
6.542169061211584e-06
6.559229580539935e-06
6.577117852130001e-06
6.5947684150310804e-06
6.614803958761604e-06
6.63478034207461e-06
6.65526152262474e-06
6.6756741988653e-06
6.696598103441968e-06
6.717439105723669e-06
6.738566742424399e-06
6.759992101770844e-06
6.781472618653853e-06
6.803170641797519e-06
6.8250265520037274e-06
6.847092022333665e-06
6.8694271358969805e-06
6.891788349841584e-06
6.914374251326072e-06
6.937172705645259e-06
6.960184294487658e-06
6.983472530389397e-06
7.006627492245035e-06
7.030347896521653e-06
7.054099177380984e-06
7.0780211844732166e-06
7.1021432173354036e-06
7.126633625569243e-06
7.150951005109912e-06
7.1751776636121925e-06
7.205863787983196e-06
7.241176690949553e-06
7.278114464154191e-06
7.315349379895621e-06
7.35366677858266e-06
7.391882519979125e-06
7.430943345356633e-06
7.469997980833226e-06
7.5098683059781464e-06
7.549527339408015e-06
7.589962252625138e-06
7.630739406083087e-06
7.671660823322906e-06
7.713131891424705e-06
7.75467948923105e-06
7.79682659498112e-06
7.839175334551019e-06
7.881963061422735e-06
7.925102421563062e-06
7.968466198821171e-06
8.012304768900423e-06
8.056478330322664e-06
8.100884862928888e-06
8.145884911410711e-06
8.190899634598955e-06
8.23650200659482e-06
8.257151337393549e-06
8.283145097267736e-06
8.309164979666028e-06
8.343381966582508e-06
8.373915075717595e-06
8.407795906198308e-06
8.440351288242595e-06
8.474231121050697e-06
8.508175534503032e-06
8.542897981665301e-06
8.574687804779258e-06
8.604295619435646e-06
8.636546947971706e-06
8.668076004984842e-06
8.700772084038431e-06
8.733734253679685e-06
8.76597593255222e-06
8.790873381247245e-06
8.812665498342553e-06
8.833623663380869e-06
8.85408427746697e-06
8.874563945197029e-06
8.895416801803397e-06
8.915971806572434e-06
8.937095380285707e-06
8.958204084737189e-06
8.979750384159547e-06
9.001253883627846e-06
9.023191423026266e-06
9.045102439289694e-06
9.061535165200651e-06
9.073610109010762e-06
9.087354873405668e-06
9.100921799855892e-06
9.114884327146365e-06
9.128201536509188e-06
9.139724103827973e-06
9.152135131047644e-06
9.164500201193273e-06
9.14892936913281e-06
9.112390280135817e-06
9.072535801245503e-06
9.032614310372906e-06
9.001603189298325e-06
8.971710862955923e-06
8.941727640317821e-06
8.911819311736023e-06
8.881955843632861e-06
8.852186224858404e-06
8.809894785202089e-06
8.761598443946609e-06
8.71132864224337e-06
8.661175110725359e-06
8.611211859879777e-06
8.559113678766677e-06
8.50478071447478e-06
8.447104383819251e-06
8.388529230925476e-06
8.330469032018263e-06
8.272737034225717e-06
8.215512571380012e-06
8.158389120422352e-06
8.101656236042118e-06
8.04504815041859e-06
7.988762596124478e-06
7.932580039238908e-06
7.87612899979882e-06
7.819250720488622e-06
7.762780120786405e-06
7.706635901904522e-06
7.650854376678632e-06
7.59540465697699e-06
7.540148476041014e-06
7.48531648076934e-06
7.434124928875103e-06
7.3836091776587854e-06
7.333239642350499e-06
7.283240472633484e-06
7.233569817641102e-06
7.1839737513137574e-06
7.1347483571143855e-06
7.085890787568934e-06
7.037214240486436e-06
6.988820221201798e-06
6.940796033912831e-06
6.892948199790731e-06
6.845504589862803e-06
6.7982216092865745e-06
6.751336285472784e-06
6.704582593630452e-06
6.6580954573329235e-06
6.611880693170892e-06
6.566077687701492e-06
6.520369189462828e-06
6.475009375482395e-06
6.429924051148672e-06
6.385069141336776e-06
6.340499114151231e-06
6.291952644943535e-06
6.232545418171081e-06
6.171406875626454e-06
6.110191227905002e-06
6.049290982521724e-06
5.9889698878404095e-06
5.929071498011556e-06
5.871240734818526e-06
5.816202344432937e-06
5.761703644883401e-06
5.7035268302250616e-06
5.645021114402234e-06
5.586592922492978e-06
5.528554273970798e-06
5.470759833690492e-06
5.413488231304436e-06
5.356607281716333e-06
5.300044842296983e-06
5.243950435989531e-06
5.188298648769531e-06
5.1342508701486644e-06
5.084642680614611e-06
5.035041318080897e-06
4.9860924565009685e-06
4.9374299014541845e-06
4.8891783254582395e-06
4.841308495278576e-06
4.793834846639201e-06
4.746709802229259e-06
4.699987528902509e-06
4.652455614257964e-06
4.602626356856403e-06
4.556147986595713e-06
4.5079780863335745e-06
4.4602083900527365e-06
4.412760130873348e-06
4.36608151351065e-06
4.319852752405025e-06
4.274027576020782e-06
4.228812129000482e-06
4.186278405385154e-06
4.147073142131043e-06
4.109527588616264e-06
4.077777602559453e-06
4.04792331802931e-06
4.0186732044226906e-06
3.989740896879652e-06
3.9609707318834635e-06
3.932766085817549e-06
3.9047115477932935e-06
3.877086961522006e-06
3.849688026520779e-06
3.8225833055743836e-06
3.7958893536830763e-06
3.7693714569517017e-06
3.7432658010194014e-06
3.717449568193327e-06
3.689183912887888e-06
3.6495229530532133e-06
3.5918034795005855e-06
3.547922475005732e-06
3.508926188640555e-06
3.468857527507924e-06
3.429115417870419e-06
3.389529156240547e-06
3.3501333170549826e-06
3.310900918546983e-06
3.2717866997221124e-06
3.2329246887154025e-06
3.1942334111449617e-06
3.1556430912976745e-06
3.117241478748646e-06
3.0791021142627193e-06
3.0410799350690088e-06
3.003258024878602e-06
