1.038290237310656e-06
3.0949159740965253e-06
3.1597925154616476e-06
3.2504622359003685e-06
3.33494439256397e-06
3.420459434130064e-06
3.485821626653193e-06
3.55206994049587e-06
3.6184565852519234e-06
3.684850304709216e-06
3.7514055439830902e-06
3.817944814579111e-06
3.884572342826693e-06
3.951232624165276e-06
4.0178721241360955e-06
4.071445794257769e-06
4.078019612673942e-06
4.071799256548829e-06
4.058996157329593e-06
4.040156240357334e-06
4.020441376433604e-06
3.998155296874926e-06
3.9716039009826704e-06
3.949008219855303e-06
3.931074552290096e-06
3.914773036386252e-06
3.900520299394675e-06
3.873117709680057e-06
3.835851912370496e-06
3.797478427580997e-06
3.7591906473623035e-06
3.7198842291915146e-06
3.6738204415665463e-06
3.63051366584201e-06
3.58660075231614e-06
3.544674413628466e-06
3.5032743313381467e-06
3.4634177442637188e-06
3.4244706247757968e-06
3.3866805768867782e-06
3.3498134431831576e-06
3.313988169105689e-06
3.279028509732422e-06
3.245898503476677e-06
3.2138817896053526e-06
3.1828973669914136e-06
3.152753407348048e-06
3.1229395809083414e-06
3.091720224656748e-06
3.06190994734463e-06
3.036179688789417e-06
3.029492530349811e-06
3.0305185153995725e-06
3.032453285891926e-06
3.034969759104184e-06
3.0375534005596905e-06
3.0401577881486444e-06
3.0428301772734735e-06
3.045422699100518e-06
3.0480286711751607e-06
3.0478569235812384e-06
3.0470781949395157e-06
3.0479464534464896e-06
3.048862710713522e-06
3.0498197891519413e-06
3.0499146213116376e-06
3.0496558416413335e-06
3.048894693679968e-06
3.0479974738453507e-06
3.046956463371681e-06
3.045875220765437e-06
3.044657954037146e-06
3.0433948223210657e-06
3.0419349431803806e-06
3.0404556040648643e-06
3.0378604961200246e-06
3.0542034614268886e-06
3.076651993059953e-06
3.104556748692736e-06
3.131688392420182e-06
3.160761277746298e-06
3.1888527384451e-06
3.2183134020731933e-06
3.2485600093089733e-06
3.283000862239919e-06
3.31948688388888e-06
3.3550066740441553e-06
3.3914705176266427e-06
3.4281949477014073e-06
3.4654033940103975e-06
3.5006459281677775e-06
3.536618574543851e-06
3.5725597190374833e-06
3.6082100445836354e-06
3.6411573707370873e-06
3.6736712543462004e-06
3.7060214439597855e-06
3.7385966003357952e-06
3.771403453570576e-06
3.8045342835394784e-06
3.85019076803998e-06
3.903366154047735e-06
3.959465063839139e-06
4.018333697797241e-06
4.103547209507739e-06
4.196832460139245e-06
4.294707354471628e-06
4.397554658831849e-06
4.507291220890177e-06
4.619724531312058e-06
4.734285981170537e-06
4.855608091455749e-06
4.977292199295226e-06
5.1128773871587586e-06
5.245080860981859e-06
5.3491754156873425e-06
5.471776185918841e-06
5.599464478567606e-06
5.729661157160291e-06
5.851361976036727e-06
5.974129880619896e-06
6.097066835500985e-06
6.2210880428836596e-06
6.345959112790688e-06
6.471748002858672e-06
6.602924089543347e-06
6.731162098556614e-06
6.801115774997975e-06
6.865654800114835e-06
6.921512960087865e-06
6.975205300970455e-06
6.988700714385285e-06
6.911607169885455e-06
6.84097324898699e-06
6.767724469625139e-06
6.715388075488841e-06
6.66023511118876e-06
6.635243121214899e-06
6.604686415564461e-06
6.5748451654921765e-06
6.544397805050033e-06
6.5131939743141265e-06
6.4756015932809215e-06
6.437432820155753e-06
6.399140649657365e-06
6.360794884081671e-06
6.32228080402986e-06
6.283583851447942e-06
6.243179661489046e-06
6.2005110695159985e-06
6.157826486218531e-06
6.115074772983095e-06
6.072393860139692e-06
6.029836876890033e-06
5.9873426671392795e-06
5.9627959090095175e-06
5.940646677378932e-06
5.919247751371047e-06
5.89773693850589e-06
5.8782878084659434e-06
5.862781323821099e-06
5.849258559423936e-06
5.833525350209785e-06
5.818457507195905e-06
5.8031614518035e-06
5.788078568824269e-06
5.773154843461192e-06
5.758238793819904e-06
5.741980589491143e-06
5.722338422147138e-06
5.70199585613173e-06
5.6819183930286914e-06
5.659712969495035e-06
5.639814148578544e-06
5.625544876950326e-06
5.603136233685646e-06
5.5773170884960006e-06
5.551583097050168e-06
5.526070574526179e-06
5.498678193707822e-06
5.4714899801039256e-06
5.451229437564261e-06
5.431295766655074e-06
5.411824866921863e-06
5.393576693824069e-06
5.3785960696759345e-06
5.364120749766671e-06
5.350262323947054e-06
5.337439191840906e-06
5.325313608471759e-06
5.3140139189655635e-06
5.303664226920663e-06
5.294068587337418e-06
5.285284769737249e-06
5.277499313667998e-06
5.27044171112217e-06
5.264417035490066e-06
5.258893588919026e-06
5.270376971636381e-06
5.289485817896453e-06
5.3101342836623325e-06
5.331535549801631e-06
5.353307150606203e-06
5.383217681031704e-06
5.427066676534081e-06
5.463352428294151e-06
5.403651882590989e-06
5.356308383937371e-06
5.309926948086205e-06
5.2654816538896074e-06
5.2227558064818e-06
5.18193533199662e-06
5.142892381105206e-06
5.105806135082506e-06
5.070550783352981e-06
5.042591408918584e-06
5.017877150602545e-06
4.99474852544734e-06
4.973998459371723e-06
4.955358788916675e-06
4.92786636222821e-06
4.904848287329556e-06
4.8837408962353435e-06
4.8580888858139245e-06
4.8282291819932e-06
4.8020210495852925e-06
4.781358898567005e-06
4.767431398295749e-06
4.757860656126383e-06
4.7499270555575125e-06
4.743361341438237e-06
4.739641312421873e-06
4.738276411664186e-06
4.738450916203735e-06
4.739425789042146e-06
4.741310481721313e-06
4.743989806300848e-06
4.747577436574821e-06
4.752722990495292e-06
4.760174096456294e-06
4.768040992178657e-06
4.775056162050265e-06
4.7746834140657335e-06
4.769375544089135e-06
4.765214425088196e-06
4.762881214336146e-06
4.779680968078064e-06
4.79622740812705e-06
4.790425601818581e-06
4.791575255649091e-06
4.793536507241111e-06
4.803655580555668e-06
4.806656783850444e-06
4.813517388326963e-06
4.818896272159878e-06
4.825197327793832e-06
4.8311786728423964e-06
4.837727190006896e-06
4.844217051061065e-06
4.850911571959781e-06
4.85797112645586e-06
4.865069448137624e-06
4.8722290460587776e-06
4.8799024703214206e-06
4.887380900201042e-06
4.895822457554861e-06
4.904881959163577e-06
4.913851790201646e-06
4.923345682709097e-06
4.932771111426818e-06
4.942643024117276e-06
4.952533368179045e-06
4.962842990397508e-06
4.973343215590665e-06
4.983926541514275e-06
4.994885096436626e-06
5.006029817915213e-06
5.00408516442069e-06
4.99451111787109e-06
4.987688954195926e-06
4.980257374386916e-06
4.973271020352444e-06
4.965964129545422e-06
4.959223873742541e-06
4.952385131668357e-06
4.945934977673616e-06
4.939721811173245e-06
4.936253900518652e-06
4.93352010462874e-06
4.930859821660672e-06
4.92804065417465e-06
4.9213767873658045e-06
4.916048941423106e-06
4.91179326592221e-06
4.911424229705237e-06
4.910489365056339e-06
4.910036154170851e-06
4.909668242965371e-06
4.915818099056064e-06
4.923399746141275e-06
4.927611283116393e-06
4.930491157790312e-06
4.935217120941713e-06
4.9397999486409786e-06
4.956027048488663e-06
4.969961545406307e-06
4.988649878122067e-06
5.006758162279335e-06
5.024405849235517e-06
5.036267796857646e-06
5.051252959863709e-06
5.065736610928593e-06
5.085269890674911e-06
5.110885857744924e-06
5.133919483576267e-06
5.1572656489218984e-06
5.180345789153941e-06
5.2031271525466e-06
5.22571113698643e-06
5.2472624887441625e-06
5.255128296594227e-06
5.266365576046663e-06
5.281420741624749e-06
5.306157942775601e-06
5.327977505751204e-06
5.348368394696675e-06
5.372662525227157e-06
5.396827680980058e-06
5.420924263515696e-06
5.444775015434835e-06
5.468421710312799e-06
5.491796693783542e-06
5.514855031476639e-06
5.537946334091842e-06
5.560438741109801e-06
5.582949187271441e-06
5.605030633446504e-06
5.626864649668496e-06
5.648523635552959e-06
5.669939391618865e-06
5.690961287980394e-06
5.711668061903754e-06
5.731648008714181e-06
5.7288918481792715e-06
5.72270427745819e-06
5.741027178221477e-06
5.7578099978734205e-06
5.7745523166162275e-06
5.7907297941857736e-06
5.806746215833031e-06
5.822535314556535e-06
5.837799177456672e-06
5.852979944236917e-06
5.867961011221934e-06
5.882474274308358e-06
5.897216833498453e-06
5.918163354529032e-06
5.925550492088592e-06
5.93670836791916e-06
5.949264049789551e-06
5.960597804648909e-06
5.971411466508799e-06
5.983137723842251e-06
5.995816975222371e-06
6.0044284160414845e-06
6.005192992488296e-06
6.00517257170376e-06
6.007440886924346e-06
6.013586940481364e-06
6.02143095642756e-06
6.029184568278391e-06
6.03869364634115e-06
6.04870874687913e-06
6.058899813351255e-06
6.065222981618717e-06
6.069492307912114e-06
6.0799285505499264e-06
6.093359812638994e-06
6.10700673489208e-06
6.1226515219567725e-06
6.139358505986574e-06
6.152447555949219e-06
6.158475460133843e-06
6.156440738082397e-06
6.161333971652167e-06
6.165531761837963e-06
6.171469209839156e-06
6.180120251150699e-06
6.190157562521192e-06
6.202169697126036e-06
6.216124909069289e-06
6.2299020231767695e-06
6.243557183182278e-06
6.26140011905234e-06
6.274318005819297e-06
6.284701388616607e-06
6.293996674547221e-06
6.3062171286293245e-06
6.3172058237768985e-06
6.3265769420193e-06
6.337186801318836e-06
6.348287027802896e-06
6.360218702338448e-06
6.371624686631412e-06
6.362371789835165e-06
6.358105253376052e-06
6.35427635090542e-06
6.351321845354307e-06
6.348877677674707e-06
6.347366292955872e-06
6.34594622784116e-06
6.339357276110538e-06
6.333618765804733e-06
6.329363592426488e-06
6.329693621200988e-06
6.330373959704964e-06
6.332263859103235e-06
6.334797865745604e-06
6.343135125015627e-06
6.374502719046179e-06
6.402783563584564e-06
6.433479444165556e-06
6.462367623627017e-06
6.476982734953634e-06
6.495267426016992e-06
6.516754726674997e-06
6.540998785375326e-06
6.5798523576805835e-06
6.634873795213405e-06
6.693008711767942e-06
6.7440635242752135e-06
6.7979677704945696e-06
6.853846517022712e-06
6.918702541104605e-06
6.987723163290796e-06
7.05299561341907e-06
7.113072922289294e-06
7.176740932239735e-06
7.239962782119552e-06
7.3043976634909e-06
7.372546243114488e-06
7.449731762528474e-06
7.5514950508965e-06
7.63170269851413e-06
7.717426096766205e-06
7.802089028141471e-06
7.889977479396202e-06
7.978956681653516e-06
8.053779258236144e-06
8.114728130135837e-06
8.154964459396817e-06
8.19709291691923e-06
8.237041766820377e-06
8.262332050517319e-06
8.291845408396972e-06
8.32073155175233e-06
8.351112436303566e-06
8.382030890246656e-06
8.413617498427e-06
8.446128186580201e-06
8.479467250202323e-06
8.51368730892142e-06
8.548533709736931e-06
8.58465489848556e-06
8.614852524512352e-06
8.646895687198589e-06
8.679382600045954e-06
8.712835269684597e-06
8.747297193101694e-06
8.78268923263626e-06
8.819321640525e-06
8.85691334537693e-06
8.89568146694046e-06
8.935279393857515e-06
8.976173485329006e-06
9.013582298352418e-06
9.051548215879907e-06
9.09032378285856e-06
9.130503551229135e-06
9.167010690715374e-06
9.200638551252901e-06
9.233865865134825e-06
9.268356842374158e-06
9.303875704066118e-06
9.340464431692606e-06
9.378285097353913e-06
9.417450147200746e-06
9.457941595823631e-06
9.506054718475416e-06
9.551160783526052e-06
9.561476757997083e-06
9.574373480616796e-06
9.585094081805688e-06
9.600721300284083e-06
9.617076063652584e-06
9.635034399264462e-06
9.654066704217497e-06
9.654582109916235e-06
9.65526910574e-06
9.651079487129257e-06
9.645058015215052e-06
9.636210028143468e-06
9.627694656432434e-06
9.619595985606587e-06
9.609252153395866e-06
9.558415866105443e-06
9.492328027487175e-06
9.43761192707765e-06
9.381542530912697e-06
9.327811092042079e-06
9.274360326897046e-06
9.222023066723432e-06
9.170295756521384e-06
9.119480935420366e-06
9.069487401431976e-06
9.020342835545541e-06
8.971785446181483e-06
8.928065965656518e-06
8.889232828954134e-06
8.853626092793093e-06
8.81761040103216e-06
8.780997208970914e-06
8.749454441732487e-06
8.720315327414426e-06
8.679450994086778e-06
8.642271201737465e-06
8.603769635042995e-06
8.564862218413774e-06
8.522039181228532e-06
8.486209082745727e-06
8.448974342068986e-06
8.380982402347927e-06
8.311471186279073e-06
8.24264338404982e-06
8.17436056777442e-06
8.10631714851338e-06
8.038605211432485e-06
7.971292335190998e-06
7.90729641733242e-06
7.84851303577725e-06
7.79058125160191e-06
7.732944395299965e-06
7.675543494595476e-06
7.618416610389578e-06
7.561318392666344e-06
7.5047870390970495e-06
7.448130906330247e-06
7.391781828041024e-06
7.33562212536554e-06
7.279537315935752e-06
7.223689974846524e-06
7.167830238399149e-06
7.112281491098466e-06
7.045848417724764e-06
6.973865494177311e-06
6.900833839430952e-06
6.827640442558445e-06
6.75439776806375e-06
6.681216512436256e-06
6.608158252109976e-06
6.526446616866509e-06
6.428870538055248e-06
6.326628085369562e-06
6.22383049985896e-06
6.121221371627031e-06
6.00764964316081e-06
5.886765768871171e-06
5.765571514958346e-06
5.644608965878407e-06
5.5245137395939736e-06
5.4051906191361515e-06
5.286822937882755e-06
5.1695459612247055e-06
5.046805286429442e-06
4.916848446903446e-06
4.788168034072362e-06
4.660019045782068e-06
4.5367140729001634e-06
4.424855992707174e-06
4.300682415504076e-06
4.199344173718637e-06
4.118525058022961e-06
4.041295751063538e-06
3.968892772310543e-06
3.89997121165463e-06
3.7971423271048186e-06
3.6678278961653216e-06
3.542809581574403e-06
3.4198907524270215e-06
3.300892778759509e-06
3.1855658275447483e-06
3.073888782203473e-06
2.970341686839269e-06
2.870452687353267e-06
2.7747469496389117e-06
2.6954902579430462e-06
2.6256443728896755e-06
2.5559325200997616e-06
2.496118916390461e-06
2.4438495782409837e-06
2.401407929314888e-06
2.35745597880064e-06
2.31278600299919e-06
2.2549795654338603e-06
2.217817427540228e-06
2.176159499698588e-06
2.1352618906211608e-06
2.093562025836761e-06
2.052499519334115e-06
2.011788189863791e-06
1.9716932273192965e-06
1.932012466148735e-06
1.8929051355813558e-06
1.8557119502068292e-06
1.819384775476458e-06
1.783673920231353e-06
1.7485728984566332e-06
1.7140212663703887e-06
1.6766496912636688e-06
1.633706652409191e-06
1.5921916104971698e-06
1.551955280402103e-06
1.5134607540197546e-06
1.4799896307527369e-06
1.4508996923575837e-06
1.4232009948457346e-06
1.3963996160643419e-06
1.3703619658778984e-06
1.3456105374386405e-06
1.3320366941262257e-06
1.3168066454025716e-06
1.3046559255854765e-06
1.2932156178666947e-06
1.2922213545318815e-06
1.2900488611562198e-06
1.286676249730965e-06
1.2751130381625606e-06
1.262955067355707e-06
1.2515757259754918e-06
1.2409218824532895e-06
1.2311778863604091e-06
1.2223692572301076e-06
1.2144391178420252e-06
1.2076406528748971e-06
1.1997909925824271e-06
1.1923616259659081e-06
1.1856819539139515e-06
1.1797897383516194e-06
1.1746566204070981e-06
1.1703939641003245e-06
1.1872199756132658e-06
1.2022855665413428e-06
1.2180773930430433e-06
1.2347799331561263e-06
1.2523250799443709e-06
1.2708407140722376e-06
1.2903049106912028e-06
1.312621601060622e-06
1.3297791939594285e-06
1.3456357512998044e-06
1.362732871318936e-06
1.3809174125174055e-06
1.3997281438578128e-06
1.4194839640380445e-06
1.4401759573095202e-06
1.4619476565157336e-06
1.477768074726735e-06
1.4907875113794683e-06
1.5048352145908506e-06
1.519051466944305e-06
1.5320788550811654e-06
1.5505987889693605e-06
1.570908719701715e-06
1.591975136636879e-06
1.6099902661897406e-06
1.622296221444268e-06
1.6340752880055801e-06
1.6499596708290673e-06
1.663608353363121e-06
1.6779096765514189e-06
1.6935386384894541e-06
1.7106079740203062e-06
1.7322501864496553e-06
1.7491854097777141e-06
1.7705018782866216e-06
1.7927892288318633e-06
1.8244696073772522e-06
1.8621672562863227e-06
1.9011899216766521e-06
1.917359119552782e-06
1.9439937249059374e-06
1.9675919263365187e-06
1.9960440876172566e-06
2.0257524150657416e-06
2.0584702095044713e-06
2.093456487590154e-06
2.1250847495792573e-06
2.128735408115882e-06
2.1373368805183073e-06
2.1467978888642043e-06
2.1582418388575767e-06
2.1712318148798488e-06
2.181741583452605e-06
2.1938180898652627e-06
2.2073045844589264e-06
2.222198738338496e-06
2.2356373687053403e-06
2.2516233556381443e-06
2.2776660331787563e-06
2.3037461602697557e-06
2.3326840022477338e-06
2.3935349493458542e-06
2.4520067991447666e-06
2.5101619079204645e-06
2.5529508000245044e-06
2.5989605611348447e-06
2.6468993765715997e-06
2.6986312664857806e-06
2.7531784716297822e-06
2.8108159717460885e-06
2.873280011430949e-06
2.967174392573968e-06
3.061165059960051e-06
3.161018967768065e-06
3.2662151543374248e-06
3.3168491811900324e-06
3.3590491168497636e-06
3.4065957893083784e-06
3.4569978622278554e-06
3.5047395714950172e-06
3.5525354993545138e-06
3.6045029727296348e-06
3.6537119767939376e-06
3.7077847387327638e-06
3.765020874535349e-06
3.826531586429256e-06
3.890200136539078e-06
3.958846468697338e-06
4.031799068192828e-06
4.110895122652465e-06
4.1992565516369106e-06
4.294881104019319e-06
4.404239420225993e-06
4.511160296147125e-06
4.625942701145191e-06
4.763540486667517e-06
4.791304223473013e-06
4.774096686055212e-06
4.777637955295638e-06
4.791557434537294e-06
4.819935133537876e-06
4.774131924144929e-06
4.714547770248354e-06
4.665942558566716e-06
4.625661024821961e-06
4.593035352193387e-06
4.5673706468283035e-06
4.5397965522851065e-06
4.519248139986822e-06
4.503941683975208e-06
4.488452253685953e-06
4.402302033865757e-06
4.267075392586505e-06
4.1393269975283545e-06
3.968368643735719e-06
3.742628739674682e-06
3.5426924265931202e-06
3.3457843209680868e-06
3.1574182638568423e-06
2.961131864881241e-06
2.784433427900673e-06
2.6664460031475516e-06
2.5826859494454877e-06
2.492092346554352e-06
2.437633953104092e-06
2.3716948147670033e-06
2.3172991271774616e-06
2.2668015745031427e-06
2.220324424456657e-06
2.1809627442999093e-06
2.1117953189520193e-06
1.9901497781272952e-06
1.8135168604658646e-06
1.6554719103110526e-06
1.5115772228725073e-06
1.3801792966343934e-06
1.2778956079016913e-06
1.2215743014009584e-06
1.1534156820232963e-06
1.1148053213884138e-06
1.0993136084963444e-06
1.107954164969015e-06
1.1435494292621772e-06
1.2017216496312699e-06
1.2820195952898127e-06
1.38003691119153e-06
1.4847803788973604e-06
1.5960867775273543e-06
1.7209149545362652e-06
1.860017999425378e-06
2.0121372802692213e-06
2.169051630774995e-06
2.309578271711433e-06
2.414799367428668e-06
2.520491109841862e-06
2.653516453884754e-06
2.7721855409966918e-06
2.8517917314004112e-06
2.924993502038304e-06
2.985034690795199e-06
3.048978191363567e-06
3.187365127022554e-06
3.317641809632204e-06
3.4839091925197484e-06
3.663701101194251e-06
3.830421285815256e-06
3.991178705591248e-06
4.1199208859108065e-06
4.242627803213719e-06
4.381090167220407e-06
4.519933347888158e-06
4.660796757899427e-06
4.798987453227316e-06
4.8757157499009195e-06
4.9426905706180185e-06
4.929995584167753e-06
4.870913240968534e-06
4.764549623528377e-06
4.5779857571043485e-06
4.30600612123071e-06
4.0283501821105846e-06
3.7541238874889884e-06
3.4851036929058227e-06
3.254966611687871e-06
3.0874658052091147e-06
2.9488028248721133e-06
2.8107002393053877e-06
2.6797247203850525e-06
2.5551073888179e-06
2.431810138740416e-06
2.3060510231146698e-06
2.1373283840458045e-06
1.956353103748607e-06
1.7801536766818912e-06
1.6342090685785652e-06
1.49602252199557e-06
1.36895227749261e-06
1.2536613163384236e-06
1.149217874622256e-06
1.0554178409988145e-06
9.661444081025106e-07
8.863161077491781e-07
8.299871801622045e-07
7.728116298025905e-07
7.126422663444677e-07
6.644967162665108e-07
6.232106533717546e-07
5.900370019721349e-07
5.64988816311231e-07
5.460702229819605e-07
5.329935440027801e-07
5.355673075405825e-07
5.411765991543935e-07
5.489790064579627e-07
5.519138534194551e-07
5.555529770045757e-07
5.610746641247722e-07
5.653439553056944e-07
5.711409245223514e-07
5.767604791326801e-07
5.822111792439448e-07
5.877536105113684e-07
5.928740543188276e-07
5.97880561826483e-07
6.030739605253951e-07
6.084779409204268e-07
6.132930087101547e-07
6.173918219736586e-07
6.212982166317647e-07
6.273788374036283e-07
6.339674051592128e-07
6.336031729421328e-07
6.318024792120576e-07
6.293234076710985e-07
6.2630280675255e-07
6.226485597434319e-07
6.186088468000962e-07
6.140645748314181e-07
6.089382387631382e-07
6.032503695957853e-07
5.969605871508158e-07
5.873265485907058e-07
5.76662461267174e-07
5.656769527531684e-07
5.54389696446829e-07
5.427814910653178e-07
5.309158106462115e-07
5.188182580920461e-07
5.064582225946518e-07
4.939026648446211e-07
4.811833331245044e-07
4.686649010164497e-07
4.563195085736221e-07
4.444945309407535e-07
4.328940883951419e-07
4.218112692222524e-07
4.1122514972764544e-07
4.0119636360603763e-07
3.9248155786915037e-07
3.854936306593137e-07
3.793838742034247e-07
3.7378382766434966e-07
3.689102044441931e-07
3.6445701248689e-07
3.6075262304437593e-07
3.575140099668674e-07
3.544701610300396e-07
3.524433717504548e-07
3.512755020236881e-07
3.518506653933741e-07
3.5413046425855956e-07
3.556079308095346e-07
3.5422242436750807e-07
3.537335386337549e-07
3.5324744548641895e-07
3.5276868221843967e-07
3.5530335571166587e-07
3.6010932406505075e-07
3.631333914841012e-07
3.645667360294917e-07
3.65483502908961e-07
3.6861758079309017e-07
3.734105001987537e-07
3.7835230636300094e-07
3.784075734411125e-07
3.731665535121843e-07
3.67247031213204e-07
3.6152882788747984e-07
3.577737313170962e-07
3.5749159376253216e-07
3.589589081413339e-07
3.628888204327519e-07
3.679613958493348e-07
3.739677825291905e-07
3.8082845040363237e-07
3.9297632174649264e-07
4.0552955392787946e-07
4.088733015482612e-07
4.1907833513607215e-07
4.3033092580544626e-07
4.463120009837396e-07
4.6067841693508434e-07
4.74062389144694e-07
4.853385429380808e-07
5.014389712335016e-07
5.15323164777881e-07
5.304623083168256e-07
5.441651795402359e-07
5.632186342377251e-07
5.858983389839811e-07
6.081404723830355e-07
6.314427398867769e-07
6.567253763904064e-07
6.831970425939199e-07
7.108080463448786e-07
7.393861876835332e-07
7.688695468925468e-07
7.992443898026496e-07
8.305093833586651e-07
8.664581785251712e-07
9.175677847745819e-07
9.595801979636426e-07
9.980339706143109e-07
1.0373816456617396e-06
1.0781046480941551e-06
1.12010387574538e-06
1.163298316149225e-06
1.2077284163004592e-06
1.2534124324269846e-06
1.2860378646247833e-06
1.306492513319405e-06
1.3279001565983957e-06
1.3494774501758103e-06
1.3772816586065246e-06
1.4114107290331798e-06
1.4456894166690846e-06
1.4889843755815015e-06
1.5322277517116482e-06
1.5735060583117939e-06
1.6139885288004648e-06
1.6553255680276487e-06
1.696923949138176e-06
1.7387488956506039e-06
1.780199219453964e-06
1.8218787832607477e-06
1.863810997435668e-06
1.9061643370054741e-06
1.9482297362484506e-06
1.9891161651698185e-06
