3.283630250536555e-06
1.064809359561177e-06
1.5074636008966166e-06
1.4687373618024916e-06
1.4466729977171579e-06
1.406269959359861e-06
1.341962009283757e-06
1.2933547774739752e-06
1.2500222953977353e-06
1.184939548742991e-06
1.1110304038154588e-06
1.0490933308876545e-06
1.000268814739564e-06
9.651317839161623e-07
9.441273816226001e-07
9.368502250499926e-07
9.439280683560461e-07
9.498613762738933e-07
9.503024017430421e-07
9.67517706222002e-07
9.866046034896624e-07
9.93059890656559e-07
1.0155702042668547e-06
1.0528075433609053e-06
1.0684021714990497e-06
1.1166802492580815e-06
1.1593351095186144e-06
1.219345706577976e-06
1.277111167529723e-06
1.3495042429434093e-06
1.428432924380802e-06
1.5483664232956134e-06
1.6341575997298508e-06
1.7626300929228286e-06
1.8282212485526358e-06
1.8378195892712824e-06
1.8772125908192714e-06
1.9219836766930047e-06
1.96014399053015e-06
1.987343439440986e-06
2.000195344504827e-06
2.0150448139745622e-06
2.0333640775876718e-06
2.017085306677682e-06
2.0259407056146195e-06
1.9930655849224677e-06
1.9397079938868324e-06
1.8898000699248283e-06
1.8437151148638627e-06
1.8025954182887116e-06
1.7571990558534047e-06
1.7153595681862117e-06
1.669140592856048e-06
1.6314680145323886e-06
1.5996466950247664e-06
1.5716440452660733e-06
1.5555197354874093e-06
1.5550481298417336e-06
1.5404398482789337e-06
1.5401407485162038e-06
1.5438135526876584e-06
1.5484026851818086e-06
1.5383371546849562e-06
1.5116591630648595e-06
1.4868102149359213e-06
1.4613433887787735e-06
1.4377100344657148e-06
1.4156853349843558e-06
1.395280202303406e-06
1.3763844266767079e-06
1.3550908165220113e-06
1.329444593217104e-06
1.3046230783228625e-06
1.289746283865658e-06
1.3301473455106375e-06
1.3661696111322988e-06
1.4072819070722212e-06
1.44943971886265e-06
1.4933192204249327e-06
1.5384666761794731e-06
1.5849449228062898e-06
1.6325901082340728e-06
1.6813287363695632e-06
1.7312677664123445e-06
1.7721201805142327e-06
1.8095140121865884e-06
1.8739382548931886e-06
1.957006024929923e-06
2.0189663197407028e-06
2.092708570477238e-06
2.1810835790382562e-06
2.275102968237646e-06
2.375275315615214e-06
2.4746424358166095e-06
2.5112622722735734e-06
2.49006990649983e-06
2.4610381636782187e-06
2.431762634811127e-06
2.4044541025746638e-06
2.343267865040153e-06
2.2925327156670595e-06
2.2771174397833717e-06
2.250370088207386e-06
2.2242550562154255e-06
2.1991920284583947e-06
2.179920017168934e-06
2.173834503941695e-06
2.1730960773983054e-06
2.183178222043498e-06
2.2218420139052575e-06
2.259032038791694e-06
2.307876375896371e-06
2.3634559885453045e-06
2.4576714125967176e-06
2.5885975694150847e-06
2.7250547743355936e-06
2.8569059475347342e-06
2.9949318540474004e-06
3.1396566730419112e-06
3.2890326347467987e-06
3.443081350928771e-06
3.6016671207124135e-06
3.7648340015779483e-06
3.929222355434174e-06
4.052503915702554e-06
4.186394320402989e-06
4.3063226512645765e-06
4.429229440247858e-06
4.552128491196489e-06
4.661868768733489e-06
4.764978834965579e-06
4.8683036932101635e-06
4.972016644080369e-06
5.06996144408912e-06
5.083300967464201e-06
5.074256280853452e-06
5.059560790615316e-06
5.049440629036891e-06
5.0459560868053214e-06
5.062840485814741e-06
5.09866976382386e-06
5.147322386084837e-06
5.20169349733812e-06
5.258536678435965e-06
5.311466181615968e-06
5.476905595620276e-06
5.665337569999924e-06
5.816539915840634e-06
5.974467268250091e-06
6.1319005247150156e-06
6.289160374700067e-06
6.439549164983708e-06
6.5570056552965165e-06
6.698215694957341e-06
6.861226742383457e-06
7.044938611886736e-06
7.235856219367806e-06
7.487116792134659e-06
7.759561665734672e-06
8.013617533184784e-06
8.27278692909426e-06
8.527907013134461e-06
8.680152936200884e-06
8.749145759263326e-06
8.779511003145838e-06
8.756481767619166e-06
8.765366192444017e-06
8.77639885622055e-06
8.783367756856787e-06
8.799874628651498e-06
8.819511386864527e-06
8.879769725765603e-06
8.908558922316629e-06
8.921055277237062e-06
8.896950054564436e-06
8.873022914361314e-06
8.952752666816722e-06
9.139188909728577e-06
9.342497818468913e-06
9.501230074448382e-06
9.683889000352737e-06
9.910423866548807e-06
1.0126967159493066e-05
1.0337953227691157e-05
1.0528166724087027e-05
1.0584447115021213e-05
1.0534324675733631e-05
1.0387135991000428e-05
1.0279971068811375e-05
1.019291026567344e-05
1.0059040004058923e-05
9.93890947655678e-06
9.76263238327941e-06
9.681052708961976e-06
9.527452590104597e-06
9.433917746895568e-06
9.329252091115091e-06
9.226259845068959e-06
9.120631751866248e-06
8.992201273895972e-06
8.867649000359586e-06
8.80406497698584e-06
8.685794253418567e-06
8.501747023566886e-06
8.275828970974692e-06
8.053936794114145e-06
7.903219000126987e-06
7.737537769764087e-06
7.548362716450272e-06
7.340370417255369e-06
7.159140679667687e-06
6.979549441804542e-06
6.810798068087055e-06
6.648019033034001e-06
6.45355131833287e-06
6.262126335328547e-06
6.085492179943828e-06
5.903510376025924e-06
5.73001030759814e-06
5.581008981679265e-06
5.458756843995331e-06
5.343783943902329e-06
5.23690289197167e-06
5.138125801670276e-06
5.048137105708742e-06
4.9675176003975056e-06
4.904781311342696e-06
4.892405698224425e-06
4.887349907441552e-06
4.8974084664008455e-06
4.935140459643732e-06
4.980290801928846e-06
4.9748610672807464e-06
4.987508807360749e-06
5.018768217242125e-06
5.049371259286469e-06
5.000672476651448e-06
4.953136069642083e-06
4.9139334297308434e-06
4.876822923782104e-06
4.863563510904821e-06
4.863509369650453e-06
4.870880269324246e-06
4.887699600779591e-06
4.9144410885354145e-06
4.951340130361004e-06
4.998486641818184e-06
5.056162750850397e-06
5.133440278133215e-06
5.172949651765041e-06
5.208304088293547e-06
5.241414475487363e-06
5.217504729460691e-06
5.1616988977240215e-06
5.120849045422595e-06
5.082495849851245e-06
5.042287118161853e-06
5.005136082146049e-06
4.971547170131935e-06
4.94852505871059e-06
4.917017305185859e-06
4.868481482944834e-06
4.8225090506290545e-06
4.7828509552167105e-06
4.751671220994153e-06
4.724527556282678e-06
4.685562930246207e-06
4.644749287358967e-06
4.6000410239746785e-06
4.577909525678597e-06
4.557361549041774e-06
4.543368031959789e-06
4.534930351051555e-06
4.532508262058143e-06
4.528989828174933e-06
4.5278289098111076e-06
4.534842763625136e-06
4.547186093968059e-06
4.56504765272811e-06
4.628471465471527e-06
4.598273926838959e-06
4.532328506958507e-06
4.442489067894706e-06
4.365665819411622e-06
4.2857786041755844e-06
4.200711372601427e-06
4.06840142448619e-06
3.8640509266979815e-06
3.689377202922888e-06
3.5348821563665093e-06
3.4028757872883016e-06
3.2936982591966714e-06
3.204879526517506e-06
3.135097748327536e-06
3.0837962336309513e-06
3.109454405358359e-06
3.1332749740089444e-06
3.1749348097091714e-06
3.2179891346771047e-06
3.265707125858468e-06
3.3189878318546684e-06
3.364294109753499e-06
3.485516418934559e-06
3.5444379836770213e-06
3.592138058446186e-06
3.6065887905520805e-06
3.605959996736053e-06
3.6002944576811472e-06
3.640698277548598e-06
3.6429656422452696e-06
3.6237470607226036e-06
3.6010291931524806e-06
3.578536765250246e-06
3.557271293095014e-06
3.4081747779293e-06
3.242308003776645e-06
3.0632846896922324e-06
2.8823192045459937e-06
2.705369286958441e-06
2.5372628600632355e-06
2.373852896378062e-06
2.196246140511554e-06
2.015912874818866e-06
1.8455641054560513e-06
1.7264557119926933e-06
1.6228923356477136e-06
1.566919016696934e-06
1.5156220611100853e-06
1.466103401318e-06
1.4199792549140359e-06
1.3739545350254076e-06
1.327288649894956e-06
1.2800742137778822e-06
1.2282809712510704e-06
1.173739925704531e-06
1.1085303455156213e-06
1.0382329363912792e-06
9.70629480674645e-07
9.091101866809457e-07
8.432650812506241e-07
7.852510292909369e-07
7.354026667333867e-07
6.89411771195871e-07
6.470188406744787e-07
6.014461632218102e-07
5.596795578035764e-07
5.218849835767283e-07
4.849361935634799e-07
4.322857307779772e-07
3.7984441854238593e-07
3.406318589426758e-07
3.1774959064079265e-07
3.1021095175744786e-07
3.1632296333884517e-07
3.326732259122834e-07
3.4478762989449144e-07
3.6858389876889637e-07
4.041621902735258e-07
4.669675020819038e-07
5.648399962106873e-07
6.68001067415088e-07
7.67823129411426e-07
8.774953216229995e-07
9.094797520251684e-07
9.206836111902821e-07
9.005243463697424e-07
8.596305169201323e-07
8.233456875588086e-07
8.262961358220181e-07
8.613923174261477e-07
9.397452500059069e-07
1.0363527764320547e-06
1.0783387682721861e-06
1.1573629294265523e-06
1.2754590594651824e-06
1.3992090234835875e-06
1.5384914264151126e-06
1.68397624639363e-06
1.8139399521547264e-06
1.9520415500445788e-06
2.036179646873053e-06
2.0676746986938e-06
2.1236334967825626e-06
2.295812054542388e-06
2.532397404305712e-06
2.74372402277907e-06
2.8889929263744374e-06
2.8910455529135106e-06
2.8589530987947007e-06
2.6193962765373208e-06
2.4235377440373943e-06
2.287019206971524e-06
2.1635163171462457e-06
2.0673526709048823e-06
2.034630116519901e-06
1.995090339422128e-06
1.964188525040341e-06
1.941205395825886e-06
1.928191303176685e-06
1.9060787289569894e-06
1.9458473663104212e-06
1.9824182839129196e-06
2.021123965430134e-06
2.0673098435567775e-06
2.1600794095720946e-06
2.382320008905984e-06
2.5193718732529646e-06
2.600275601455257e-06
2.6578949940597495e-06
2.7396212713745175e-06
2.740921444135266e-06
2.7113920201933936e-06
2.779854312563867e-06
3.102298027169616e-06
3.3723418865591997e-06
3.7283174592827238e-06
4.025626562408619e-06
4.346930471759014e-06
4.646063580398402e-06
4.758462790830734e-06
4.900173457844224e-06
5.039397592134757e-06
5.273881556750997e-06
5.545754589469412e-06
5.725468250017102e-06
5.622482966298818e-06
5.288140971177179e-06
4.800960288432787e-06
4.31318580685926e-06
3.9140257385229794e-06
3.5577419622374553e-06
3.003248424499706e-06
2.4682071301675513e-06
1.9520602189715983e-06
1.4554190105747292e-06
1.0643725389547468e-06
7.649857956114356e-07
5.156460706469651e-07
2.961285684039094e-07
1.4224752213078888e-07
4.972034493865347e-08
7.81732486606777e-09
8.379442415235215e-09
3.580523133212344e-08
8.187548057278352e-08
1.405080673207147e-07
2.0823953519411126e-07
2.506862225408526e-07
2.889885948562247e-07
3.3242074359816207e-07
3.823272673539457e-07
4.286138569766178e-07
4.7592846407345776e-07
5.269016301048061e-07
5.817433059370954e-07
6.418263836269673e-07
7.062470518916532e-07
7.790744699959859e-07
8.540209674757987e-07
9.158740811637906e-07
9.764533367043348e-07
1.0385709984916075e-06
1.1142626435231133e-06
1.2152259568544247e-06
1.3407149490559949e-06
1.4915568235890545e-06
1.6053573211680016e-06
1.70456172618421e-06
1.8074101969078922e-06
1.9164197003391307e-06
2.034432136963931e-06
2.1462164660207084e-06
2.1742786159729907e-06
2.1533516270456076e-06
2.132085770175791e-06
2.1125824713509553e-06
2.157712504834526e-06
2.2201270941813925e-06
2.2826501420817674e-06
2.359612563820228e-06
2.4376967189529025e-06
2.512790257678247e-06
2.581026651365663e-06
2.6435170204779986e-06
2.712854763315142e-06
2.8060114113798755e-06
2.880103435823286e-06
2.950835584671406e-06
3.019177566997294e-06
3.084259501219365e-06
3.1475705400120444e-06
3.168274650490758e-06
3.1538828165307177e-06
3.087568976016116e-06
2.975523310689179e-06
2.8504118256692533e-06
2.724796831872468e-06
2.5936638977624114e-06
2.420820814230454e-06
2.2450174658405843e-06
2.07774459090743e-06
1.91434603392797e-06
1.7592649191693828e-06
1.6138939335974179e-06
1.4771648857879755e-06
1.3482370018464304e-06
1.2262945640146956e-06
1.104652012260365e-06
1.001362520909836e-06
9.376383465311657e-07
8.735869823054115e-07
8.202354002935472e-07
7.800556151551068e-07
7.494953297534077e-07
7.24680682263126e-07
7.002189997205415e-07
6.735966379541364e-07
6.513392841309628e-07
6.382386089002323e-07
6.327689259622119e-07
6.31654206915378e-07
6.312091822577734e-07
6.328209959780818e-07
6.365388451236008e-07
6.414438005040919e-07
6.46950779291819e-07
6.522607601519428e-07
6.553753412301556e-07
6.479706686250714e-07
6.350228453449877e-07
6.598305895151702e-07
7.028597107522538e-07
7.426079285747578e-07
7.848399497546751e-07
8.41546680970109e-07
9.13516914580424e-07
1.0104358118705007e-06
1.1088131555174036e-06
1.1722085358258572e-06
1.2393159670498734e-06
1.3209827316707174e-06
1.4431043007032526e-06
1.5884136861649472e-06
1.7514768150290572e-06
1.922173990823655e-06
2.123746649994502e-06
2.3721721789051085e-06
2.620297881528494e-06
2.880667612198338e-06
3.1554982775205993e-06
3.439632364508108e-06
3.734397457905983e-06
4.002487633412626e-06
4.203827651360268e-06
4.381183114803343e-06
4.547010465924121e-06
4.654740616092154e-06
4.721033547315034e-06
4.783844228531975e-06
4.844311340054431e-06
4.90412398500985e-06
4.961456106698024e-06
5.011808059525433e-06
5.034468483419498e-06
5.018118221659347e-06
4.977698443551528e-06
4.957745341696662e-06
4.969588912644677e-06
5.0160922205345086e-06
5.061413289565558e-06
4.989696840822536e-06
4.799130761514641e-06
4.640034389751315e-06
4.493846456069596e-06
4.356819953901151e-06
4.358394880884456e-06
4.4892325315822366e-06
4.623540296166605e-06
4.757462937768113e-06
4.892019785453637e-06
5.027586833591092e-06
5.163763786474911e-06
5.291674248919146e-06
5.483033756084807e-06
5.69846756157686e-06
5.965729346409787e-06
6.206008168428217e-06
6.4471504383104036e-06
6.7125327105135535e-06
6.970075770091752e-06
7.238981918644409e-06
7.536101293469007e-06
7.592896728431516e-06
7.4796012298703785e-06
7.417340003392005e-06
7.414362277680069e-06
7.349995302347544e-06
7.161237165749731e-06
7.004380911950458e-06
6.8468358661156426e-06
6.710573260468035e-06
6.693490443830342e-06
6.76818120243494e-06
6.874758229371659e-06
6.985368811512271e-06
7.0568817783925565e-06
7.16804824381886e-06
7.327539302535927e-06
7.50972349707036e-06
7.406829157333915e-06
7.203190400368191e-06
7.080530568429752e-06
7.020851707247087e-06
6.971763768629217e-06
6.9645419962641534e-06
6.939308079811301e-06
6.961824749834076e-06
6.968554358070987e-06
6.96513214886107e-06
7.001672182507216e-06
7.026360744762833e-06
6.98696315659321e-06
6.915782247164021e-06
6.888995151703863e-06
6.8805924622712324e-06
6.798507333730361e-06
6.7835477348105395e-06
6.75758101236863e-06
6.703837828516437e-06
6.473932452450215e-06
6.2665398385942545e-06
6.019831940817e-06
5.7672157744713885e-06
5.501378661180177e-06
5.214990327708701e-06
4.9688973512844966e-06
4.728555051447148e-06
4.425126771694096e-06
4.161303852190751e-06
3.884915431416736e-06
3.588160805296932e-06
3.293608490419712e-06
3.024117799195647e-06
2.898781519946893e-06
2.7178627481118035e-06
2.550166213627737e-06
2.3832248153413355e-06
2.2208906947411116e-06
2.0784719692291e-06
1.9453536369667776e-06
1.8403807081992426e-06
1.7651418451906179e-06
1.7336714986655976e-06
1.7872222581481531e-06
1.8215144913636725e-06
1.8655912856450544e-06
1.906669760011694e-06
1.951201879574834e-06
1.9683834192229558e-06
1.9460902314513323e-06
1.9243845763559644e-06
1.909232770478835e-06
1.883548289123689e-06
1.8588805825895849e-06
1.8435307345289497e-06
1.8491000203023131e-06
1.8614124179673596e-06
1.8815279312480294e-06
1.9191412953128863e-06
1.966179287392953e-06
1.997285506933425e-06
2.0547098342188486e-06
2.1141815412889135e-06
2.143161156851269e-06
2.1667491533235783e-06
2.1944672914969885e-06
2.2244775369991765e-06
2.256574983411577e-06
2.2810974179418874e-06
2.3001069894410654e-06
2.3085165010920255e-06
2.222452693856695e-06
2.180872957133022e-06
2.157390382156945e-06
2.156025667864476e-06
2.1844155278311438e-06
2.2191138662194266e-06
2.2637840839343174e-06
2.3192367314599843e-06
2.400077416538206e-06
2.4836679587708403e-06
2.5662425008893174e-06
2.658724311552265e-06
2.747357474995925e-06
2.8322866251706344e-06
2.9218885194192444e-06
3.010062222755472e-06
3.1038953537690572e-06
3.1701974523137836e-06
3.2370912136966483e-06
3.268044227976671e-06
3.2809102830374473e-06
3.2532518694917747e-06
3.232528520280576e-06
3.230094141971665e-06
3.2340120475744277e-06
3.2469731982852015e-06
3.267876389650207e-06
3.2976055623513637e-06
3.3144016565702557e-06
3.338248387848192e-06
3.366314736710773e-06
3.3270666603383385e-06
3.316021707407595e-06
3.307007949724166e-06
3.314799112470768e-06
3.3591406326227795e-06
3.455760524791888e-06
3.5527800854703262e-06
3.662096337953722e-06
3.7746144955259287e-06
3.871969115980587e-06
4.013065402505687e-06
4.142094721111354e-06
4.275759019250384e-06
4.417966053924174e-06
4.566009019101692e-06
4.727203149005336e-06
4.906898311684885e-06
5.078542544023434e-06
5.283052889783693e-06
5.506506805106172e-06
5.745548507781619e-06
5.830554008832984e-06
5.9163860230372445e-06
6.0309008486549655e-06
6.136418512874832e-06
6.26568912930505e-06
6.41946524000206e-06
6.597513922493345e-06
6.837379561076599e-06
7.003764474199558e-06
7.145715655477167e-06
7.247944457369197e-06
7.34168831245456e-06
7.435849151324271e-06
7.47655470337609e-06
7.512087070326142e-06
7.56855031185236e-06
7.683269503323266e-06
7.728294573088196e-06
7.727655603061294e-06
7.695523696486845e-06
7.658630357950626e-06
7.634898846400337e-06
7.661827779003095e-06
7.679558895684621e-06
7.670442118799495e-06
7.600830212211198e-06
7.583266671633462e-06
7.537674802489495e-06
7.492296429999983e-06
7.45712205772703e-06
7.425442413883818e-06
7.394300327019665e-06
7.298206261075055e-06
7.145084335868882e-06
6.905756712084826e-06
6.640042378587638e-06
6.374976724771562e-06
6.087500171282045e-06
5.797802830820149e-06
5.507949871653912e-06
5.218354264509978e-06
5.043863585579848e-06
4.895385943051807e-06
4.717215133792666e-06
4.518896719559772e-06
4.380195307416635e-06
4.2641783487967476e-06
4.152166889380029e-06
4.045212088591414e-06
3.9463227832497595e-06
3.846184271764249e-06
3.7451176803805403e-06
3.640095714760198e-06
3.5519989900227733e-06
3.44292618873334e-06
3.327073179406889e-06
3.22119353049615e-06
3.0697781800346096e-06
2.841003914615772e-06
2.5977131760483826e-06
2.3799683628181532e-06
2.2195903739595194e-06
2.088268288205011e-06
1.9877392618334394e-06
1.917087278592275e-06
1.8588348559282164e-06
1.7900354957052747e-06
1.6984975079114442e-06
1.6175722439003837e-06
1.535924426338094e-06
1.4223102899612986e-06
1.3341571382054803e-06
1.2827249682328135e-06
1.2362294347280845e-06
1.1658434961753879e-06
1.1208580575639212e-06
1.135847842406541e-06
1.2245232948894681e-06
1.3460629471072768e-06
1.5578274835549944e-06
1.8712502994271191e-06
2.2431898213208665e-06
2.6623129407890165e-06
3.129212544975066e-06
3.5800849995566452e-06
3.740957667283644e-06
3.949903144715227e-06
4.091143381174217e-06
4.254292238149117e-06
4.503190842000658e-06
4.700307700775399e-06
4.956626929229958e-06
5.279803604646915e-06
5.265992502888475e-06
5.138071249672102e-06
4.909341539484746e-06
4.645654455024586e-06
4.510318934322743e-06
4.35301446022951e-06
4.086137180841747e-06
3.725951287910039e-06
3.4563735375537987e-06
3.272668034975263e-06
3.0760266581204652e-06
2.9040648653745946e-06
2.7522006891101583e-06
2.644391953785033e-06
2.5399992745190994e-06
2.1871644333928463e-06
1.9740907137060155e-06
1.7765493674670539e-06
1.5998276822550932e-06
1.4498888302497962e-06
1.3634285934781654e-06
1.2932570371932653e-06
1.2145953091486128e-06
1.1758396288887042e-06
1.1844869890884315e-06
1.1898568235183664e-06
1.2078147723284416e-06
1.2132159472404147e-06
1.2088923656281411e-06
1.1987901003630162e-06
1.1846470772366962e-06
1.161076340725094e-06
1.1264365727727084e-06
1.1043463381142064e-06
1.1153293207024692e-06
1.1652784564619738e-06
1.2483598894234613e-06
1.4707857935089736e-06
1.680462887870007e-06
1.8743746243289534e-06
2.1125327316988207e-06
2.3594484120908118e-06
2.6186811711661e-06
2.898188510159844e-06
3.2096448481370387e-06
3.558429198774986e-06
3.550151263293902e-06
3.4778339583679707e-06
3.409603838750353e-06
3.3537186338463086e-06
