3.754416709453884e-05
7.179940871339309e-06
1.5784927617918984e-06
1.0268406715889432e-06
1.1627856693360136e-06
1.3738475655810336e-06
1.6682376207531246e-06
2.011346488287575e-06
2.439612612009915e-06
3.011027728050082e-06
3.673723682960924e-06
4.5161018850177705e-06
5.327339274684623e-06
6.009377950150233e-06
6.840265366434449e-06
7.737878507989447e-06
8.702843447477445e-06
9.844326543958465e-06
1.1013046797109275e-05
1.2433654442199884e-05
1.43353472651681e-05
1.6736901302690065e-05
1.8324390917470198e-05
1.8684713575196693e-05
1.8748880168305987e-05
1.8895062724586804e-05
1.9159489430028847e-05
1.9469792410675108e-05
1.982284871582386e-05
2.0112685072375e-05
2.033558824823368e-05
2.0490297266249358e-05
2.0548217761913923e-05
2.0591410533989968e-05
2.0552788744225202e-05
2.048660455326749e-05
2.0387905506900317e-05
2.0345844541749803e-05
2.036163944215607e-05
2.019606076641276e-05
1.9875610683457682e-05
1.9637732940946324e-05
1.9129591413626198e-05
1.855311781814789e-05
1.8014330119870348e-05
1.7269632069353705e-05
1.677822500993173e-05
1.6471975740088193e-05
1.6308927474066593e-05
1.5910663929786303e-05
1.557026305065789e-05
1.549903654956076e-05
1.538860381916634e-05
1.531672923581792e-05
1.5086385034851727e-05
1.4656486004212506e-05
1.4387773970697346e-05
1.3888922514071663e-05
1.3080243448810798e-05
1.2659291088592865e-05
1.2431593320079979e-05
1.2257784201567549e-05
1.2021931981246091e-05
1.1738732932987219e-05
1.1483276687948088e-05
1.1274238490873147e-05
1.0980973408159351e-05
1.095719779988781e-05
1.0772212250067597e-05
1.0672249638682947e-05
1.0331029916050553e-05
1.004665128762078e-05
9.765035295079424e-06
9.097931163002662e-06
8.60334114396685e-06
8.44730755828583e-06
8.194658717726222e-06
7.840857365499855e-06
7.725158258134272e-06
7.6188112996765415e-06
7.146177825455328e-06
6.855520307115865e-06
6.599233215062934e-06
6.4111262294834674e-06
6.203068821141373e-06
6.031983034719229e-06
5.803234206717885e-06
5.410517432911924e-06
5.143220168273146e-06
4.8110933346374475e-06
4.492722436540517e-06
4.217338075522758e-06
4.103111531073301e-06
3.954484541666128e-06
3.829687281389835e-06
3.604794533209707e-06
3.640700853330826e-06
3.7118641644224907e-06
3.821304348583374e-06
3.9179144045493665e-06
4.075419800670441e-06
4.284387798933034e-06
4.584366854077957e-06
4.983048125162193e-06
5.35145576901772e-06
5.517535408274397e-06
5.658301012429682e-06
5.791586113885035e-06
5.9299917017400555e-06
6.046549602995855e-06
6.174745886655543e-06
6.520536099036774e-06
6.797408415061675e-06
7.037661373838132e-06
7.3810375082089235e-06
7.702378159201671e-06
7.756003627142877e-06
7.818583894349546e-06
7.890342645033797e-06
8.11329686279173e-06
8.037821547977464e-06
7.935627990088079e-06
7.768796172325655e-06
7.731860369357973e-06
7.62817501602454e-06
7.508908160617334e-06
7.382012287246473e-06
7.256237092221466e-06
7.126178879254791e-06
6.991647994349095e-06
6.8064103251631435e-06
6.551660021870596e-06
6.280851244541788e-06
5.991592391450915e-06
5.792616193636952e-06
5.563363572188467e-06
5.3264120043826855e-06
5.060058087989846e-06
4.889662189146517e-06
4.811101572244722e-06
4.827856599526223e-06
4.8207649574930735e-06
4.764836228996627e-06
4.706774114349999e-06
4.684773370592724e-06
4.602834933935866e-06
4.504936378486617e-06
4.378602060678166e-06
4.284012676279147e-06
4.240083749402293e-06
4.218281716032316e-06
4.21035781114993e-06
4.220091698777786e-06
4.214028344631929e-06
4.208648035974348e-06
4.1486756380233736e-06
3.986993697620748e-06
3.855392051698183e-06
3.77544613373877e-06
3.735708787129597e-06
3.717511170449716e-06
3.736865169722681e-06
3.790958022064417e-06
3.836732565396572e-06
3.877074873352751e-06
3.8795618205636234e-06
3.867889022704481e-06
3.8612787591445355e-06
3.855429901009069e-06
3.885465530635494e-06
3.932510512967974e-06
3.988635766944815e-06
4.052619962214445e-06
4.309853262286624e-06
4.481642234641347e-06
4.4487777757175504e-06
4.42732485200843e-06
4.38611258457521e-06
4.2948754317330355e-06
4.230168605793311e-06
4.229723002118962e-06
4.176332328757261e-06
4.1522014571713034e-06
4.076297329371558e-06
3.793967720350273e-06
3.733764520521889e-06
3.3486135305686727e-06
2.850806264375467e-06
2.578945154533624e-06
2.5083291275499176e-06
2.3608659909198005e-06
2.287378902573499e-06
2.2989541161701854e-06
2.4416676303776327e-06
2.438912937813544e-06
2.512823987453179e-06
2.2424252716760236e-06
2.185702354414424e-06
2.1026342339652457e-06
2.0401880897719806e-06
1.9064430798001712e-06
1.963186497810221e-06
2.0548652748611636e-06
2.1407544451901065e-06
2.169603460321849e-06
2.043112201549625e-06
1.893787015993185e-06
1.8841505422721628e-06
1.8626091146325422e-06
1.7963357620899678e-06
1.7187939290193901e-06
1.7085297724966851e-06
1.7925978672057235e-06
1.8518074999250553e-06
1.7969008826932466e-06
1.6842363977090573e-06
1.5817587590878892e-06
1.5355407856822253e-06
1.3384946054956517e-06
1.1256569378657994e-06
8.058906747974143e-07
4.7069538889036726e-07
3.6597729941826783e-07
5.026103248458918e-07
5.989118419204268e-07
6.958812787967827e-07
7.849389849224465e-07
8.97387673832501e-07
1.0455676938464724e-06
1.4047047030086834e-06
1.6945013287217021e-06
1.8595190916185046e-06
1.713466520828585e-06
1.5858144622249015e-06
1.38085968284357e-06
1.1833987898819594e-06
1.0806000059928442e-06
9.477440380984862e-07
7.806301232170309e-07
8.737290750821784e-07
9.777144341011394e-07
1.016308622208179e-06
1.142478803233039e-06
1.263500275534518e-06
1.4116652123527305e-06
1.6492701204241846e-06
1.6448885255575138e-06
1.6003895361216103e-06
1.5902081771608795e-06
1.5733318660779808e-06
1.4608734882491476e-06
1.2357346334040597e-06
1.2448215480501826e-06
1.1521546589316062e-06
1.1922592658139325e-06
1.5776667719177966e-06
1.8057355728582676e-06
2.054936186897722e-06
2.3865971840499183e-06
2.8509334390168246e-06
2.9585603339960624e-06
3.201285824765189e-06
3.589534333831384e-06
4.030037372515744e-06
4.1680729357689676e-06
4.283089739157771e-06
4.378773887440573e-06
4.434728588861451e-06
4.414806223427598e-06
4.621816515204889e-06
4.371937776666205e-06
3.945074527374175e-06
3.173103368344399e-06
2.300487310021973e-06
1.5546054025319892e-06
1.026888686349089e-06
7.186574383175695e-07
4.290818868671488e-07
1.7450168664032542e-07
4.93847957024676e-08
6.773986890767719e-08
1.8192594798531976e-07
3.1870525352057513e-07
5.534636175704105e-07
9.190042037176057e-07
1.5108298336076033e-06
2.6434474093421076e-06
4.1300345726530775e-06
5.608757763549672e-06
7.095333120430643e-06
8.727018347923102e-06
1.0585597221287582e-05
1.2395028713927841e-05
1.4263416664631809e-05
1.589673195561447e-05
1.7178722596083484e-05
1.82907529315148e-05
1.8892448977799622e-05
1.9334072920149267e-05
1.9726499937200843e-05
2.0153374124934034e-05
2.0258052054537528e-05
2.0165156807607014e-05
1.992778642141881e-05
1.9652832129901244e-05
1.9366720872914622e-05
1.9010991626772567e-05
1.8703482984542714e-05
1.831068578773644e-05
1.7993754565759473e-05
1.7454179261009732e-05
1.687195472818685e-05
1.627353026097405e-05
1.5739368677490683e-05
1.5210906488031163e-05
1.4866949360065412e-05
1.4523464827369137e-05
1.4149256925331346e-05
1.3729816924305822e-05
1.3172826997403462e-05
1.2642887519954968e-05
1.1988050459410235e-05
1.1124191365481806e-05
1.0313968570999586e-05
9.404808127875999e-06
8.569291404025681e-06
8.042212112199645e-06
7.720060950878234e-06
7.4331958346227456e-06
7.059149764926251e-06
6.640533910179483e-06
6.028799842891187e-06
5.771852347015196e-06
5.764931846487946e-06
5.818600252815321e-06
5.892453472827093e-06
5.926203151986189e-06
5.9374401179711155e-06
5.731039800908189e-06
5.3540131145173735e-06
5.012897032659478e-06
4.739177724959975e-06
4.3705158693009345e-06
3.951586029722372e-06
3.546011689104127e-06
3.184296002866131e-06
2.8800400601943996e-06
2.6167015895618844e-06
2.5318088309589223e-06
2.5311963972088397e-06
2.5475485949002423e-06
2.576300017592452e-06
2.629403591863471e-06
2.8289525298931357e-06
3.0738545438643885e-06
3.3501316803595757e-06
3.330421613805417e-06
3.2084294767742316e-06
3.0445451180785502e-06
2.809095283210111e-06
2.472502312195372e-06
2.1253654617963147e-06
1.8156731764827714e-06
1.4610095888752126e-06
1.3300971952384833e-06
1.0811679642548936e-06
9.120283612189444e-07
8.654526329057067e-07
9.217892664208333e-07
1.1022131493425632e-06
1.3715727962256474e-06
1.6703643314462799e-06
1.970034408156011e-06
2.319629434999048e-06
2.571696376057253e-06
2.794910842407143e-06
3.0560672032295175e-06
3.205024026828354e-06
3.29071806500891e-06
3.524775570486384e-06
3.890349698015595e-06
4.2394829349304224e-06
4.8247831755983445e-06
5.444348199238395e-06
5.208596577033828e-06
5.184658297010221e-06
5.270281482274605e-06
5.244818139459999e-06
4.647351166607217e-06
4.125427847266603e-06
3.871410620374082e-06
3.4137524907108983e-06
2.8923988469329986e-06
2.442133027932253e-06
2.1111342441493e-06
1.8693335911369741e-06
1.6479505709162184e-06
1.5072881895046762e-06
1.454350180704507e-06
1.5041320377252383e-06
1.5079689057630413e-06
1.5516399918291114e-06
1.5243304066251988e-06
1.5062936414739323e-06
1.5233547630562278e-06
1.6016943381231013e-06
1.6873222331149515e-06
1.7649522040528035e-06
1.7620272932294596e-06
1.7760389077093387e-06
1.8756435436451257e-06
1.993686541959319e-06
2.1523753866673643e-06
2.3326600926081203e-06
2.532411620635105e-06
2.7581068627659427e-06
3.0704014264146757e-06
3.3222901127370394e-06
3.5631274052313226e-06
3.765136594428341e-06
4.034964099969338e-06
4.200148863828192e-06
4.209949384394404e-06
4.250137203674064e-06
4.303402011827245e-06
4.26774735379881e-06
4.243145523235968e-06
4.224869581307774e-06
4.212066926936429e-06
4.19887878874641e-06
4.20021380168362e-06
4.237750720022078e-06
4.30665405585128e-06
4.265098786780643e-06
4.29285049671398e-06
4.359732494303725e-06
4.495975343160405e-06
4.725912967506116e-06
4.906775196322302e-06
5.04299829280546e-06
5.197818693570458e-06
5.394585416794915e-06
5.644369301309457e-06
5.952477950278276e-06
6.288617069573229e-06
6.5485619494756245e-06
6.835675556422656e-06
7.073361709676799e-06
7.2954847395149085e-06
7.55076219937926e-06
7.86407755122747e-06
8.195352762648657e-06
8.524707351654055e-06
8.660525501617317e-06
8.757809108899639e-06
8.818081872942619e-06
8.877090852068115e-06
8.838348868748212e-06
8.762772209634136e-06
8.7198048089491e-06
8.812915086607297e-06
8.970407965055659e-06
9.168288533558426e-06
9.409245330137006e-06
9.489538434887176e-06
9.007925338361482e-06
9.1949820314423e-06
8.836243733335169e-06
8.949201643044068e-06
8.660605807877735e-06
8.48701584945846e-06
8.420690556497765e-06
8.365360620038822e-06
8.324687000354881e-06
8.267433987265976e-06
8.177549468267865e-06
8.284637820852854e-06
8.289840935967372e-06
8.060528448908844e-06
7.927004221490045e-06
7.965726389808101e-06
7.780216995657776e-06
7.565498085782981e-06
7.793307867714613e-06
8.08746215350867e-06
8.467136167741344e-06
8.663436446174813e-06
8.729920163256355e-06
8.712729841060523e-06
8.574825935688042e-06
8.413703632675355e-06
8.509349514998384e-06
8.854125871853373e-06
8.482255185594746e-06
7.683320853201113e-06
6.558428238032638e-06
5.471113220482134e-06
4.498402933570024e-06
3.519162760273271e-06
2.6433684137763257e-06
2.052870906279676e-06
1.6938650792185367e-06
1.520228996766223e-06
1.3001884204676407e-06
1.023614547729883e-06
7.686423909521398e-07
5.367328794828414e-07
3.650217385268438e-07
2.0163906640459844e-07
7.80622155583977e-08
9.65181838365331e-08
3.3925054255363215e-07
7.633947147086001e-07
1.1829298985258408e-06
1.5980111816383376e-06
1.9477631133096847e-06
2.0909905177545244e-06
2.35133072999973e-06
2.734035527204683e-06
2.935184645709372e-06
2.8531636727789535e-06
3.0348001056535147e-06
3.0886815802921356e-06
2.6113783950568497e-06
2.0828828195314065e-06
1.6937563581486734e-06
1.360507225826054e-06
1.0943800654457778e-06
9.348886821871101e-07
8.751988597193897e-07
8.070884483910464e-07
7.350447319453791e-07
7.883505836279122e-07
1.017069188894405e-06
1.2209616415651219e-06
1.331325378219829e-06
1.3371576445641798e-06
1.3225169293667178e-06
1.352924872697133e-06
1.2363763873924273e-06
9.67133997896141e-07
8.570957326619646e-07
8.596304005385432e-07
8.82265172794784e-07
1.055914140863997e-06
1.3015298159503561e-06
