2.443761361687522e-05
1.7642638153556305e-06
1.0375855172414403e-06
1.232490236414331e-06
1.195375289233821e-06
1.1118036781768695e-06
1.0331954022862e-06
9.60482148859366e-07
9.908771336381481e-07
1.104639848436768e-06
1.2602783137672848e-06
1.4997293466455945e-06
1.8530707598938743e-06
2.256942008617543e-06
2.6572243192812903e-06
3.1759684917293707e-06
3.7213687758213797e-06
4.360198700748192e-06
5.0071555873015616e-06
5.707277597079384e-06
6.423961420777985e-06
7.128197903633967e-06
7.870421535825967e-06
8.551271838851949e-06
9.127488187655229e-06
9.682937947969093e-06
1.0198450591254172e-05
1.0545289604856894e-05
1.096954328324935e-05
1.1577148556638651e-05
1.2209020071973783e-05
1.2789059623673067e-05
1.3374814899582798e-05
1.401353062080184e-05
1.4519722590534594e-05
1.4940260925195596e-05
1.52930534680359e-05
1.5512608171440237e-05
1.562653116674308e-05
1.5766998198710915e-05
1.5982060160043197e-05
1.625249942974633e-05
1.6504627007932855e-05
1.666679672287813e-05
1.6319040316791258e-05
1.5899861811562863e-05
1.5334173414329513e-05
1.473619851118325e-05
1.4138845553516059e-05
1.3527681243589814e-05
1.2944151443212487e-05
1.2399813082301855e-05
1.1915827984647838e-05
1.146825096268214e-05
1.1054041285772853e-05
1.0572999652128629e-05
1.0208318597632686e-05
9.88658797934243e-06
9.597815675510633e-06
9.240055944387768e-06
8.873057184075674e-06
8.549025981458854e-06
8.084192043915803e-06
7.528884771712789e-06
7.06779790050183e-06
6.703029773468293e-06
6.602193197100149e-06
6.658672213044358e-06
6.7263342169154545e-06
6.806330027212908e-06
6.926368943432434e-06
7.002994639375907e-06
7.024097087960809e-06
7.063710114007465e-06
7.11737911264892e-06
7.166591305730671e-06
7.165395395918133e-06
7.11246347046096e-06
7.0856558426514745e-06
7.056822942459977e-06
6.963419185897631e-06
6.869344173875851e-06
6.717132073829797e-06
6.426640367063486e-06
6.056652918102056e-06
5.744187778386063e-06
5.464147278300306e-06
5.284823410838816e-06
5.156593861814154e-06
5.127877992522857e-06
5.120549143390188e-06
5.140730126507679e-06
5.166503972325757e-06
5.090982893240933e-06
4.947129669657515e-06
4.680531909353403e-06
4.3850136220956165e-06
4.2136185572472464e-06
4.064878138050679e-06
3.932748359932789e-06
3.811963927703974e-06
3.7105863675526046e-06
3.6839560832186686e-06
3.695480203987085e-06
3.6859457871121115e-06
3.668430191642078e-06
3.663133482884719e-06
3.6877182356355755e-06
3.722959908240717e-06
3.7623894499613273e-06
3.8085524981966405e-06
3.8861312855079875e-06
3.9858066617184275e-06
4.100597100238757e-06
4.242186614583049e-06
4.457471190822096e-06
4.761018073582559e-06
5.082960070200104e-06
5.347018158067752e-06
5.354966075900303e-06
5.4048273318169654e-06
5.517031864351148e-06
5.684796036681296e-06
5.885623073929338e-06
6.075630306932249e-06
6.321295009127794e-06
6.648923352512857e-06
7.107726702011283e-06
7.556344457124852e-06
7.821938983030586e-06
7.961994522883021e-06
8.095065137187864e-06
8.187495603787527e-06
8.141666822094326e-06
8.08136276836366e-06
8.031666726928598e-06
8.111398485867605e-06
8.274165030234928e-06
8.46883460165247e-06
8.36269445602781e-06
8.219181184133113e-06
8.137315938713546e-06
7.969030223880008e-06
7.829678328789214e-06
7.730644481930255e-06
7.611962492811644e-06
7.496718536932738e-06
7.382323466109769e-06
7.19286356709521e-06
6.944149582137782e-06
6.7001834245448826e-06
6.462649980473141e-06
6.206292850017557e-06
5.964120095156344e-06
5.7273265416654975e-06
5.49262312717289e-06
5.259158876081383e-06
5.039020930685917e-06
4.927853119257088e-06
4.790625578104699e-06
4.688526740186605e-06
4.621354337851156e-06
4.553782994054843e-06
4.4801867292690434e-06
4.409621818851953e-06
4.33593100549259e-06
4.287133289766847e-06
4.261374947791863e-06
4.231848601540382e-06
4.133372330757992e-06
4.035193886334331e-06
3.943166039445625e-06
3.883991816160201e-06
3.832143223008968e-06
3.823181050732812e-06
3.7308340178447853e-06
3.6153325828515304e-06
3.5665937552109288e-06
3.5457950263546806e-06
3.540054304920234e-06
3.4892912424914396e-06
3.442795183421862e-06
3.4045406005037035e-06
3.3765130705845543e-06
3.3494992126112223e-06
3.3421868145688014e-06
3.359051933891185e-06
3.391047291695857e-06
3.424283060679735e-06
3.417294395055359e-06
3.388891272655076e-06
3.379012913614719e-06
3.40440459607653e-06
3.4217469574593288e-06
3.482300816387898e-06
3.5616585780210196e-06
3.655629042756404e-06
3.838234277875679e-06
3.9664447284101404e-06
4.0155515425784675e-06
4.069162711247271e-06
4.088269897277193e-06
3.9877904801317724e-06
4.000487120943768e-06
3.964713349185e-06
3.9973601151218824e-06
4.0933919936589795e-06
4.257858453492825e-06
4.496170928731919e-06
4.721446147507687e-06
4.931339011135632e-06
5.006061536727054e-06
4.950246893681794e-06
5.029447705185208e-06
5.136085506380758e-06
5.24398564229168e-06
5.293860668237522e-06
5.109096477586097e-06
4.983922553514091e-06
4.840016467071038e-06
4.75738030907714e-06
4.698402253384218e-06
4.65068806948139e-06
4.599193172970477e-06
4.285777820988737e-06
4.098759943923855e-06
3.861584417961424e-06
3.640263997203481e-06
3.4663611222575105e-06
3.264783042015134e-06
3.21977491830545e-06
3.30095265452062e-06
3.3445097766449248e-06
3.4401021905170065e-06
3.4143046678423448e-06
3.3501600120485497e-06
3.2333266387112136e-06
3.0446140969832692e-06
2.8662899935491658e-06
2.7054756196585083e-06
2.5622094564628372e-06
2.402029348607727e-06
2.266375982325402e-06
2.122612929208279e-06
2.004040890801753e-06
1.939708784427346e-06
1.8454494358344268e-06
1.7484173398555647e-06
1.671286684292577e-06
1.7275045949135563e-06
1.7530102210684681e-06
1.71410496959342e-06
1.6547719901422542e-06
1.3896520817843444e-06
1.0365504204522564e-06
7.591802026801854e-07
5.711148455570918e-07
4.825526088708803e-07
4.89291359913189e-07
4.772928635372993e-07
4.4362833828453643e-07
4.1313329718027195e-07
4.315978138508922e-07
5.260819439262536e-07
6.72359375878306e-07
8.41720562770362e-07
9.760941650168189e-07
8.76032838823844e-07
6.685005116189347e-07
4.852716314138246e-07
4.049440318733986e-07
3.752295482932855e-07
5.011941178002736e-07
6.332056262039588e-07
7.353042017444044e-07
8.516453238854528e-07
1.0198098483715617e-06
1.2129538365224763e-06
1.2779819433171015e-06
1.3169848701662745e-06
1.28867715609495e-06
1.17417449697901e-06
1.0545814476597544e-06
9.291482409890076e-07
7.555047021645894e-07
6.433354646507408e-07
5.922378543527664e-07
6.557045176560923e-07
7.511947207577051e-07
1.085038454259479e-06
1.4622136021682349e-06
1.7897491416565889e-06
2.2495740683899723e-06
2.440751285013785e-06
2.6153602459698164e-06
2.834608742291321e-06
3.1111756808241527e-06
3.5174529675752696e-06
3.824989370614678e-06
4.027179400234379e-06
4.274068719258145e-06
4.410402920123596e-06
4.567857817408625e-06
5.228305685998643e-06
5.427370521013657e-06
5.845581943708208e-06
5.851055201118237e-06
5.8280614666983345e-06
5.542730801630764e-06
4.840984928882466e-06
3.7650413998876616e-06
2.8464121705491165e-06
2.0380665747583656e-06
1.4718695920759361e-06
1.1255672824161727e-06
8.312121585378245e-07
5.452578924886974e-07
3.4050099983343e-07
2.316702769487883e-07
2.0604057245416426e-07
2.3623027020723618e-07
3.128662051638941e-07
3.793337545115259e-07
4.691476155050398e-07
5.397013448506832e-07
6.131702327384115e-07
7.295606272391048e-07
8.640301890479652e-07
1.169190893473612e-06
1.5057637900134886e-06
1.96430652663802e-06
2.6482865012383743e-06
3.2984163708869455e-06
4.068093324851677e-06
4.8121599657823906e-06
5.6316370929149115e-06
6.509340210425293e-06
7.197096259507893e-06
7.810918428708085e-06
8.339932507286674e-06
8.80890173299643e-06
9.222207872657975e-06
9.561997561276871e-06
9.810275535102329e-06
1.0203179911556317e-05
1.0626573550321121e-05
1.1069064711841952e-05
1.1469149651535045e-05
1.1861746005820419e-05
1.2236285379154713e-05
1.2624348491544232e-05
1.2848476156847696e-05
1.2943108764877387e-05
1.2896726375177461e-05
1.2655591714062063e-05
1.2275816521583288e-05
1.1714673176928758e-05
1.1100122649035824e-05
1.0531320252985187e-05
9.946490853111947e-06
9.360906450469154e-06
8.844740332387834e-06
8.315271736622476e-06
7.813164138256871e-06
7.287111833363072e-06
6.760597449193736e-06
6.2121576521270834e-06
5.669552133108196e-06
5.124137910014712e-06
4.6582565854854705e-06
4.17404230017237e-06
3.6547849843560985e-06
3.174919221654006e-06
2.7341382526756257e-06
2.3576034909433574e-06
1.9844331535576428e-06
1.6839302903521502e-06
1.477096874847648e-06
1.4617630927051254e-06
1.5658108609178736e-06
1.630151544704009e-06
1.6758653874560335e-06
1.7441954349947554e-06
1.7609399180699979e-06
1.7416187403161144e-06
1.7226133667543066e-06
1.7136643454050632e-06
1.7172736517484212e-06
1.713120086037876e-06
1.6950866490551127e-06
1.6197051420464108e-06
1.4489446639466838e-06
1.2509876986141842e-06
1.0650729520060314e-06
9.076833180260208e-07
7.785010645712216e-07
6.752771156079789e-07
5.992455888921293e-07
5.757532491371612e-07
5.718293885495046e-07
5.706933178169306e-07
5.657885075757311e-07
6.017821458304996e-07
6.824943581185e-07
7.938631295216156e-07
9.180185276561925e-07
1.058140303966062e-06
1.1968508359304665e-06
1.2405797588173373e-06
1.1361559247768133e-06
1.034146865842453e-06
9.855140000005344e-07
9.53376172518457e-07
9.573823876189144e-07
9.719477405618326e-07
9.774420162740273e-07
1.0213894723339493e-06
1.1291099745703093e-06
1.2917224354947348e-06
1.4321021686347399e-06
1.5514582460349607e-06
1.7068100610726918e-06
1.898759488957446e-06
2.1191086543676115e-06
2.3806930722213752e-06
2.716007841090536e-06
2.9887803818787327e-06
3.2062714812191858e-06
3.4509340917502645e-06
3.752418096686017e-06
4.034283308761608e-06
4.311653956827348e-06
4.70548153455373e-06
5.207566732531382e-06
5.573615611399719e-06
5.983859577686077e-06
6.517111739483514e-06
6.954290205136086e-06
7.1652724791136655e-06
7.114324640778224e-06
7.0356293711832555e-06
7.016540595816911e-06
7.062555784818429e-06
7.014377218544879e-06
6.594238988519614e-06
6.052053535717548e-06
5.752768642371635e-06
5.439147578535397e-06
4.927316735652975e-06
4.431711564276995e-06
3.966465411490872e-06
3.548024060484891e-06
3.2179566067396163e-06
2.88041178002352e-06
2.525216403473582e-06
2.114594074559937e-06
1.802163768231723e-06
1.6099825439009361e-06
1.5553753272951676e-06
1.4911165422504402e-06
1.470155409526797e-06
1.42846376494174e-06
1.4158181510702177e-06
1.5005978372811054e-06
1.5910300269540521e-06
1.7058745150672074e-06
1.7611799833330496e-06
1.8340491886886474e-06
1.9407394605870903e-06
2.026841208988133e-06
2.1483453450395995e-06
2.246545179433619e-06
2.344066323558971e-06
2.3916311746575728e-06
2.4941987846995603e-06
2.578204442215164e-06
2.64784600036175e-06
2.6105221815338253e-06
2.5709603653987604e-06
2.5251506352231688e-06
2.4936986716351005e-06
2.4987189383799275e-06
2.51143116347281e-06
2.525061128477986e-06
2.555124202063494e-06
2.6578961768216864e-06
2.679238842596163e-06
2.7329916307666663e-06
2.796684242492859e-06
2.8535449748163515e-06
2.8950744485233606e-06
2.957579347224089e-06
2.9098817439250754e-06
2.8290873515753998e-06
2.8187464036575086e-06
2.8316152707337324e-06
2.8461811754443365e-06
2.8937783724472275e-06
2.9967769522206606e-06
3.153241866582574e-06
3.354373940292619e-06
3.4744704739855104e-06
3.612561047850381e-06
3.7416960335955777e-06
3.904811452951553e-06
4.1047160550205644e-06
4.347522061388942e-06
4.491132984855901e-06
4.680132429636595e-06
4.875789305022329e-06
5.086262652290031e-06
5.27820414218188e-06
5.5186093771150665e-06
5.793330776365315e-06
6.102686948824762e-06
6.427144445299162e-06
6.860048808606208e-06
7.357524399041847e-06
7.889247253075261e-06
8.254797735561436e-06
8.409632900167052e-06
8.594797801769796e-06
8.814407116190863e-06
9.07732883404521e-06
9.388685547072242e-06
9.64598062825479e-06
9.987604955542689e-06
1.041374737944107e-05
1.0789561085667368e-05
1.1209732609996965e-05
1.1581168407558318e-05
1.1680587122030889e-05
1.1812972208419863e-05
1.19362763950273e-05
1.1908938130040011e-05
1.1798730927262788e-05
1.1642685999588492e-05
1.1520717885025813e-05
1.143418631273944e-05
1.1405185618917555e-05
1.140981389920358e-05
1.1363485166717549e-05
1.13356939982285e-05
1.1365688196889289e-05
1.1440095758012792e-05
1.1522219517134094e-05
1.1339420052557095e-05
1.1011340103482256e-05
1.0568772958769844e-05
1.0106696246677694e-05
9.55903972079711e-06
9.068767001762069e-06
8.571776472289392e-06
8.15068912973323e-06
7.941815247443256e-06
7.964073146066153e-06
7.997048519396591e-06
8.01436862098092e-06
7.911836719148983e-06
7.831036104612427e-06
7.747198599892132e-06
7.572353659185269e-06
7.3638747092459745e-06
6.996759054220766e-06
6.312154155900583e-06
5.831941026189571e-06
5.507236656918106e-06
5.1269430851476365e-06
4.678701048635438e-06
4.1553685599805305e-06
3.73014538837653e-06
3.3580006962428764e-06
3.0261487342947663e-06
2.6822058625393086e-06
2.2332157530106103e-06
1.8159630634713362e-06
1.6052774336899364e-06
1.4366845672020324e-06
1.1248160357213202e-06
8.575850313422385e-07
6.030487506177958e-07
4.3364386854310425e-07
4.3422824745117505e-07
5.961158936015884e-07
9.428718839211191e-07
1.4836104612245724e-06
2.041561862557415e-06
2.4630304862208077e-06
2.6493317854451177e-06
2.9147033353603835e-06
3.1553205126539844e-06
3.220575455158064e-06
3.0439500685815492e-06
2.9178118396521973e-06
2.8814619409261995e-06
2.9110368561177562e-06
2.987731245126126e-06
2.99723609602571e-06
2.51646146941465e-06
2.1304773476001447e-06
1.8156510194564217e-06
1.5333154960912605e-06
1.2813539665871685e-06
1.0090954194625973e-06
8.913928678384503e-07
8.045417772420813e-07
7.638817020880235e-07
7.276824085495647e-07
7.530750883912137e-07
8.227254651018303e-07
9.636909734897745e-07
1.0573348375075155e-06
1.109986616839646e-06
1.116062247592443e-06
1.1158163650169717e-06
1.067305701817557e-06
1.0451312584200382e-06
1.0127147183425156e-06
1.0048425025474174e-06
1.0409048211302365e-06
1.0051583307735568e-06
1.0212870428833741e-06
1.1130079100440856e-06
1.3069148456436011e-06
1.8024432735958047e-06
2.375043723665068e-06
