1.2915274878291425e-05
1.0543273238867399e-06
1.2226345789642647e-06
1.2968815809785027e-06
1.2725407164100347e-06
1.2023590576313398e-06
1.1494326842253336e-06
1.081991082518272e-06
1.0258271743206438e-06
9.730099444376237e-07
9.496193470160351e-07
9.432659394235764e-07
9.568582410294244e-07
9.849942364532697e-07
9.96100706145445e-07
9.954505888880301e-07
1.0029142518437442e-06
1.0709539069598546e-06
1.1637518117885582e-06
1.335031713213696e-06
1.5639664958374889e-06
1.8770400056430396e-06
2.2467580975356333e-06
2.5607171970290942e-06
2.8869463607038165e-06
3.2026836000798943e-06
3.5514705522159008e-06
3.8992585293308925e-06
4.259424401500591e-06
4.677193726179006e-06
5.11732429423173e-06
5.263172103022591e-06
5.303710217632522e-06
5.334939899265475e-06
5.350134131034461e-06
5.386910379468026e-06
5.533402986041849e-06
5.7834812991421785e-06
6.023935657834996e-06
6.24761003082572e-06
6.469893777689532e-06
6.60930682672068e-06
6.746642925122138e-06
6.875973085190809e-06
7.00309931424963e-06
7.170302164297017e-06
7.358222568306028e-06
7.561600312183307e-06
7.779031632453673e-06
7.982534207024227e-06
8.057186094723423e-06
8.081817498056978e-06
8.081741767160191e-06
8.069057974261761e-06
8.05477712173484e-06
8.027899925208217e-06
8.01452074422037e-06
7.968834382436687e-06
7.856771668231527e-06
7.71331381931669e-06
7.547914439533334e-06
7.34585715041053e-06
7.052537630079224e-06
6.677636767436452e-06
6.322416753349995e-06
5.968710367164005e-06
5.5389627418889925e-06
5.106219396040607e-06
4.661251293653439e-06
4.2197082783022715e-06
3.762593941006663e-06
3.3243849302702794e-06
2.9981026208116337e-06
2.8319106684700517e-06
2.712819182523718e-06
2.6429980870101435e-06
2.641058024680384e-06
2.649023845977876e-06
2.675335063552786e-06
2.7183423486621254e-06
2.7732623874598866e-06
2.8432087790903216e-06
2.895202703914169e-06
2.8739758680138994e-06
2.8556632096752304e-06
2.8522175606287074e-06
2.843203859851878e-06
2.822586001649256e-06
2.8060468251700976e-06
2.7994784210228466e-06
2.8051183711010814e-06
2.816698679372261e-06
2.8313168102493806e-06
2.8520475098429073e-06
2.84040511179297e-06
2.7860401619216375e-06
2.7162921418908566e-06
2.655529930548402e-06
2.607990953158001e-06
2.576769890446396e-06
2.564248726005948e-06
2.5898461643463364e-06
2.6239538259266865e-06
2.6876595271695493e-06
2.781620358428138e-06
2.872183432481658e-06
2.9110096737529564e-06
2.947757841231252e-06
2.96277568702563e-06
3.0018700851704067e-06
3.043384030261634e-06
3.1003117915146524e-06
3.163808162335714e-06
3.2136705881821115e-06
3.269709111912848e-06
3.3335618951524842e-06
3.4105157116021033e-06
3.502312291837324e-06
3.507612913535216e-06
3.5312065817198906e-06
3.5711174180768393e-06
3.6160291419540606e-06
3.6714838632188813e-06
3.7219597585996134e-06
3.7851275008958146e-06
3.8960592297851225e-06
4.052065196213284e-06
4.233670074176897e-06
4.468649513996307e-06
4.709817687420376e-06
4.900522425151261e-06
5.058161710471291e-06
5.237874553188598e-06
5.475769698310477e-06
5.798748957188093e-06
6.159201147826188e-06
6.540942879608936e-06
6.837425293719445e-06
6.970735307900803e-06
7.0840794143032875e-06
7.199141608314355e-06
7.357624339626396e-06
7.5268497948328965e-06
7.673488742968669e-06
7.84742757727809e-06
7.920856179686746e-06
8.015873643693295e-06
8.19393898275005e-06
8.467969395051833e-06
8.855179456631381e-06
9.226419980091067e-06
9.57890047866445e-06
9.878379123334915e-06
1.0124747559361966e-05
1.0289610083823737e-05
1.0261431075408778e-05
1.0150691566829576e-05
9.972249754515704e-06
9.721051537599857e-06
9.512066593440372e-06
9.415440000541072e-06
9.301154544398532e-06
9.164911731070753e-06
9.09602232344752e-06
9.081029095271123e-06
8.952744975732079e-06
8.855959553839004e-06
8.759742373601837e-06
8.617660872325645e-06
8.397300435593427e-06
8.247028665968776e-06
8.046731129064028e-06
7.838452701375644e-06
7.585635702218484e-06
7.345027544691724e-06
7.07789331202536e-06
6.801206064221172e-06
6.5519405868507925e-06
6.321146245191167e-06
6.050549430592077e-06
5.7771580128198755e-06
5.527341699493861e-06
5.285198762252679e-06
5.079695004435996e-06
4.9538006295187776e-06
4.829558642564002e-06
4.707201017132104e-06
4.615727547440866e-06
4.564474771336734e-06
4.5241685575692925e-06
4.467472564990804e-06
4.456607556558263e-06
4.441833249807813e-06
4.4289708878778576e-06
4.419802078496819e-06
4.408380999569645e-06
4.392523250052151e-06
4.374340409071592e-06
4.362103541620868e-06
4.35152165016091e-06
4.24433064200801e-06
4.112554398668422e-06
4.020601218378418e-06
3.976458901755344e-06
3.95695370486304e-06
3.941871332711675e-06
3.93986734765713e-06
3.956320742016361e-06
3.964051250757552e-06
3.973641181217423e-06
3.920174045999797e-06
3.883161031046862e-06
3.859204858098129e-06
3.869166855344242e-06
3.870796394508152e-06
3.874824175411061e-06
3.88361768378697e-06
3.885381044044705e-06
3.874176885538437e-06
3.866196735239574e-06
3.856024136816767e-06
3.845714481837038e-06
3.8755282325746e-06
3.896149338320831e-06
3.928095631635475e-06
3.95503650521023e-06
3.988608575521709e-06
4.034087806145542e-06
4.089401841498496e-06
4.14711304969553e-06
4.2149472030526095e-06
4.368340518484065e-06
4.3890943523518404e-06
4.4232260487777625e-06
4.474740519653538e-06
4.541298036527145e-06
4.6231709437980365e-06
4.548696329590591e-06
4.568119940793435e-06
4.6447974299933315e-06
4.632198470849982e-06
4.577911223282565e-06
4.485920801282386e-06
4.415464370911582e-06
4.366141381644673e-06
4.350863223130491e-06
4.3711284655226166e-06
4.477338201878587e-06
4.598393397551852e-06
4.7454309434246435e-06
4.862722458905889e-06
4.974516256599373e-06
5.090428460526499e-06
5.212395178203772e-06
5.3147183152111735e-06
5.403860868528613e-06
5.45396024014848e-06
5.538384170708768e-06
5.646214239268557e-06
5.745413940780591e-06
5.862591060683299e-06
5.8707443052492035e-06
5.648930105777242e-06
5.367207909979533e-06
5.081047753245796e-06
4.790671612683348e-06
4.501763156481937e-06
4.228820008506135e-06
3.983105220362118e-06
3.7973724359381084e-06
3.752013511122309e-06
3.7105883705327944e-06
3.6023144764860718e-06
3.467014022193593e-06
3.3263654327288956e-06
3.1821659601111498e-06
3.0053894535157565e-06
2.781495869584333e-06
2.5454859032081903e-06
2.3050928315591083e-06
2.0924475230931052e-06
1.940295205678446e-06
1.824595854838223e-06
1.7074544363582747e-06
1.5919236991783975e-06
1.4756302903044038e-06
1.3589390549844956e-06
1.241733377273852e-06
1.1223342271512195e-06
1.0299782556309535e-06
9.573268855855117e-07
9.02080248331427e-07
8.532587959117703e-07
8.588524172137284e-07
8.754289215565669e-07
8.92127552865412e-07
8.044917821842814e-07
7.353316107037826e-07
6.615058993849225e-07
5.901287047983379e-07
5.247207471935252e-07
4.74573987687768e-07
3.836634260668041e-07
2.977378758785869e-07
2.3079754135029074e-07
1.939053393696691e-07
1.6483245732968173e-07
1.364175276578251e-07
1.1457001761372153e-07
1.1417883153726793e-07
1.366114460363218e-07
1.770470597264777e-07
2.2347131836946486e-07
2.8608353926776115e-07
3.824491506269845e-07
5.115098765137704e-07
6.142542423227522e-07
6.136805235832922e-07
6.412510967350903e-07
7.818354903118577e-07
9.007619511478611e-07
9.129239712711628e-07
8.286977636147255e-07
8.006205936960959e-07
7.863804357045026e-07
8.631592541526775e-07
9.226698056207401e-07
9.616767739757582e-07
1.0435649746774039e-06
1.0739135828785016e-06
1.1414706115887012e-06
1.2185735447311964e-06
1.3266615961826012e-06
1.3567244123590788e-06
1.3988623403562746e-06
1.4397255208806153e-06
1.5801110231637982e-06
1.7935166545930623e-06
2.1786477654986497e-06
2.512791773288798e-06
2.5865069522490077e-06
2.700869838175498e-06
2.6157507633474947e-06
2.6572888278504323e-06
2.7729942935102085e-06
2.975369914763071e-06
3.1653063801232677e-06
3.2954537207616223e-06
3.4882157794542422e-06
4.1787710620598225e-06
4.886821196697547e-06
5.592523549637773e-06
5.907645130455343e-06
5.973212741498597e-06
6.101518534950121e-06
6.230937393747643e-06
6.355937963502636e-06
5.905628956648787e-06
5.4455650036624215e-06
4.9241545579287534e-06
4.354183644894415e-06
3.5235105746536543e-06
2.6953126726693166e-06
2.034696578215987e-06
1.5426319509469571e-06
1.0669383822072107e-06
6.91116558418826e-07
4.647841587494423e-07
3.236852830878335e-07
2.616720220455773e-07
2.6854303956477145e-07
3.274843195840634e-07
4.0225542132674107e-07
4.7524918852205377e-07
5.634607297838027e-07
6.559714931513429e-07
7.507702487398315e-07
8.492229183943736e-07
9.536888021998253e-07
1.0588395167733766e-06
1.151392902578376e-06
1.270997578903669e-06
1.409721248032988e-06
1.5662723970701736e-06
1.7661328485012271e-06
1.9782459805505057e-06
2.0598457945919685e-06
2.1877736078600393e-06
2.3483060904211633e-06
2.4814559838259215e-06
2.6897760716267923e-06
2.9409421656876667e-06
3.224843075064484e-06
3.3524562924678946e-06
3.53892956295636e-06
3.756662467980053e-06
3.902048953983654e-06
4.033281655811909e-06
4.167321819359688e-06
4.2834006768384795e-06
4.445289859539715e-06
4.620965545984566e-06
4.85690427740201e-06
5.09311428412985e-06
5.329944276508015e-06
5.570487815208793e-06
5.809190033080501e-06
5.975723621075171e-06
6.00686174171954e-06
6.0278712045710125e-06
6.025843394982377e-06
5.900834314726571e-06
5.752496114901446e-06
5.599231527463575e-06
5.443889667892366e-06
5.256520288565207e-06
5.054388763919549e-06
4.838362483590465e-06
4.608994969712455e-06
4.372918476620297e-06
4.130465634508175e-06
3.897312727782519e-06
3.672509232948512e-06
3.457058654547947e-06
3.2258273524116227e-06
2.996988119003031e-06
2.7721133542421837e-06
2.6273034697361174e-06
2.468140340108299e-06
2.2386124788111863e-06
2.0081723405818444e-06
1.7722933894822586e-06
1.5700093677702454e-06
1.404555066429025e-06
1.2480488523324464e-06
1.1121818070824166e-06
1.002486778528236e-06
9.175182513635745e-07
8.304133576962317e-07
7.787485287933027e-07
7.576853312111037e-07
7.632138292369032e-07
7.71332584494477e-07
7.555135815299166e-07
6.613477679846513e-07
6.123467395868944e-07
5.716573742648487e-07
5.322785732492948e-07
5.008103575406572e-07
4.6347301110894837e-07
4.310253469335962e-07
4.0319660740920356e-07
3.853937944759011e-07
3.810072298818172e-07
4.0823648622506107e-07
4.676701091693218e-07
5.348610356694535e-07
6.116710541562511e-07
7.023305295441097e-07
8.092804322625169e-07
9.102394142191466e-07
1.0147720572406403e-06
1.1268468889764005e-06
1.2299352966047237e-06
1.330871334099015e-06
1.4363207800300041e-06
1.5501521253762244e-06
1.6737753043182167e-06
1.8088964472533864e-06
1.956733318413555e-06
2.0308849624121165e-06
2.0206404449796566e-06
1.9510955351124926e-06
1.8372766344991094e-06
1.7081810170611046e-06
1.5827414403841187e-06
1.4726166688686306e-06
1.364499228074225e-06
1.2744213788426687e-06
1.3507077899905777e-06
1.542071437011616e-06
1.7685344363391783e-06
2.028268485026779e-06
2.303472868000968e-06
2.547508389047219e-06
2.801370057805943e-06
3.070994560454858e-06
3.361234420865541e-06
3.689655575661588e-06
4.038020358316939e-06
4.40906477919992e-06
4.811681805808236e-06
5.201137696116189e-06
5.555319355391593e-06
5.896623552758487e-06
6.050932873933254e-06
5.936860320905763e-06
5.846010001662244e-06
5.861794647725784e-06
5.926664860371314e-06
5.9952921181671e-06
6.030073813349827e-06
6.117705174238223e-06
6.330805856657167e-06
6.544122069564097e-06
6.7853342825069455e-06
7.0497595570381965e-06
7.320633124259106e-06
7.705956395820827e-06
7.6024953303743516e-06
7.465985311074664e-06
7.606492049053466e-06
7.5370258969260975e-06
7.500007708273635e-06
7.55371750344761e-06
7.672478220367007e-06
7.77641918847413e-06
7.69158242925542e-06
7.3863214258034895e-06
6.9591698208812925e-06
6.64117985335176e-06
6.387011429045227e-06
6.18692664768943e-06
5.9879662573676995e-06
5.646729234795567e-06
5.280921948123312e-06
4.932171652759132e-06
4.605682530276996e-06
4.322932493532925e-06
4.035440025638057e-06
3.76972482712713e-06
3.535353954846666e-06
3.2415019070917824e-06
2.960144588738472e-06
2.6651284358014245e-06
2.482539650169473e-06
2.344045186889803e-06
2.2195812140381124e-06
2.103797715588902e-06
1.998595622360944e-06
1.8938221988605398e-06
1.807761633670194e-06
1.8908091426126321e-06
1.9188052333461887e-06
1.9784015623918725e-06
2.019384044046955e-06
2.0647061091109723e-06
2.10617933795063e-06
2.1506002665729125e-06
2.175010496936878e-06
2.19634553434705e-06
2.20388315363315e-06
2.110111493456076e-06
2.063429616595791e-06
2.0652223253942224e-06
2.08637216478427e-06
2.133751637340933e-06
2.1597479406572104e-06
2.140473757003433e-06
2.1261772017698694e-06
2.105822848384794e-06
2.08346285010655e-06
2.086450010223774e-06
2.0940647660176084e-06
2.11312029351282e-06
2.1270234027355195e-06
2.1443935775351635e-06
2.1651889963908175e-06
2.189142462999669e-06
2.216902546076088e-06
2.2168724191370757e-06
2.1072906107249833e-06
2.0308186839411555e-06
2.0057386948242894e-06
1.9900717999580774e-06
2.0118140070623667e-06
2.0439548520647298e-06
2.0803593465885644e-06
2.1350465482899006e-06
2.206825809293513e-06
2.2777738732759905e-06
2.3892673389053495e-06
2.524163534770808e-06
2.6548577817244866e-06
2.771339691159395e-06
2.8465686920422343e-06
2.9554419920532267e-06
3.079727010338935e-06
3.2153163103771656e-06
3.37184677432868e-06
3.5497228105664173e-06
3.751124119018941e-06
3.91879015190522e-06
3.996156978678555e-06
4.094792019426141e-06
4.245541646731787e-06
4.397015407785764e-06
4.566305892787089e-06
4.767814678739728e-06
4.9991558534674506e-06
5.2631206558209915e-06
5.535635012244251e-06
5.8260083369234094e-06
6.139622427612817e-06
6.449651226683444e-06
6.759792598086314e-06
7.097041162656999e-06
7.4621486624486266e-06
7.855294343432554e-06
8.090459948576213e-06
8.45583498081444e-06
8.826415880116411e-06
9.196871726209122e-06
9.453887920518053e-06
9.659216360738262e-06
9.873980125723483e-06
1.011655335773235e-05
1.0387017849662648e-05
1.0580280873199067e-05
1.077589277880929e-05
1.1016589985134851e-05
1.1171812098789878e-05
1.1280635032179338e-05
1.136283108264201e-05
1.1422582180369136e-05
1.137969933394219e-05
1.1400844912419108e-05
1.149109386757293e-05
1.1581588534190374e-05
1.1671318214289927e-05
1.163034531991607e-05
1.1511550366428682e-05
1.1358397131819165e-05
1.1143237611942163e-05
1.0962154689595976e-05
1.0774936596895296e-05
1.0583354936533633e-05
1.0309471868047515e-05
9.925290810102293e-06
9.513747989688517e-06
9.090533921248735e-06
8.66179383027289e-06
8.272826169263716e-06
7.939052472901607e-06
7.59703674745997e-06
7.247542713019878e-06
6.8945598064062295e-06
6.6466308699981895e-06
6.470819443289684e-06
6.295373158339032e-06
6.044167960402946e-06
5.800429044069178e-06
5.549334746210936e-06
5.3492133325051705e-06
5.257072997217916e-06
5.179640919360125e-06
5.115118920041943e-06
5.033137848986913e-06
4.659715244762944e-06
4.230176826794672e-06
3.7923459043360143e-06
3.38815037569228e-06
2.9481755132314276e-06
2.5738029672700583e-06
2.43334343373581e-06
2.2657283936802777e-06
2.095908549106718e-06
1.9054047354292694e-06
1.7085423944623788e-06
1.5543180787700002e-06
1.4187071936565024e-06
1.2544606580760075e-06
1.1116329853071847e-06
9.75841548587778e-07
7.973804774508089e-07
6.690978106976179e-07
6.382158454178397e-07
7.284864167361033e-07
8.879265466732919e-07
1.1201647797892851e-06
1.4088123193467436e-06
1.778825570167932e-06
2.240509714383391e-06
2.7757096520408683e-06
3.238684510165927e-06
3.7169370310496032e-06
4.332100386303022e-06
4.487682706503612e-06
4.278132871722257e-06
3.987528301028868e-06
3.828995410353269e-06
3.6975987259099746e-06
3.6096155623182883e-06
3.5062856016934137e-06
3.439570742888908e-06
3.3337393256508366e-06
3.110118233235957e-06
2.8905356723186706e-06
2.678550908552249e-06
2.4040592357258763e-06
1.9844901193679177e-06
1.6702663961085502e-06
1.3833680182138915e-06
1.1600948293693876e-06
1.0067510611836097e-06
9.28810734821888e-07
8.771197500653489e-07
8.579620948522973e-07
9.2156311440806e-07
9.195681337062087e-07
9.520239254922845e-07
9.984266479502814e-07
1.0467809455373625e-06
1.127036563462421e-06
1.2288096954079884e-06
1.26566858056653e-06
1.2776303893600206e-06
1.2374093357635984e-06
1.1756151004157737e-06
1.150130209890822e-06
1.1680270487820786e-06
1.2319851574777872e-06
1.2474523870761117e-06
1.346589819157774e-06
1.434869320810257e-06
1.7007124514922753e-06
1.9405430719722896e-06
2.281241863104311e-06
2.6691142968084783e-06
3.1672227343552126e-06
