3.0873855838649625e-05
3.935255267536322e-06
8.468945705106585e-07
9.506044171716999e-07
9.70564245816359e-07
9.74420806702903e-07
1.113872753191682e-06
1.3198233788315188e-06
1.5724701994139657e-06
1.9055043559427034e-06
2.374867634259453e-06
2.8845040749235016e-06
3.429173687201554e-06
4.0390062659891235e-06
4.776791348940698e-06
5.493491861589416e-06
6.357859235702994e-06
7.113185957541638e-06
7.967990681453906e-06
8.776364778248379e-06
9.551413433920995e-06
1.0254905977505477e-05
1.1080964702885688e-05
1.2058079444706888e-05
1.3049622520138858e-05
1.3907680543060737e-05
1.4621004778791925e-05
1.5122241634071244e-05
1.553148569778902e-05
1.5891573401204733e-05
1.6296442011737356e-05
1.6751590918152795e-05
1.7155742586453074e-05
1.7561177008918123e-05
1.8001589427638906e-05
1.849342017674194e-05
1.8806673848700576e-05
1.87559261974761e-05
1.8693307179654758e-05
1.865591145816777e-05
1.867652471302245e-05
1.848045882740211e-05
1.8054465790270565e-05
1.762859738455716e-05
1.7063367808460862e-05
1.651344863315481e-05
1.6003869257703912e-05
1.545938524487247e-05
1.4919502364069854e-05
1.4466559190875764e-05
1.407684022437857e-05
1.387560897199914e-05
1.3530470488854992e-05
1.3106511402719786e-05
1.267784640895868e-05
1.2441790716586911e-05
1.2228320975503064e-05
1.211866550660843e-05
1.1850762321578894e-05
1.1212960096020312e-05
1.0460560873489286e-05
9.795338960957657e-06
9.40676061115259e-06
9.263770581606714e-06
9.210685909283393e-06
9.206633274020298e-06
9.202468848914747e-06
9.204145990799485e-06
9.257706300304767e-06
9.305508396562177e-06
9.384497504631311e-06
9.374484444840502e-06
9.317546872801505e-06
9.262337750009566e-06
9.225366836200118e-06
9.137063044032677e-06
9.041365915128686e-06
8.657076744711697e-06
8.217041177607713e-06
7.756570545210298e-06
7.2566848764976675e-06
6.969113556964019e-06
6.763014085891088e-06
6.749975905866005e-06
6.76675137180844e-06
6.85393510384758e-06
6.638819049613203e-06
6.422244444349679e-06
6.153633041127981e-06
5.919180899847455e-06
5.735761612923353e-06
5.23846192361709e-06
4.986624123899368e-06
4.741411887279621e-06
4.5360851875432414e-06
4.277910181830657e-06
4.034940809318718e-06
3.779949235831374e-06
3.669961619781669e-06
3.7005843406815372e-06
3.6894502897400137e-06
3.673238575815809e-06
3.6860694923178263e-06
3.7775752555004548e-06
3.862291158469717e-06
3.951049216001539e-06
4.051602262678133e-06
4.203487910560987e-06
4.460920675230934e-06
4.823040584103475e-06
5.266958209166161e-06
5.4318088531771324e-06
5.456567386044657e-06
5.545596501477041e-06
5.6485865558201685e-06
5.768791381818857e-06
5.900197881262233e-06
6.131050424039638e-06
6.328325759769434e-06
6.657825523992409e-06
6.910747610201152e-06
7.161792780490917e-06
7.4506494994122666e-06
7.646867739522995e-06
7.699996890754994e-06
7.770233837848604e-06
7.851642682011437e-06
8.0303541029024e-06
8.207365849922828e-06
8.180232682256102e-06
8.12370658105385e-06
7.943639747498141e-06
7.795428523890942e-06
7.71237129657436e-06
7.63629526928205e-06
7.501739763444511e-06
7.361015883701286e-06
7.22061422964029e-06
7.080412651641576e-06
6.841536732305707e-06
6.545506927746176e-06
6.2808202139379e-06
6.0488124807429775e-06
5.827198295182856e-06
5.533666586538735e-06
5.343707147134326e-06
5.1443175528691746e-06
4.9784223821600695e-06
4.8241266286965895e-06
4.72756230580748e-06
4.643893814652968e-06
4.571433724094199e-06
4.542766131728258e-06
4.510894098309596e-06
4.451282088303135e-06
4.379437083606016e-06
4.231723531469063e-06
4.106137974513045e-06
4.027910890419699e-06
3.972159307385918e-06
3.944048953313552e-06
3.9435808083727424e-06
3.951539329166586e-06
3.979167825374783e-06
3.9052687177301285e-06
3.7645750127399425e-06
3.7190263879894323e-06
3.7076952479992184e-06
3.646161175674197e-06
3.584386845728671e-06
3.5261952651124744e-06
3.475848409990706e-06
3.458161496796972e-06
3.4539673316921746e-06
3.4619617434905264e-06
3.4993251404108964e-06
3.507331866417521e-06
3.482417049255056e-06
3.4565223065058867e-06
3.4540092977013937e-06
3.4707569377692883e-06
3.4964584788417456e-06
3.5394344437164663e-06
3.6566619414225635e-06
3.914757887738265e-06
4.105292955449354e-06
4.184423028852496e-06
4.202136328684881e-06
4.2285560933848176e-06
4.2336361690659e-06
4.1978598311446204e-06
4.0605767382951264e-06
3.995361329382996e-06
3.973638259718282e-06
4.0260519197902166e-06
4.185177715135415e-06
4.435889599541303e-06
4.668091192661231e-06
4.622398350902508e-06
3.9882858482865105e-06
3.9679445292647425e-06
3.803828216559069e-06
3.723357934410909e-06
3.5660707320488892e-06
3.463891121487237e-06
3.502145019958034e-06
3.511327458040278e-06
3.433921888328706e-06
3.401696205797988e-06
3.1451683101923887e-06
2.9843552332693182e-06
2.8003307997573297e-06
2.6832711672764677e-06
2.537413905130212e-06
2.4464875623672872e-06
2.5113868920929133e-06
2.615499057814825e-06
2.6942451637305566e-06
2.7426948568778853e-06
2.6421897451691434e-06
2.4631853728914817e-06
2.3374118823688968e-06
2.2774530679479907e-06
2.177901036040404e-06
2.0567700241890536e-06
1.9381565785236156e-06
1.8799417710925824e-06
1.898379606113589e-06
1.905122686521309e-06
1.90005589156349e-06
1.8798153009587064e-06
1.8116115540924273e-06
1.7764758110356506e-06
1.6986107491239718e-06
1.5518571123585615e-06
1.3125755134373404e-06
8.820238554221377e-07
5.825715764454766e-07
4.974257767807278e-07
5.727521439133187e-07
6.277179175857876e-07
6.587166808895215e-07
6.575113744899784e-07
6.757160904327823e-07
7.658635625975288e-07
1.0092735377649663e-06
1.3411038504491883e-06
1.503253201076369e-06
1.3952705112637043e-06
1.209536023226304e-06
9.833809059973545e-07
7.581201516600923e-07
5.234164250314024e-07
5.032147678455056e-07
5.947508385787997e-07
7.611480288265046e-07
8.785157417495864e-07
1.0151924806226038e-06
1.0562605160275915e-06
1.1088175082701767e-06
1.1542969397097132e-06
1.2624835572779824e-06
1.2278209742722974e-06
1.2172649513171793e-06
1.2600049861745507e-06
1.290301983514438e-06
1.26274089307411e-06
1.1694673804331216e-06
9.278533622635008e-07
7.875194192158091e-07
9.84845192593194e-07
1.2172414096141793e-06
1.5311610790961435e-06
1.954430240220679e-06
2.318523960222228e-06
2.6224791320421035e-06
2.84604803569422e-06
3.1476851026401654e-06
3.4881463026184994e-06
3.953545296193536e-06
4.177158437391993e-06
4.313847609589593e-06
4.45064050343415e-06
4.570701500063793e-06
4.754665523247499e-06
5.15010295244983e-06
5.47872699094518e-06
5.369041027913801e-06
5.226316350868488e-06
4.352209292658163e-06
3.1805395166587346e-06
2.2391146288560738e-06
1.5316341994030523e-06
1.0626768227416614e-06
8.061029516934244e-07
5.163683974227909e-07
2.740934515022248e-07
1.406680400600673e-07
9.584789693276167e-08
1.4229368005486968e-07
2.1736918863376155e-07
2.637918190288387e-07
3.6948315483266844e-07
5.715507807418473e-07
8.726649531061406e-07
1.2673582277130653e-06
1.8321836333695141e-06
2.7693864034205112e-06
3.6058570877791656e-06
4.394683114170916e-06
5.302573340942222e-06
6.253928973014932e-06
7.246760631435191e-06
8.508374812039035e-06
9.75054895957612e-06
1.080818489102166e-05
1.1569218074601226e-05
1.218577650770266e-05
1.2734418911671658e-05
1.3286011399386363e-05
1.3899064044453721e-05
1.4668874856361389e-05
1.5543069271572687e-05
1.5906660046530744e-05
1.607544941109179e-05
1.6184516382281295e-05
1.621064614280031e-05
1.6064247530928864e-05
1.5866256011079747e-05
1.548912113477423e-05
1.4985071773344376e-05
1.4303444906151618e-05
1.3606108347589684e-05
1.2902135582136544e-05
1.224515714845146e-05
1.1643076098799901e-05
1.1095537585986218e-05
1.0576712551540126e-05
1.0063411616897796e-05
9.693291352891061e-06
9.351709984011004e-06
8.917570810905446e-06
8.328219496404646e-06
7.742522345704772e-06
7.177640619674449e-06
6.626332612637002e-06
6.09811120678584e-06
5.619373394412441e-06
5.242339928506442e-06
4.758041750566458e-06
4.277456200895562e-06
3.7818186460877586e-06
3.2829911261280116e-06
2.86548812110835e-06
2.8359689558507957e-06
2.9178093924363173e-06
3.0098386947696225e-06
3.1053862173988685e-06
3.1842025245397643e-06
3.2129014480562323e-06
3.212433348272544e-06
3.2094698313391887e-06
3.1541963856427173e-06
2.9963818752263672e-06
2.8079446640762495e-06
2.52623199245307e-06
2.248502728509013e-06
1.993457181304514e-06
1.7627347364295066e-06
1.5575725704899983e-06
1.3776393875904245e-06
1.30481570816763e-06
1.3170837971252893e-06
1.3456881948488924e-06
1.383831656056931e-06
1.4397371160848883e-06
1.5868767587379707e-06
1.7880574049447835e-06
1.999199072258034e-06
2.219670669258805e-06
2.2540935680635153e-06
2.175326715950397e-06
1.968999039379432e-06
1.7939564954909491e-06
1.589088737299452e-06
1.2792525753775793e-06
1.1123064406834126e-06
1.0151997709606028e-06
9.563588046221289e-07
8.80136200028687e-07
9.012428578761646e-07
1.0177376205509317e-06
1.2308736215419101e-06
1.4333126021498938e-06
1.6144940122531898e-06
1.8327317539061784e-06
2.1226965145755494e-06
2.4579259737539926e-06
2.6704853249859017e-06
2.8353743783953425e-06
3.0254885757968257e-06
3.254579878352269e-06
3.358074575106162e-06
3.463827740904315e-06
3.7264892880907603e-06
4.2672113134224054e-06
4.956588575012941e-06
5.4694399808534995e-06
6.008162386106459e-06
6.022177894423139e-06
5.810191006570504e-06
5.8229584321611175e-06
5.918822159630543e-06
5.953702251214855e-06
5.502036211822916e-06
4.90638039723506e-06
4.525526187078481e-06
4.165581970586468e-06
3.6818344079724214e-06
3.209510612301952e-06
2.813773656215848e-06
2.44667127725484e-06
2.155192386592874e-06
1.8741442333928012e-06
1.633965202535855e-06
1.5469823593537043e-06
1.4737679844994092e-06
1.468069270283836e-06
1.4390710273498606e-06
1.432358032355986e-06
1.3937226170399527e-06
1.430711701378942e-06
1.5064707161375414e-06
1.6185299000614335e-06
1.711508172950711e-06
1.753579630391378e-06
1.7858377891506953e-06
1.910881425548816e-06
1.9875603502092483e-06
2.102084098442621e-06
2.2407445834043443e-06
2.4109876619358273e-06
2.5823680742749372e-06
2.7653827967966193e-06
2.8999125951406625e-06
2.9267840291238532e-06
2.9431064657169764e-06
2.9461143946538675e-06
2.9689694348338164e-06
3.0373320706708016e-06
3.1589420578913344e-06
3.254375586439095e-06
3.2804672453523694e-06
3.3470430747043097e-06
3.4345919051258258e-06
3.4296434082431413e-06
3.441273833044647e-06
3.478393785251844e-06
3.5300621151165926e-06
3.5685951251737574e-06
3.584496808671853e-06
3.4848287889729053e-06
3.437417827995835e-06
3.4265095224730914e-06
3.482623335695348e-06
3.611399073266626e-06
3.8105594410675417e-06
4.009280178741759e-06
4.1264430992244635e-06
4.268616767239236e-06
4.454178810780621e-06
4.695485971631186e-06
4.980825034512901e-06
5.256079516391743e-06
5.479619993645291e-06
5.73789809197991e-06
6.023995717113471e-06
6.2421685186603855e-06
6.462919398851886e-06
6.699845832639687e-06
6.930987768984783e-06
7.195254672707595e-06
7.499708983489895e-06
7.820308661093234e-06
8.01602137689332e-06
8.285664364587267e-06
8.570731816296967e-06
8.765209703492765e-06
8.87996247851633e-06
8.993565305961529e-06
9.132611142182396e-06
9.31063669819819e-06
9.694149988896287e-06
1.0029671619950535e-05
1.0427357571724939e-05
1.0768647058259157e-05
1.0932869769787949e-05
1.08730792707054e-05
1.101893962136032e-05
1.0996560286195802e-05
1.062674987329301e-05
1.0412690570613357e-05
1.0252845072138661e-05
1.0240836136290587e-05
1.017144173576543e-05
1.0142451544357781e-05
1.012211101212268e-05
1.0188003339889014e-05
1.0299137923090733e-05
1.0325279427923571e-05
9.97202066216518e-06
9.80816933856693e-06
9.528396030413993e-06
9.172696403312897e-06
8.864807397780085e-06
8.54671542306528e-06
8.341710492997505e-06
8.42602822702097e-06
8.414980545782671e-06
8.3619173665574e-06
8.294837664248301e-06
8.243364833339006e-06
8.159062144603629e-06
8.013593641313025e-06
7.752189558236908e-06
7.776848203529028e-06
7.4498687744704845e-06
7.216355587194352e-06
6.824960566607823e-06
6.222730200811882e-06
5.6672904261999656e-06
4.8943638706837865e-06
4.0470168379151415e-06
3.2402559975380134e-06
2.6963712192984627e-06
2.2266056977241867e-06
1.8851009445285443e-06
1.5724980254054773e-06
1.3116815391104219e-06
1.022054873898037e-06
7.314850509388307e-07
4.5366872730371637e-07
2.5041104467443517e-07
1.4778055135804223e-07
1.9864183496620494e-07
4.93746969909489e-07
1.0102058249443905e-06
1.5835992232280297e-06
1.9690725331965524e-06
2.1680929282562425e-06
2.368612578775089e-06
2.589800710129673e-06
2.8687870789420665e-06
2.8939311338029056e-06
2.7889441630622094e-06
2.805990163311221e-06
2.930353533219502e-06
3.084603701498857e-06
2.3478886994414136e-06
1.997286673937318e-06
1.6347021212090955e-06
1.3450959431837503e-06
1.1114760250378726e-06
9.61748142211083e-07
8.782976696959331e-07
8.193648081551874e-07
7.707499297696205e-07
7.630469193267953e-07
8.318365269913122e-07
1.0443793788740968e-06
1.1429002682676408e-06
1.1587260825036913e-06
1.1575778701475348e-06
1.173421544385125e-06
1.133923914341902e-06
1.0790463022075762e-06
1.0206446723686561e-06
9.099351639848394e-07
9.329750408534762e-07
9.74807284586e-07
1.0976141758673746e-06
1.246001694330624e-06
1.5820385428260423e-06
1.954565295507311e-06
