4.2252944156041836e-05
1.1254747574747689e-05
3.502737070421365e-06
1.9538852007374156e-06
2.2076647608688014e-06
2.783375151972421e-06
3.5538305390330793e-06
4.407987969849788e-06
5.3634721643935745e-06
6.354674497618888e-06
7.283965069817955e-06
8.364599660619237e-06
9.362518600297174e-06
1.0701017113819305e-05
1.2381326018944777e-05
1.4373923415809207e-05
1.6320103048157707e-05
1.794394828516954e-05
1.9570698958838515e-05
2.101892906838345e-05
2.1909757571837686e-05
2.2367594812758158e-05
2.2626746746550676e-05
2.2571230193800315e-05
2.2483316653801126e-05
2.246683530267438e-05
2.2557610450105478e-05
2.2795100766944405e-05
2.3166805675554224e-05
2.340530052743994e-05
2.353805824794832e-05
2.3625610829596266e-05
2.3326768626983997e-05
2.301469162912346e-05
2.2785793860715615e-05
2.2506439198367735e-05
2.2233309977302536e-05
2.1768572751721687e-05
2.1354223591022358e-05
2.1022809134653877e-05
2.0758516900491766e-05
2.029716633552024e-05
1.9808706714268822e-05
1.9380475283738606e-05
1.9182137144652097e-05
1.9017530994736246e-05
1.8995135260230422e-05
1.8428792553586613e-05
1.8089685425112195e-05
1.7674827455316685e-05
1.7407905462883946e-05
1.688832713800085e-05
1.6409172307234915e-05
1.6024644553212335e-05
1.586409839954631e-05
1.5371319752384586e-05
1.4716942433159349e-05
1.4283679364717236e-05
1.4029261370420003e-05
1.3644834867510404e-05
1.3287240724981098e-05
1.296920767117967e-05
1.2706447944242598e-05
1.2446226448648365e-05
1.1914616334451233e-05
1.1143883570172773e-05
1.0762545315460129e-05
1.0341530375902896e-05
1.0047301363367885e-05
9.260645313615069e-06
8.789478469127794e-06
8.522203436031839e-06
8.220117506159152e-06
7.861058190563799e-06
7.685746024494928e-06
7.068600995325545e-06
6.638602386494094e-06
6.1486194373935315e-06
5.78646826209987e-06
5.505056305967508e-06
5.350237404833623e-06
5.149151229801106e-06
4.913117582550448e-06
4.4479207594149375e-06
4.259754312316737e-06
3.94475703497839e-06
3.903319112694416e-06
3.7727688065561278e-06
3.726401004101824e-06
3.6822867874816084e-06
3.6485038657462973e-06
3.6538115552096535e-06
3.6798818510889186e-06
3.848396819087031e-06
3.969555869964379e-06
4.14429329605968e-06
4.420788243823642e-06
4.847347114788189e-06
5.270589781425961e-06
5.5662120636930224e-06
5.731612053968492e-06
5.856984299491014e-06
6.010263716662729e-06
6.121691675646163e-06
6.3897072159653054e-06
6.708249481548875e-06
6.962283507056663e-06
7.325738561341987e-06
7.637744221167916e-06
7.76363036052715e-06
7.807517529791987e-06
7.880457179994274e-06
7.920332134708829e-06
7.830311869321395e-06
7.646064326758573e-06
7.542276402610517e-06
7.565391248236903e-06
7.527546957218484e-06
7.356039846416727e-06
7.185923596873772e-06
7.0146923705991555e-06
6.841171171659159e-06
6.700498023592606e-06
6.5846043478657e-06
6.379172533100707e-06
6.1273506389684025e-06
5.873549586550343e-06
5.568920458708185e-06
5.280084496598955e-06
5.0290816305779606e-06
4.816422952535443e-06
4.692548976183517e-06
4.658305279714476e-06
4.68192456206516e-06
4.756200612919982e-06
4.814232285131258e-06
4.725628586068483e-06
4.623596927804728e-06
4.5132958852635796e-06
4.447110397127572e-06
4.381270214343017e-06
4.321997348802949e-06
4.279327613424501e-06
4.243016745279529e-06
4.1983819130060404e-06
4.173174230754572e-06
4.161733706004323e-06
4.263893386291434e-06
4.132384786608071e-06
3.960105962272371e-06
3.916516009094382e-06
3.9667234328917766e-06
4.01655720914785e-06
4.082670551629055e-06
4.1719858374625564e-06
4.295318174595786e-06
4.323721889231555e-06
4.284405025984317e-06
4.233240533182187e-06
4.232724207124838e-06
4.280201103546083e-06
4.35217585456023e-06
4.452840761194906e-06
4.575607787610404e-06
4.706461750978379e-06
4.703860643444682e-06
4.677499856700606e-06
4.538888425840667e-06
4.367430844301674e-06
4.247321797136446e-06
4.0227981195002275e-06
3.7698111443735657e-06
3.451495018794462e-06
3.1939445100372965e-06
2.9784106096012003e-06
2.776673304066381e-06
2.270530340327855e-06
1.7441808682071764e-06
1.4707151509594095e-06
1.443345618299171e-06
1.4331415986443606e-06
1.5177920786252543e-06
1.6443454123414151e-06
1.7461256312573957e-06
1.751201285109265e-06
1.8443411260216008e-06
1.7991440172078106e-06
1.7438215443322349e-06
1.6934353906748917e-06
1.8363501274497465e-06
1.978501500519464e-06
2.0870273674336186e-06
2.1337957162832325e-06
2.146887069829666e-06
2.2060666549017444e-06
2.2176465439281848e-06
2.200684621560513e-06
2.181066956690685e-06
2.2300586428696273e-06
2.2810806741399362e-06
2.1437601196395492e-06
1.9043114199544822e-06
1.6476041763038888e-06
1.4364200315922122e-06
1.1536528741402132e-06
9.018808174159999e-07
6.958039038743739e-07
3.9558493828902815e-07
2.9727456371627033e-07
5.106777141185004e-07
6.616740027360649e-07
8.232070868952703e-07
9.957889587358262e-07
1.20301739178379e-06
1.470859150376462e-06
1.6727713866654446e-06
1.9593275571242673e-06
1.9298387723278744e-06
1.8244693145460041e-06
1.7056670457258984e-06
1.5553217561453291e-06
1.185552572405427e-06
1.307941159735848e-06
1.1232275333748165e-06
9.499732724876398e-07
1.0312346704081218e-06
1.2814688674622824e-06
1.3727670724864798e-06
1.4346967842849592e-06
1.5192093947683751e-06
1.5237902116543045e-06
1.6748897357073297e-06
1.6298203056600423e-06
1.433407828107428e-06
1.3295838609144735e-06
1.2785345377638619e-06
1.1201002867929148e-06
1.2754734828968578e-06
1.5087799692684598e-06
1.8283323303267261e-06
1.8553696279435813e-06
1.8034831784583282e-06
2.2220190072655157e-06
2.7201238168278015e-06
2.891953534846376e-06
2.878950417529616e-06
2.982717112817284e-06
3.2795574761407246e-06
3.598149066504842e-06
3.725062498186215e-06
3.881786590964158e-06
4.148658372860251e-06
3.8460097509211595e-06
3.1889604012571665e-06
3.3175262076900823e-06
3.254878246577469e-06
2.9285577731260608e-06
2.400364162841424e-06
1.645790616406117e-06
1.072834141168798e-06
7.77657032115758e-07
6.722086961917643e-07
6.272645212188033e-07
6.945762138893079e-07
8.990265399899502e-07
1.2822139618524524e-06
2.1003930893865283e-06
3.5965102594630003e-06
5.471957890511765e-06
7.214470800166304e-06
9.158176235895963e-06
1.1376409144203934e-05
1.3380153459310659e-05
1.5392587697602068e-05
1.7584607630515497e-05
1.9525599172522822e-05
2.133824733384977e-05
2.2350348413280046e-05
2.296752580748599e-05
2.3150308509470453e-05
2.3262404544913327e-05
2.3380668655165216e-05
2.3147272582420123e-05
2.301854528837505e-05
2.307648582664043e-05
2.3017002384670972e-05
2.2753407127285193e-05
2.2453041912953285e-05
2.2030344408262513e-05
2.1656175156667342e-05
2.1288818216285602e-05
2.0892479844892135e-05
2.0538564570238235e-05
2.008378511445389e-05
1.9834454993025244e-05
1.963575688771531e-05
1.926542652121372e-05
1.8658838452762626e-05
1.8024603063710988e-05
1.7430660230619993e-05
1.6851297198965912e-05
1.6215863890997996e-05
1.5788435494473754e-05
1.5073258199492861e-05
1.4227912701365252e-05
1.3345391388766962e-05
1.258632438060956e-05
1.197047196578678e-05
1.146732808816584e-05
1.104037692554094e-05
1.0752251721451102e-05
1.0371081490514875e-05
9.899762060290688e-06
9.744549364585305e-06
9.776853992625904e-06
9.914344226047833e-06
9.910216403740095e-06
9.647284565099379e-06
9.294716049787026e-06
8.619319097061237e-06
7.936572918223201e-06
7.481762663444082e-06
6.7666860903201015e-06
6.181311650323827e-06
5.601042028277953e-06
5.112020329330856e-06
4.63227487479963e-06
4.366192101698356e-06
4.323325926684659e-06
4.2750781311722004e-06
4.304404492714963e-06
4.311522600881686e-06
4.601214808654901e-06
4.9396326070326535e-06
5.231294661485928e-06
4.965881344392006e-06
4.8229170670558154e-06
4.440314692256737e-06
4.105242294557158e-06
3.410427198246026e-06
2.8569637245552395e-06
2.292788640822314e-06
1.8528947440057658e-06
1.526556487354162e-06
1.3320374447168122e-06
1.005228681631866e-06
8.955268653647657e-07
8.406442014710527e-07
8.85606417173657e-07
1.058497304492096e-06
1.3397066503673013e-06
1.7108532001157624e-06
2.0619018706731556e-06
2.3845368209888694e-06
2.687425601230929e-06
2.895978176587289e-06
3.0428194079086716e-06
3.0927563401047567e-06
3.2237734071605807e-06
3.5458523040238135e-06
4.323345451069237e-06
5.187214970669664e-06
5.350657106696785e-06
5.473871478138133e-06
5.3950253769856005e-06
4.6113925088302235e-06
3.903405051877637e-06
3.521870963802032e-06
2.997109000836452e-06
2.430190449526489e-06
2.0118776893846635e-06
1.777516562867375e-06
1.6099814572169506e-06
1.5240169849139917e-06
1.5482085316391033e-06
1.6639346197078089e-06
1.743897686614116e-06
1.7990959088080955e-06
1.8135076320635817e-06
1.7423466306300343e-06
1.774700398707858e-06
1.7608189746250054e-06
1.690457288630676e-06
1.722446405590655e-06
1.7126765243430578e-06
1.6979641429136437e-06
1.7919338307545747e-06
1.8993990714564357e-06
2.057796526924593e-06
2.3222302342249073e-06
2.582235005783438e-06
2.8188807094402996e-06
3.168101827934238e-06
3.5788563348299254e-06
4.02592610854513e-06
4.459959051844627e-06
4.687663386874504e-06
4.766871794920602e-06
4.8122264047324064e-06
4.672279002154205e-06
4.573141649463121e-06
4.5039952264668505e-06
4.447454629130461e-06
4.359638206640413e-06
4.294253801993194e-06
4.273181601007042e-06
4.274811001009363e-06
4.311378142078284e-06
4.414589596656351e-06
4.4082441053406705e-06
4.571196693944485e-06
4.840419429890835e-06
5.098571129145195e-06
5.256452417705197e-06
5.44477121129221e-06
5.696467441602443e-06
6.083505092583777e-06
6.5720032209381645e-06
7.124852702077081e-06
7.642670795849389e-06
8.107019474531063e-06
8.492850563950826e-06
8.856571524062478e-06
9.22337100479044e-06
9.59575862714811e-06
9.881811363629304e-06
9.955031371531944e-06
9.726192897501855e-06
9.45606274758242e-06
9.289473406988033e-06
9.146023589945922e-06
9.050224891542656e-06
9.01651201157849e-06
8.894382721433945e-06
8.43145521414857e-06
8.108519039502031e-06
7.875495619219647e-06
7.509091063008763e-06
7.215535981554365e-06
7.314680539009511e-06
6.998824664178878e-06
6.886115228111556e-06
6.868274936081977e-06
6.8075055960820225e-06
6.682660640485291e-06
6.5435537951799866e-06
6.484894480188228e-06
6.523062373725608e-06
6.728613028151991e-06
6.784029475820719e-06
6.5875507258938215e-06
6.572176248935619e-06
6.671207359030938e-06
6.585754902133818e-06
6.680495542247616e-06
6.988434553042613e-06
7.340379202213398e-06
7.714766680789102e-06
8.133345676960775e-06
8.46778192285633e-06
8.68534714232337e-06
8.740684206428328e-06
8.6642064071161e-06
8.62061477891333e-06
7.641055036423037e-06
6.350026683337977e-06
5.1435436631417565e-06
4.049246981746374e-06
3.066614789802362e-06
2.2824078260892986e-06
1.678339009751094e-06
1.2878420204660677e-06
1.08771897852457e-06
9.695186886982391e-07
8.365474580114701e-07
6.583100645293318e-07
5.05069745621963e-07
3.779479046948241e-07
3.4763806384828097e-07
2.3315880045689555e-07
1.9696210489279866e-07
3.5011568551287483e-07
6.318164759072105e-07
1.0440955352230254e-06
1.5970422021653894e-06
1.9849622952076766e-06
2.0871902601976313e-06
2.3237090405199517e-06
2.786700495914713e-06
3.020548214038415e-06
3.050280464505601e-06
3.1230597912639466e-06
3.010940297214995e-06
2.1751779953759334e-06
1.8205226309967317e-06
1.3803656737750466e-06
1.0737725232931993e-06
9.77279297925549e-07
9.59403361689492e-07
8.917125194894776e-07
8.889745356869028e-07
1.0044607038169295e-06
1.1345341017448209e-06
1.2505153971378817e-06
1.316113853265038e-06
1.4136555943876427e-06
1.5828687690126867e-06
1.4832703637186378e-06
1.1629561233234564e-06
9.157461832310457e-07
7.453347179649437e-07
8.364525411340575e-07
8.819347675593041e-07
9.314009750050948e-07
