4.640277523653789e-05
1.486196374071475e-05
6.108602427833305e-06
3.834885351620467e-06
4.171051116005149e-06
5.041567292873929e-06
6.231397555801425e-06
7.449282367677414e-06
8.97532249874114e-06
1.0548934581679215e-05
1.2474779672888925e-05
1.4654711795121414e-05
1.6193928609478252e-05
1.774125448819581e-05
1.9654784615343757e-05
2.1246370063714352e-05
2.2262365752267724e-05
2.3606223250864197e-05
2.4286147864523432e-05
2.4660948347053208e-05
2.4933631311374864e-05
2.4996806519266847e-05
2.495346230411006e-05
2.4967445046135632e-05
2.5096148532072243e-05
2.548306692146093e-05
2.565530182278957e-05
2.5563456797178224e-05
2.541845611543258e-05
2.5249652571204053e-05
2.48714939352764e-05
2.4301723270106912e-05
2.391691074271988e-05
2.36632784497221e-05
2.356823105018551e-05
2.3412640778588216e-05
2.30468668089988e-05
2.274637362221451e-05
2.2507880926411502e-05
2.2338663696513755e-05
2.193886005467374e-05
2.1761242623481158e-05
2.1566605880764715e-05
2.146634660207794e-05
2.1331496557283728e-05
2.101734530815e-05
2.080328433036473e-05
2.0557096583077307e-05
2.007613369606319e-05
1.9179097089849226e-05
1.82482265202261e-05
1.745860192578169e-05
1.7041917363964203e-05
1.6514247878127686e-05
1.6397152220570224e-05
1.6001623049171552e-05
1.555666356414892e-05
1.5115251805652054e-05
1.45636516572763e-05
1.3892498933612068e-05
1.32697011315962e-05
1.2563993413531484e-05
1.1846382182715742e-05
1.1130635017988907e-05
1.0646374358479176e-05
9.969590566313262e-06
9.216541680242962e-06
8.829172075201764e-06
8.381183518726421e-06
8.18227599893769e-06
7.637566625445355e-06
7.009761132244444e-06
6.405995819529601e-06
5.8664548617345395e-06
5.4050551115712505e-06
5.046893651603842e-06
4.6974303185129346e-06
4.40643352483973e-06
4.167478706628854e-06
3.733862874442496e-06
3.559621376319377e-06
3.4208197046904685e-06
3.385687677365088e-06
3.42969290229088e-06
3.3770273000906304e-06
3.471494463672614e-06
3.508551102217291e-06
3.6369292879941523e-06
3.820512469954203e-06
4.074284885401511e-06
4.327328161286223e-06
4.63294387387487e-06
5.056881570544671e-06
5.3786946801053125e-06
5.621071823489935e-06
5.7687118273221065e-06
5.938202317478633e-06
6.0435918736842185e-06
6.208190741415643e-06
6.577247992829905e-06
6.88701304110942e-06
7.258520630708925e-06
7.442449146263659e-06
7.532262227289118e-06
7.700719130780867e-06
7.799849355275617e-06
7.708040440875136e-06
7.555674388436671e-06
7.418564665025517e-06
7.460607621212935e-06
7.387133426761478e-06
7.2943093209502606e-06
7.064158211774252e-06
6.862292244723492e-06
6.753011133061257e-06
6.707452903522479e-06
6.700917088892405e-06
6.679937355787902e-06
6.326514127886779e-06
5.91207549077839e-06
5.5705660618982514e-06
5.20121197599436e-06
4.881345929995384e-06
4.646098105886564e-06
4.66167903899664e-06
4.724346228213096e-06
4.804177956703304e-06
4.870714929860796e-06
4.8030197598902916e-06
4.728010638867257e-06
4.6504960905781235e-06
4.585846176576486e-06
4.515249784641102e-06
4.4334759586025e-06
4.359204188088614e-06
4.263670102253315e-06
4.169821079621576e-06
4.112195291627252e-06
4.211400522001194e-06
4.430526104013866e-06
4.4989859651779526e-06
4.2704991712659485e-06
4.062639161166425e-06
3.984281605193788e-06
4.019243343866579e-06
4.084287587092111e-06
4.202895244560261e-06
4.298900285970734e-06
4.362064326453345e-06
4.454903107704651e-06
4.5035828555998346e-06
4.600154430492846e-06
4.743710889627543e-06
4.861918662458262e-06
4.887819255887928e-06
5.201187611026686e-06
5.2130100445456064e-06
5.041032792154089e-06
4.617565376087666e-06
4.249140012215767e-06
3.837258947018102e-06
3.5021177730110723e-06
3.25490720430653e-06
2.89353418030325e-06
2.597280903269522e-06
2.2929545003493787e-06
2.007561299349669e-06
1.5474464063887769e-06
1.08706026805748e-06
8.996198621641801e-07
9.586561073138896e-07
1.068744458026919e-06
1.31752762567891e-06
1.5991532043207269e-06
1.7832047474711732e-06
1.926178021019269e-06
2.04743095072661e-06
2.1758604644038614e-06
2.4859685084293823e-06
2.705403855548842e-06
2.887934760985099e-06
3.0349569344288126e-06
3.3972262833559986e-06
3.659286872635879e-06
3.707840821482839e-06
3.6955981755421266e-06
3.6262719085138852e-06
3.431572328348505e-06
3.15757683091626e-06
2.81230842842292e-06
2.3984532848040176e-06
1.9325564209125643e-06
1.6251762383006936e-06
1.2569273800075634e-06
8.947312832683874e-07
4.399604144205194e-07
2.694049878386553e-07
5.580631387062892e-07
7.949220902511392e-07
1.041268597534471e-06
1.3482124824338482e-06
1.7135656053730893e-06
1.8783579338130638e-06
2.098399355132463e-06
2.2229538676839776e-06
2.1592556347212223e-06
2.036585114464189e-06
1.5096215427450948e-06
1.0566610377110947e-06
9.395413728718057e-07
1.251809747362492e-06
1.2162876458017115e-06
1.139360225982821e-06
1.1677456077868163e-06
1.1255402978044859e-06
1.1778741077863167e-06
1.340710295358432e-06
1.3280475694047673e-06
1.3364935765723076e-06
1.0255002232716067e-06
9.437576474019334e-07
8.338692678969062e-07
9.966426622023264e-07
9.043891829028621e-07
1.0646183341414053e-06
1.4043536451520457e-06
2.159919780679969e-06
2.5572810221436653e-06
2.406425141509193e-06
2.6281154879138548e-06
3.0489291030037875e-06
3.13652037902337e-06
3.2468171920892854e-06
3.0064847159932144e-06
2.7032545875173297e-06
2.6894880266966675e-06
3.3912823235369752e-06
3.334189377847852e-06
3.0273325404424126e-06
2.4149135449812614e-06
2.3762096384672478e-06
2.6576356181697268e-06
2.3006013802810404e-06
2.0460093354632216e-06
1.869148987395995e-06
1.6754904263698011e-06
1.7817997171970406e-06
1.964424496469012e-06
2.1374636093589106e-06
2.520825681641994e-06
3.7189999491425938e-06
6.030748561709902e-06
8.332321261655957e-06
1.1057395451335478e-05
1.384279084853239e-05
1.6202827347514397e-05
1.783231696163484e-05
1.9162354561853995e-05
2.043083111789912e-05
2.183903503867844e-05
2.330837576082423e-05
2.43455080920624e-05
2.483803763351971e-05
2.5475233045229194e-05
2.609559044877585e-05
2.6107093202431313e-05
2.5764712532634145e-05
2.538822311435619e-05
2.534302230885913e-05
2.531539227260879e-05
2.4901763636727174e-05
2.444175687497212e-05
2.3946877489663428e-05
2.336163714240499e-05
2.2817752776801826e-05
2.2516126306476128e-05
2.216932217432469e-05
2.198790307510251e-05
2.1827694916362423e-05
2.1686776601083607e-05
2.1612575708542293e-05
2.1332754451368016e-05
2.0868227040463562e-05
2.0621546222323863e-05
2.0475227620274364e-05
2.0192171601593848e-05
1.9785089291043324e-05
1.895523712578137e-05
1.813201016155116e-05
1.7267710413769477e-05
1.6661634359432522e-05
1.6210715670223867e-05
1.588746591848233e-05
1.562226680108008e-05
1.5252149871568786e-05
1.4329904614784505e-05
1.3562069930563124e-05
1.3167531512722857e-05
1.2921433798647066e-05
1.2227050401519087e-05
1.15169378233466e-05
1.0832664640892116e-05
9.963623907292547e-06
9.270939805635382e-06
8.74803584456021e-06
7.85671245502612e-06
7.214416076641938e-06
6.508429160708288e-06
5.95398120925432e-06
5.6601491688987865e-06
5.594414168009042e-06
5.528049900586907e-06
5.5698591159326865e-06
5.598998189508148e-06
5.981663330568764e-06
6.343933462421293e-06
6.285403287112568e-06
6.029435219990274e-06
5.66255033537691e-06
5.111422380736302e-06
4.43665969486372e-06
3.5539610941872907e-06
2.735416011857994e-06
2.0257133376032327e-06
1.4147166427936828e-06
1.2384786496422287e-06
8.411509715962099e-07
7.750840458766272e-07
7.107944248603951e-07
7.686724567501494e-07
9.418417578768064e-07
1.1802783211722469e-06
1.3864705423078525e-06
1.6169195844990047e-06
1.8877059759639207e-06
2.205218920327848e-06
2.2820805091350684e-06
2.16269594545726e-06
2.1776551682821216e-06
2.45462775867013e-06
3.1992562009029608e-06
4.005084606786088e-06
4.775264713938603e-06
5.184880213728736e-06
4.81876042059586e-06
3.9863376241884025e-06
3.258961375308777e-06
2.704836774194773e-06
2.2606691813424356e-06
1.9094487305651627e-06
1.689080256536658e-06
1.4955534331780451e-06
1.530952906590536e-06
1.7518102193782373e-06
1.989994827061689e-06
1.9899587513331444e-06
1.836241093307618e-06
1.7922628777249809e-06
1.8687278264556833e-06
1.8822267913608462e-06
1.8374078239865034e-06
1.8244196112783246e-06
1.7587445837291982e-06
1.664203739809275e-06
1.609246568883928e-06
1.666147343026261e-06
1.777885995705056e-06
1.9390258425450398e-06
2.145521249107949e-06
2.4724855842544795e-06
2.900631411954201e-06
3.2126434404354423e-06
3.587333917067914e-06
4.008196985004485e-06
4.332344303102968e-06
4.651405538703082e-06
4.765006554571767e-06
4.724861537539163e-06
4.640702807864567e-06
4.527464156971931e-06
4.402227827944292e-06
4.283597240630998e-06
4.195642144102099e-06
4.118696792274965e-06
4.103068021872931e-06
4.16707997718473e-06
4.321669456324652e-06
4.508070909364872e-06
4.729282834867311e-06
5.145381607106532e-06
5.477547542395528e-06
5.90785299406068e-06
6.4356061019043795e-06
6.976790785930468e-06
7.566529745487037e-06
8.23588190232448e-06
8.979118205028871e-06
9.565599551367006e-06
9.980835445898266e-06
1.0351998444916014e-05
1.0733328211144191e-05
1.0853733887116225e-05
1.0793639603110177e-05
1.0484415756489959e-05
9.995046552444569e-06
9.539488538781972e-06
9.163849435228221e-06
8.841869339145034e-06
8.568344140414445e-06
8.146485770187675e-06
7.580265026429493e-06
6.857378885038131e-06
6.300564903859014e-06
5.8402820333074596e-06
5.647711014920203e-06
5.635763661018294e-06
5.453207207512069e-06
5.167972081646582e-06
5.244100008748198e-06
5.18307998153982e-06
5.2836474634246714e-06
5.179056267603067e-06
5.283458927358693e-06
5.503153413840655e-06
5.589010827197867e-06
5.463592542056518e-06
5.545652634875357e-06
5.699855322041284e-06
5.856036267966216e-06
6.056640646048703e-06
6.4419413405697564e-06
6.8420006696160315e-06
7.245517025210896e-06
7.310073691234285e-06
7.29419014289471e-06
7.548617487416818e-06
7.708106087808693e-06
7.704044566113682e-06
6.846824440343455e-06
5.6704464592522295e-06
4.431919828414857e-06
3.257965742908961e-06
2.2276975355440805e-06
1.5897158899546728e-06
1.2564342698353018e-06
9.894678108208282e-07
7.942602935724689e-07
6.355153741059864e-07
4.935754475895546e-07
3.9049944517625216e-07
3.799831288905046e-07
3.8507756234453007e-07
3.5627850763371955e-07
2.2649448713246143e-07
2.6553750517541415e-07
4.3433324377927593e-07
7.548752722365618e-07
1.2561850745822454e-06
1.8083416024602612e-06
2.2477188514362266e-06
2.5636206731261734e-06
2.827981594158042e-06
3.3440206809706944e-06
3.1816214845946275e-06
3.180501895413566e-06
2.8618990117327208e-06
2.165654254117307e-06
1.7817221637937913e-06
1.3642628868274536e-06
1.0910628625923528e-06
1.0034023948536692e-06
1.0013350189555034e-06
1.0489161814652377e-06
1.2493387992608678e-06
1.3539853813657612e-06
1.4686494163231874e-06
1.553005645169719e-06
1.7276064970819637e-06
1.7848345331363143e-06
1.692988678965137e-06
1.365116070374143e-06
7.717617227188248e-07
6.932136539559437e-07
7.945367941911385e-07
7.538331138769051e-07
6.629145726602058e-07
