9.265271256301136e-05
3.495869999816117e-05
2.922042481441322e-05
2.7415275500792685e-05
2.644601335366859e-05
2.6691686190566193e-05
2.7410307203400532e-05
2.7820584850327582e-05
2.7720193849960388e-05
2.7970997886035883e-05
2.863486803014344e-05
3.01356493437954e-05
3.253639327258381e-05
3.4356006094768835e-05
3.3871368996477465e-05
3.3672511269678624e-05
3.373923460814351e-05
3.404722243545888e-05
3.458982278662898e-05
3.526305767727824e-05
3.601119237764171e-05
3.6609013547423615e-05
3.672371800664709e-05
3.764587588244644e-05
3.878595834304456e-05
4.0201080554672094e-05
4.130075697213317e-05
4.21057622404643e-05
4.260387751327147e-05
4.341573804672575e-05
4.2911660832934695e-05
4.267898872924695e-05
4.276791620325277e-05
4.134548462874442e-05
3.943574231233976e-05
3.745570502636685e-05
3.471549940826222e-05
3.1813347997216264e-05
2.902549907809702e-05
2.7065813324772754e-05
2.68697283173911e-05
2.75345920050579e-05
2.862165796513606e-05
2.9908214682303305e-05
3.0839721295928605e-05
3.065930543168972e-05
2.9845109227751125e-05
2.9181499132930222e-05
2.5750060921983996e-05
2.2749525448819904e-05
1.9924671237963105e-05
1.731967572961591e-05
1.495135043613771e-05
1.2463127908893449e-05
1.0025316847279272e-05
7.887821494688764e-06
6.219737479954986e-06
5.041795836143975e-06
4.289552834849522e-06
4.231280800841134e-06
3.99676592827776e-06
4.123604222797228e-06
4.188165794920146e-06
4.014521995652164e-06
4.092204933036235e-06
4.59274788121497e-06
4.971328172358805e-06
5.124570739172028e-06
5.088555911180409e-06
5.6207979449949365e-06
6.241169911552444e-06
5.773569741387465e-06
5.458453556285352e-06
5.398998918131315e-06
5.627598044019578e-06
6.060753986251326e-06
6.390168993001086e-06
6.303086792886094e-06
6.403894313918913e-06
6.455552809471076e-06
6.2916364090037865e-06
6.138278328629502e-06
5.961061683498498e-06
5.511900950346403e-06
4.9473362608047405e-06
4.532458504921736e-06
4.407611322566963e-06
4.019095499369502e-06
3.735137101026675e-06
3.5092739042813325e-06
3.060229089662776e-06
2.7809073305748745e-06
2.654710391937078e-06
2.5606936110787695e-06
2.575258465126866e-06
2.654092784647814e-06
2.6713889467927617e-06
2.593911719948516e-06
2.5747685279933877e-06
2.6310223432900594e-06
2.6808736296005794e-06
2.7918869862427888e-06
2.833777908974062e-06
2.48560456085399e-06
2.8494305729835545e-06
3.4461014360505764e-06
4.195045649537074e-06
4.868997867494544e-06
4.946351053788313e-06
4.92994448528476e-06
4.531323913008062e-06
4.25946519526753e-06
4.362697250774785e-06
4.803771550525651e-06
5.686257558140627e-06
7.290061818271953e-06
9.785304493086419e-06
1.2082276553345839e-05
1.4261411082280518e-05
1.5971026460508243e-05
1.639684404176749e-05
1.6534103889597145e-05
1.6760123172178832e-05
1.6814503131862137e-05
1.669501938489611e-05
1.6523315355240295e-05
1.6456753471891006e-05
1.6589487618697136e-05
1.8151295312238553e-05
1.846059024783015e-05
1.8521865001675994e-05
1.9007625868438777e-05
1.8696227525376966e-05
1.7968516947427232e-05
1.5650390484320654e-05
1.3864878406245312e-05
1.3137589192415043e-05
1.2525599688708537e-05
1.0542007263821284e-05
7.043686842302273e-06
4.217555291651023e-06
2.677288432459968e-06
2.309850815789335e-06
2.7228582012812074e-06
6.894285541450603e-07
1.0787453777626669e-06
6.114218311487535e-07
1.8119450098254762e-07
8.804969615722396e-07
1.35616015410676e-06
1.354793708014317e-06
8.370533994619001e-07
1.5628628829131015e-07
7.174728991016623e-07
1.8750624425945671e-06
1.3197910316846468e-06
1.4752217463462567e-06
5.09486518479571e-06
1.0098629568880686e-05
1.432434457400358e-05
1.4396885989927062e-05
1.399250965364226e-05
1.1082960377917445e-05
1.2798798110671653e-05
1.4986593605028305e-05
1.7208657165444043e-05
2.0775840397311146e-05
2.6438319296673292e-05
3.256506584321164e-05
3.4186813002050326e-05
3.387443627820637e-05
3.3733731982765305e-05
3.378311422328248e-05
3.282483055227256e-05
3.136519210398256e-05
3.029201370475417e-05
2.9483229388931978e-05
2.989544757527194e-05
2.822043637993201e-05
2.8311087114658346e-05
2.8310683240323176e-05
2.6571453160987427e-05
2.602895119424335e-05
2.5832475326965667e-05
2.6088691330338677e-05
2.6383505583297004e-05
2.7099045219271584e-05
2.834691827026197e-05
2.9775129910763152e-05
3.158755474567338e-05
3.374511179441577e-05
3.574603822145574e-05
3.7866172726436953e-05
3.974947969849104e-05
4.146687809770467e-05
4.248636586826568e-05
4.245854486654728e-05
4.251789711462438e-05
4.319979826561397e-05
4.407181340649393e-05
4.3723867499933e-05
4.2821125890550374e-05
4.2358168716588406e-05
4.189923398653021e-05
4.151761822173141e-05
4.0548220457493093e-05
3.915036686099617e-05
3.689470114123113e-05
3.522952812448043e-05
3.641649142872851e-05
3.892371155905199e-05
4.104375800778211e-05
4.258269316323044e-05
4.380172739895422e-05
4.473422121461874e-05
4.426026647552575e-05
4.3235108962739075e-05
4.128965544628578e-05
3.8408235109286005e-05
3.516216228142763e-05
3.0320854190777174e-05
2.4225964021496696e-05
1.8472106669873555e-05
1.3658753246376892e-05
9.952617960764618e-06
6.8764848867277976e-06
4.756061500835957e-06
2.277164628025485e-06
1.608482185321304e-06
1.6066495154816925e-06
2.0758319830338544e-06
3.060587878618252e-06
3.2831199867919244e-06
2.984468488187384e-06
2.870818070184377e-06
3.133674763146981e-06
3.987353837927025e-06
4.684014609732665e-06
4.031340615106448e-06
2.83775261589071e-06
1.315802916328631e-06
1.3362034471268963e-06
2.4564708840852013e-06
3.58768971258809e-06
3.3384489903680317e-06
2.372221947448457e-06
2.1295718346661766e-06
1.8899847452661502e-06
1.7396347885970613e-06
1.718288239952228e-06
1.7882622333828993e-06
1.9933610194192436e-06
2.326265769609375e-06
2.816979127187718e-06
3.1811481070058437e-06
3.4799836742607837e-06
3.870532675860531e-06
4.051224744689761e-06
3.951187125463495e-06
3.3698597920130498e-06
2.4999873516683392e-06
1.838639709445209e-06
1.536166393766091e-06
1.4445590030700726e-06
1.570212276363782e-06
2.021877542947447e-06
2.6859132847581876e-06
3.5483802108403187e-06
4.447815794319842e-06
5.037178711658008e-06
5.518783909020191e-06
6.190783931597392e-06
7.051655871146187e-06
8.27272631405204e-06
9.466014057996338e-06
1.0585948220962648e-05
1.0308593830824928e-05
9.940096336530328e-06
9.530741002983822e-06
8.401031488242662e-06
6.995797482426647e-06
5.5600382416778595e-06
4.298163796503073e-06
3.609134226425004e-06
3.1166569389749006e-06
3.224938982528519e-06
3.773494686708316e-06
4.524309054482258e-06
5.389995817730561e-06
6.538630430019882e-06
8.195335995143285e-06
9.912359545359698e-06
1.1778558118221408e-05
1.29522245699633e-05
1.3989811706160522e-05
1.3876962324322865e-05
1.3943102910442997e-05
1.4276187770474493e-05
1.4264595994670927e-05
1.3457696711694054e-05
1.3454477130185693e-05
1.1278183140311045e-05
7.782938184743553e-06
4.412068337926317e-06
2.0753920602496275e-06
1.3749435559656632e-06
1.7664103689639714e-06
2.153378868782521e-06
2.2552327525660004e-06
1.509864410258513e-06
9.944648840534637e-07
6.09580772454312e-07
6.748978170763798e-07
1.499484703593329e-06
3.6035116893293766e-06
4.855409180573895e-06
4.130318841628037e-06
3.74046188552521e-06
2.61660656553333e-06
1.8010011919405998e-06
1.7460787538672758e-06
2.159085750859244e-06
3.6260306540994532e-06
4.586779908814624e-06
5.267352512405578e-06
4.832988083434175e-06
4.712546270061039e-06
5.5243492993942735e-06
7.130099910345708e-06
9.576176173384648e-06
1.1458941856107718e-05
1.230215152045511e-05
1.4167132116410334e-05
1.4718032838052422e-05
1.698956530581782e-05
1.9246791603276637e-05
