6.98970601424964e-05
2.8413621003929405e-05
2.3926204105337874e-05
2.2438689054912667e-05
2.1392728395814545e-05
2.177173383214599e-05
2.3485315191292347e-05
2.545106645153974e-05
2.694650039097061e-05
2.769073872004839e-05
2.7693530901713156e-05
2.8082464437470544e-05
2.7866652059552424e-05
2.8660308244475426e-05
3.037708553761952e-05
3.199626902832461e-05
3.241552462267802e-05
3.2026313586659875e-05
3.145344361396576e-05
3.098880843430764e-05
3.071059720306354e-05
3.083051968575902e-05
3.089045571252502e-05
3.10622543366847e-05
3.105897419708804e-05
3.1112284814696367e-05
3.1648424998227385e-05
3.251004314550399e-05
3.334740940554122e-05
3.3305456683081305e-05
3.348722098771352e-05
3.3774010405214876e-05
3.446412907938092e-05
3.490604031043814e-05
3.54298346928344e-05
3.605549923611706e-05
3.6257737819623474e-05
3.5714205449557395e-05
3.3643857671586614e-05
3.151427479176852e-05
2.9194907638827617e-05
2.6742291949679658e-05
2.4817267384053016e-05
2.33595900417143e-05
2.292669564209537e-05
2.3132779136352093e-05
2.3882641912739278e-05
2.4828652432313697e-05
2.479130154228573e-05
2.4169978538046086e-05
2.3342626150969362e-05
2.1683005463157852e-05
2.0747045263729576e-05
1.9664108031258337e-05
1.7513779170871103e-05
1.5271159062744276e-05
1.3408394987562371e-05
1.1662781592634138e-05
1.0103564162008088e-05
8.616807128082918e-06
7.276262442194941e-06
6.0716341450808e-06
5.004008921731098e-06
4.233990617810318e-06
3.6949193003111733e-06
3.353481645744398e-06
3.329923681571791e-06
3.5167702569264923e-06
3.82048833678814e-06
4.025542752636091e-06
4.272872166364127e-06
4.60548184796085e-06
4.6687016934191585e-06
4.690775393747119e-06
4.8091351376905895e-06
5.361726247030013e-06
5.8056202250615886e-06
5.880815743248744e-06
6.245537248583769e-06
6.79633302265452e-06
6.673879279330148e-06
6.268303656003816e-06
6.020744897856624e-06
6.0220632089380406e-06
6.2995254127289005e-06
6.677037943447941e-06
6.94198772612812e-06
7.451424129031702e-06
7.332319707267981e-06
7.5010971802814856e-06
7.435260953446883e-06
7.260277324491638e-06
6.947666541205811e-06
6.6477520251137345e-06
6.021521811902551e-06
5.419528054511323e-06
4.8565971154426815e-06
4.5522907768412545e-06
4.333849294306851e-06
4.030492912055255e-06
3.807853786518784e-06
3.573137440740374e-06
3.4848799290227354e-06
3.39896653894591e-06
3.4533514977887532e-06
3.478120642624653e-06
3.505268844231065e-06
3.6972613150004588e-06
3.992888428525167e-06
3.979140283685124e-06
3.840242859479997e-06
3.654412160011585e-06
3.3568118179661078e-06
3.275180380075591e-06
2.839651804492717e-06
2.8301148193557025e-06
3.2929464690714343e-06
3.474345598424955e-06
3.7623758387205332e-06
4.20589720727989e-06
4.547512342305085e-06
4.8878109167131935e-06
5.1201405968998274e-06
4.7801379108491606e-06
4.335819159076275e-06
3.936728461119902e-06
3.536722053196119e-06
3.405962167202477e-06
3.3986253912534672e-06
3.619233346013955e-06
4.201865322431436e-06
5.157285676221765e-06
6.507253808330657e-06
7.848876165179873e-06
9.110345350736914e-06
1.0229383110769103e-05
1.0311648816013658e-05
1.0965854777946647e-05
1.1268336350914158e-05
1.1840578463443961e-05
1.2217006605081672e-05
1.2811402094604401e-05
1.3054912185589505e-05
1.3044413262991505e-05
1.326862751914976e-05
1.3781600981904301e-05
1.3713504720961281e-05
1.3182807170637504e-05
1.1871295873522792e-05
1.0680232727660691e-05
9.184318381477028e-06
7.410142983337671e-06
6.063575478001883e-06
5.548141543279388e-06
5.146816067431337e-06
4.885731172235476e-06
4.7744148400456754e-06
4.3800642494140475e-06
2.9088714773660334e-06
2.6626590522878574e-06
2.558113586245271e-06
2.0130354728580854e-06
7.812856482175354e-07
2.365442477399524e-07
7.429682416838474e-08
6.208384458281732e-08
2.2916244041348254e-08
8.360077351059251e-07
1.2051166737120412e-06
1.4362946359787324e-06
1.4136240323663033e-06
1.1573862040290095e-06
4.1050837848762626e-07
4.0984758128719403e-07
1.1892620717294529e-06
7.207195212618377e-07
8.358682255478122e-07
1.8950751174458001e-06
4.111013018584417e-06
7.0913813053695925e-06
8.736862776759076e-06
9.757115855732344e-06
7.331462084759765e-06
6.651540965472329e-06
5.096369932676411e-06
5.862142527763376e-06
6.940227407225431e-06
8.318100629877775e-06
9.960289510359153e-06
1.1034855135942358e-05
1.568094531714392e-05
2.2238945774622697e-05
2.642256465518812e-05
2.8407546039468223e-05
2.8543489227863422e-05
2.8239821040248584e-05
2.7878662876645894e-05
2.6995504327433627e-05
2.6102100995926976e-05
2.5299407453886992e-05
2.622820656653827e-05
2.8155059708805175e-05
3.0377466413640082e-05
3.1424290770611144e-05
3.0849934140596075e-05
2.9488405594134826e-05
2.821090936729741e-05
2.696831014377497e-05
2.641642095861003e-05
2.6323800139092263e-05
2.652274588840074e-05
2.677713325722112e-05
2.7102240822592586e-05
2.7346333342540256e-05
2.817596991944905e-05
2.9390783495978753e-05
3.0899778068856337e-05
3.296664081791763e-05
3.4311924578949755e-05
3.529515738272836e-05
3.629093119656828e-05
3.7278085078473446e-05
3.822265467328391e-05
3.9305655138542846e-05
4.0643028274072466e-05
4.017097844944506e-05
3.868006930306505e-05
3.6757022074838804e-05
3.537396617306083e-05
3.393750873949704e-05
3.2436321164740025e-05
3.061744993497879e-05
2.737025683698958e-05
2.3956630063274204e-05
2.1320758469033526e-05
2.0077357097546467e-05
2.0605386491273945e-05
2.1877992791624962e-05
2.3431028975358577e-05
2.5055859361009592e-05
2.6312983348325326e-05
2.638098190416515e-05
2.6055046590303986e-05
2.59995861568017e-05
2.5184466515474734e-05
2.4294392708235568e-05
2.3330715602034828e-05
2.148914039213183e-05
1.954160795883629e-05
1.7253562017753028e-05
1.4403701063578832e-05
1.1363900177256262e-05
8.446312417324265e-06
6.049284729578594e-06
4.1456819023842105e-06
2.514992270700733e-06
1.5163736423806828e-06
1.1935012760785243e-06
1.3273635177306918e-06
1.957376852332421e-06
3.103060695805076e-06
4.7778162231400886e-06
4.8070517559208355e-06
4.257696275138002e-06
3.701837251554303e-06
3.4324693392667692e-06
4.020051430693304e-06
5.732058244570151e-06
7.196648370959722e-06
6.834413012117122e-06
5.370017014487664e-06
3.259322313376079e-06
1.766022166245551e-06
1.2720677031898543e-06
1.227350090611379e-06
1.9442352952602506e-06
2.535951593053912e-06
2.2644953684355666e-06
1.9710093401054267e-06
1.9927927436507985e-06
2.12246810009577e-06
2.1605063752934997e-06
2.3820151203378874e-06
2.3667245674576557e-06
2.3784518697292263e-06
2.3863966984154784e-06
2.443556611823741e-06
2.6464648044252993e-06
2.786036688007267e-06
2.992644346781924e-06
3.175208437524441e-06
3.1518662539660764e-06
3.1106260767375815e-06
2.7880044722235218e-06
2.473915637199865e-06
2.1898066781226153e-06
1.979617340663798e-06
1.8934544791766266e-06
1.9611186082145224e-06
2.1482882041548904e-06
2.4968169560540683e-06
2.804485788615924e-06
3.4297290406911025e-06
4.23182718420591e-06
4.96065934866109e-06
5.334232919861174e-06
5.868522750974593e-06
6.803951681767057e-06
8.133238079155316e-06
9.576315667723614e-06
1.0919965001900001e-05
1.1760374215312887e-05
1.2175962773494193e-05
1.2546845372475826e-05
1.2080184257360329e-05
1.115757496679476e-05
9.927086227980263e-06
8.523545191427507e-06
7.044327304992732e-06
5.710120043958629e-06
4.9010399931580986e-06
4.0614247460400845e-06
3.624281569067721e-06
3.3032998503640318e-06
3.1914306994862733e-06
3.3548560698087314e-06
3.5566343149961333e-06
3.745097587300129e-06
3.950773963227371e-06
4.425022761291187e-06
5.728282876906369e-06
7.442308941442069e-06
8.398347986794189e-06
8.725200291180443e-06
8.768604712643053e-06
9.364430956131518e-06
9.843052594854689e-06
9.887681287866785e-06
8.984351148343314e-06
7.847410456588114e-06
7.632127118121883e-06
6.231020673676694e-06
4.277112372198719e-06
2.4066277317151523e-06
1.1899176940358598e-06
6.734150444737811e-07
5.757539763697715e-07
5.276758970960531e-07
5.450231930071659e-07
6.924200621066474e-07
6.884498443060918e-07
4.2301294452763245e-07
2.7509111380804267e-07
2.065322943115141e-07
3.8940315964053474e-07
9.816430867672582e-07
1.5644526266816785e-06
2.1512843075647723e-06
2.935457813677878e-06
3.510857586109722e-06
3.879442957433228e-06
4.490867690489027e-06
5.246708857762121e-06
6.342734624566338e-06
6.729425538736418e-06
6.031347832966628e-06
5.411904687973101e-06
3.811045432500585e-06
3.356152033014164e-06
3.438091048476316e-06
3.6774038849794215e-06
4.130158421647261e-06
4.6228894684610796e-06
4.928222650019006e-06
4.503671163809212e-06
4.829860558013827e-06
6.029116896596475e-06
7.372668015846188e-06
8.14203199245564e-06
9.55561841567606e-06
