0.00014626446631586015
7.995768915450661e-05
6.681637114578224e-05
6.702814852485794e-05
6.728692900894813e-05
6.505960200387422e-05
6.136435325268342e-05
5.860015673132307e-05
5.697562134769715e-05
5.435256362096534e-05
5.152901935200336e-05
4.930946520331459e-05
4.94092138227694e-05
4.6609534995156886e-05
4.522873177456035e-05
4.547131988528633e-05
4.6443390418471555e-05
4.8115264181224405e-05
5.07187692243946e-05
5.410335834942832e-05
5.729753602303646e-05
6.02632782646554e-05
6.389439856911925e-05
6.800628964699763e-05
7.151954061719831e-05
6.810137014909474e-05
5.779409398478435e-05
4.7936385163602655e-05
3.882000907832019e-05
3.184250892431121e-05
3.087635845838516e-05
3.148036229161201e-05
3.3007525454824885e-05
3.4671098378692366e-05
3.1566643824804636e-05
2.8246930435647846e-05
2.6344557733423536e-05
2.360942118235716e-05
2.0422301215061115e-05
1.600974658717017e-05
1.206078605113656e-05
9.523525120663534e-06
7.772862829937457e-06
7.517165564622613e-06
9.159004588124478e-06
1.2915025380059124e-05
1.6466737849733767e-05
1.8536630536523862e-05
2.0969243471868516e-05
2.2559647532399573e-05
2.4919791222314978e-05
2.3112484756412344e-05
2.2540915014961313e-05
2.1997423085600282e-05
2.255205514265377e-05
2.147650485233523e-05
2.0617260903196924e-05
2.0907385397479902e-05
2.0503248467782255e-05
1.792641061677385e-05
1.4503447004931037e-05
1.1262438833407548e-05
7.952812171565113e-06
5.629328460056922e-06
5.216949279028855e-06
5.328804470633209e-06
4.231742481238658e-06
2.4556210564611044e-06
2.1586432495824733e-06
2.5987981379773133e-06
3.1887126614434397e-06
3.856538475904567e-06
5.06736830523487e-06
6.686999761954532e-06
8.855384726116598e-06
1.0026684250080826e-05
1.0758060333470234e-05
1.216267553375113e-05
1.5556767468708297e-05
1.5953453070912345e-05
1.701972699064551e-05
2.064142179915006e-05
2.5391727972265098e-05
3.018175137248004e-05
3.294197489768151e-05
3.268830609776954e-05
3.155135887606438e-05
3.0740316150359134e-05
3.0162943102367963e-05
3.326580170238938e-05
3.5210748951291816e-05
3.848968094982032e-05
3.698118664579653e-05
3.866253135310277e-05
3.733324732428398e-05
3.77563189090493e-05
2.811008501170858e-05
2.3923131961719243e-05
2.3316543726575088e-05
2.0545380193268053e-05
9.977460018698843e-06
3.291967327070791e-06
8.78990272678883e-06
1.8447729811307746e-05
2.2323519213855185e-05
1.8614666386442736e-05
9.795875748839766e-06
5.756575890424152e-06
1.09961119237454e-05
1.2174234264746235e-05
2.3324786358991685e-05
3.655876394451843e-05
4.318096239358845e-05
5.1884245263740964e-05
6.11261887971835e-05
6.778941515501492e-05
6.600028891639603e-05
6.174721717684338e-05
5.908905826462154e-05
5.9584943470706634e-05
6.002395988323243e-05
6.111885412195717e-05
5.9103069089658954e-05
5.656026850800015e-05
5.361853369110272e-05
5.114067459285815e-05
4.684686159139751e-05
4.399273724204593e-05
4.26137366255212e-05
3.92667980164075e-05
3.243305711765213e-05
3.2837949066817733e-05
3.3341916972659775e-05
3.443347940581004e-05
3.719913437156389e-05
4.1662819433056906e-05
4.7797979605255634e-05
5.400267473799498e-05
6.0002286207593784e-05
6.677553521040845e-05
7.45808431053094e-05
8.11212388126603e-05
8.310016836926969e-05
8.338824950128985e-05
7.90921506071676e-05
7.434573844701211e-05
6.43623426116389e-05
5.286053202595738e-05
4.970505200879648e-05
5.291240265721332e-05
5.60179177112406e-05
6.080502607626813e-05
6.448072782607234e-05
6.428592712111344e-05
6.039916068618016e-05
5.332235907287607e-05
4.3865233179125064e-05
3.5618831942843246e-05
2.7939068078969648e-05
2.2463113245821546e-05
1.930788560644333e-05
1.8000482742259873e-05
1.545310137256613e-05
1.4924993078473582e-05
2.0772262957947304e-05
2.4065006953529682e-05
2.257457800225924e-05
2.4433269715188366e-05
2.8966204030912405e-05
3.0045238333024924e-05
2.553585413867107e-05
2.2153701615052023e-05
2.1291522280161075e-05
2.010286860235277e-05
1.9099946679347413e-05
1.643569230510017e-05
1.4064893833627806e-05
1.122682954197935e-05
9.323528433495623e-06
7.378628244457293e-06
5.719799515297462e-06
4.85635516053079e-06
4.153141652730113e-06
4.154407570611132e-06
4.37755496280946e-06
4.9189695836316e-06
5.668205581280559e-06
6.2616735588824725e-06
7.349956007262526e-06
8.135020541344339e-06
9.08165866234682e-06
9.320012860382759e-06
9.233960291751827e-06
1.0911997838599872e-05
1.1427334654617034e-05
1.0208700680940479e-05
1.1153288940858652e-05
1.1304807817039515e-05
1.1827801187316576e-05
1.130106073690863e-05
1.1403044343653816e-05
1.4012325761952551e-05
1.6233826444088303e-05
1.8644681629326282e-05
2.1518925580893294e-05
2.5868723356100554e-05
2.5453312492354592e-05
2.886116743816175e-05
3.0081827565941995e-05
3.107236397231955e-05
3.057365975250592e-05
2.5083497013033414e-05
1.9620582298996668e-05
1.8183483070115652e-05
1.7707600938751673e-05
1.702682051424565e-05
1.6656166129864285e-05
1.4919370714428809e-05
1.7136632837728814e-05
1.6943101788133403e-05
1.4559583364978019e-05
1.259164451896072e-05
1.1305765018221653e-05
8.307155772103628e-06
4.654977258004162e-06
2.195859933820136e-06
1.3726418803783066e-06
9.526720130856435e-07
2.0442584917853947e-06
8.140474158470652e-06
2.0055281158494046e-05
2.777935826396015e-05
3.075995816467899e-05
4.291765225911506e-05
