0.00014340927988561048
6.176230267517513e-05
4.985812845697125e-05
4.894724415232013e-05
4.9930081121261365e-05
4.8922083805655595e-05
4.671231568138836e-05
4.400317637135828e-05
4.039208571319788e-05
3.7380515270278124e-05
3.503186641684938e-05
3.563690164648025e-05
3.711207534795287e-05
3.901714016390214e-05
4.163863965082417e-05
4.448210037769455e-05
4.526881910293751e-05
4.511317760508755e-05
4.463128223169289e-05
4.471295801681495e-05
4.5383807955591424e-05
4.6365246751298174e-05
4.7127900919182346e-05
4.836334998457479e-05
4.976680875421376e-05
5.1416780917326176e-05
5.3348689594089634e-05
5.407494260863908e-05
5.421606811784812e-05
5.1152385777050334e-05
4.74574764327322e-05
4.0163772847017355e-05
3.32104668153993e-05
3.0013898973007084e-05
3.140618761180019e-05
3.289789021453232e-05
3.633632558790176e-05
4.037291544849643e-05
3.655376771323312e-05
3.26240635167132e-05
2.843551455540891e-05
2.459637828631993e-05
2.1101239480553017e-05
1.724454698754843e-05
1.3534402730874895e-05
1.0752286937559646e-05
7.965109023488084e-06
6.0810463378737185e-06
5.8731104019845704e-06
6.7420007552600665e-06
8.904760419659772e-06
1.0952455411655533e-05
1.0374472985380011e-05
1.0681546592626866e-05
1.3160357324035562e-05
1.5820349148947758e-05
1.8318462027529936e-05
1.677406813268913e-05
1.4930330342877713e-05
1.4284236065898304e-05
1.4412535381919145e-05
1.4840599415057215e-05
1.3354825781085874e-05
1.2940720567578568e-05
1.2477520563090114e-05
1.1061449790803391e-05
8.683611244079645e-06
6.3186293596680365e-06
4.593900471217688e-06
4.389986594745048e-06
4.076379108036985e-06
3.801169684991755e-06
3.6435870159387206e-06
3.0951332720219058e-06
2.6201434123437993e-06
2.982461157971458e-06
2.720369682186191e-06
1.895027337329716e-06
2.2286832202328448e-06
2.8876847615289954e-06
3.7122525289319325e-06
4.8803434306638865e-06
5.76088549366452e-06
7.296819025362883e-06
7.829518820810172e-06
8.513724555466692e-06
9.129271902864837e-06
9.340396098950814e-06
9.914091218642867e-06
1.0158507884709834e-05
1.2708150055522186e-05
1.6803870339492565e-05
2.050382027314358e-05
2.4136688524197066e-05
2.7126825166626418e-05
2.7607981376418686e-05
2.7025181946450046e-05
2.610194095090155e-05
2.675069125269499e-05
2.6481608736512352e-05
2.6600632911811494e-05
2.9993228533679894e-05
3.308132776803656e-05
3.273614747127456e-05
3.250088049510326e-05
3.2756873815037644e-05
3.436352547681175e-05
3.277696026350758e-05
2.533471648096112e-05
2.0179103805061712e-05
1.6156996345295282e-05
1.4939828350075789e-05
1.0104180915308962e-05
2.629695720596594e-06
2.870017376393181e-06
5.010734828907804e-06
8.032105129057356e-06
1.0367573045039357e-05
8.953839086609341e-06
6.180006274227334e-06
5.55761842123962e-06
9.988678328361088e-06
7.4627574238904715e-06
1.3144668581101762e-05
2.077087416073809e-05
2.6260956086079728e-05
2.761188667708512e-05
3.39288599958841e-05
4.0640311455763195e-05
5.079977504791473e-05
5.862523612617913e-05
5.71072745812755e-05
5.462272833157766e-05
5.156725335487823e-05
4.941205121242132e-05
4.78610302776273e-05
4.727047865958048e-05
4.3782284699979393e-05
4.033618459082226e-05
3.6824839513787275e-05
3.395755759283701e-05
3.256043280810789e-05
2.8404428797337082e-05
2.593357668708235e-05
2.6398104808492628e-05
2.8931211774953715e-05
3.1155070450767e-05
3.228520916202343e-05
3.281580640419988e-05
3.398937262128121e-05
3.542873108493999e-05
3.6772712611563054e-05
3.931738845670864e-05
4.212064412381381e-05
4.5338125319590255e-05
4.971107384891568e-05
5.4362162842126806e-05
5.933676738966881e-05
6.379492239736455e-05
6.896213312156146e-05
7.212915761962559e-05
7.23741790542054e-05
6.722101041263068e-05
6.060749424975264e-05
5.168499019674362e-05
4.791036214661254e-05
5.04390556503217e-05
5.3462331463119814e-05
5.5005512179428934e-05
5.865963480757095e-05
6.321376610681443e-05
6.314509279073468e-05
5.929991777185552e-05
5.201446699141837e-05
4.300592246517621e-05
3.3684026707828086e-05
2.5995735629775124e-05
2.1563641248010373e-05
1.868349385592268e-05
1.7617479391231025e-05
1.5779162824844942e-05
1.263221858610105e-05
1.11856213131459e-05
1.1013841891115586e-05
1.306438751343045e-05
1.2245277551574375e-05
7.826305668177587e-06
6.280886005297851e-06
6.688030407859609e-06
1.2048904479859294e-05
1.6989102572393236e-05
1.795477315556555e-05
1.7270135979783832e-05
1.6263736105925424e-05
1.6552426541567634e-05
1.604910750272137e-05
1.408432955270081e-05
1.1671608016540011e-05
9.725996896039137e-06
7.977207119698367e-06
6.521884614434346e-06
5.0229241386623526e-06
4.518234520711407e-06
3.7823634169171553e-06
2.790502835744803e-06
2.279149483687324e-06
2.02993942248547e-06
1.909177104246762e-06
2.6729429454360607e-06
4.103470640871452e-06
6.0123792429770924e-06
7.40286311036821e-06
6.972744550739274e-06
7.547002873474352e-06
8.02001959595754e-06
8.738487043472134e-06
9.366176722931424e-06
8.898952428280835e-06
9.17640819027879e-06
9.778269313455763e-06
8.933548409546928e-06
7.972874167980616e-06
7.531022202178194e-06
6.826497364711844e-06
6.805290875349473e-06
8.351128688598283e-06
1.1757990020908521e-05
1.4585359534700751e-05
1.6822152398984677e-05
1.856890491570139e-05
2.0609371689120426e-05
2.0143094549358828e-05
2.0342452104294122e-05
2.0673363254414704e-05
1.949902208038551e-05
2.159088869237412e-05
2.3014255354423418e-05
1.9608484153802288e-05
1.514764866739843e-05
1.1224948321788892e-05
1.0108902165438953e-05
8.341129210115127e-06
5.899904469320093e-06
4.235235474259537e-06
5.534804855717673e-06
6.10764731927615e-06
6.4918564199163796e-06
4.800006455485158e-06
4.881799484025231e-06
5.396103071091569e-06
5.047341762757607e-06
2.5408973688334985e-06
7.627068685394096e-07
7.947558374963471e-07
1.3495360887517263e-06
1.8294899994790364e-06
3.5097083848372247e-06
1.0075616674208776e-05
1.869447433751101e-05
1.7799573640123755e-05
2.1515287726330276e-05
2.3567753322454804e-05
3.127191537363463e-05
3.622992234732175e-05
