0.00014565985044796774
8.395534654977234e-05
7.322471111631259e-05
7.329959091159673e-05
7.351907787486142e-05
7.161784541620753e-05
6.87779055204331e-05
6.620139993203993e-05
6.478997285675301e-05
6.217258261192205e-05
5.9353076763506026e-05
5.4003936746799085e-05
4.9724314548134596e-05
4.696807491274638e-05
4.5852574314998046e-05
4.669042150908831e-05
4.8016959187078555e-05
5.087277781452296e-05
5.456511194417696e-05
5.869160255535893e-05
6.236544391165124e-05
6.632693391849513e-05
7.092364347533188e-05
7.460834117742811e-05
7.129366367439598e-05
6.120785088084077e-05
5.005526378923731e-05
4.083146189905537e-05
3.3659235859748565e-05
3.053992402523825e-05
3.1118120214386306e-05
3.214347887236213e-05
3.353330352248095e-05
3.123384591681917e-05
2.7619597471235275e-05
2.593516260941678e-05
2.4062360849762513e-05
2.1114248406360485e-05
1.650032705310153e-05
1.2165545539581494e-05
9.504756584641084e-06
8.21473606150957e-06
8.528072472175271e-06
1.0781025245009483e-05
1.456655233926779e-05
1.7932499555153632e-05
2.1423337738827036e-05
2.2584008306698502e-05
2.487929770915271e-05
2.414500327624794e-05
2.2996176916181284e-05
2.2782390536795885e-05
2.381137031182355e-05
2.320350560107577e-05
2.2289055855773026e-05
2.221966821827826e-05
2.2929285699921806e-05
2.1165084933116592e-05
1.7594503303371593e-05
1.3825093130132836e-05
1.0257960927587135e-05
7.330775881274426e-06
5.648028286181786e-06
5.819668776759874e-06
3.990002286946868e-06
2.281912806761322e-06
1.8717336301608427e-06
2.0967214999290833e-06
2.6252350475692854e-06
3.2725353620411207e-06
4.555952748359852e-06
6.524902163264401e-06
8.933814042926092e-06
1.0124159984563673e-05
1.0856249004264625e-05
1.3017968785930381e-05
1.4909143556201642e-05
1.5837836007808385e-05
1.840222905441824e-05
2.2335435691496633e-05
2.8208692901211507e-05
3.363012743226928e-05
3.531283927341154e-05
3.4891696602172736e-05
3.346828938196084e-05
3.265608371521326e-05
3.072280878815576e-05
3.523097262616399e-05
3.768083660044364e-05
3.881693084635934e-05
4.05357427240249e-05
3.8903116124609504e-05
3.90697890151066e-05
3.1876373674123665e-05
2.5759400242535168e-05
2.2267519017048983e-05
2.2959782577569057e-05
1.3225038547595659e-05
5.132368080574687e-06
8.002609055571228e-06
1.9552163912218842e-05
2.6840872603961406e-05
2.266277230977216e-05
1.346713186687561e-05
6.964827906714176e-06
1.1994939011806888e-05
1.1896297257390746e-05
2.368615089396045e-05
3.831229655476967e-05
4.7078424601057885e-05
5.6127772824601365e-05
6.478895664162557e-05
6.855464959462117e-05
6.733657455726523e-05
6.394514764509787e-05
6.159802384837635e-05
6.386342015918341e-05
6.650849442450909e-05
6.725661971900121e-05
6.37677888860897e-05
6.09925302394798e-05
5.9489583820010835e-05
5.599096514120103e-05
5.2453839805211355e-05
5.098448210557485e-05
4.8558499994629966e-05
4.013517165700364e-05
3.452004134409283e-05
3.461075136382142e-05
3.5250327394185977e-05
3.6927996254120305e-05
4.1170238345727534e-05
4.783079797849332e-05
5.523669781987301e-05
6.219774343387233e-05
6.949313207735248e-05
7.739410019708254e-05
8.033814391110005e-05
8.438627204525641e-05
8.602941280541711e-05
8.268305048860275e-05
7.869556516592066e-05
6.984554558310133e-05
5.751563074716376e-05
5.2469083484110353e-05
5.397187973934485e-05
5.680966931426732e-05
6.166132309696095e-05
6.533066219858552e-05
6.502250049415022e-05
6.169115589774097e-05
5.4297148588906924e-05
4.533702539340777e-05
3.708806807064697e-05
2.884077507018172e-05
2.233521964184997e-05
1.9586994028573668e-05
1.88968691211603e-05
1.6372468662484423e-05
1.686043697633686e-05
2.415524853643103e-05
2.352952215745622e-05
2.5199384345270112e-05
2.8837126325497665e-05
3.277772552860688e-05
3.0410272459230465e-05
2.4030937442941075e-05
2.2800331711139803e-05
2.0531524571286132e-05
1.9660718685712614e-05
1.8032640758559902e-05
1.5387187465917024e-05
1.2389190363722974e-05
1.00880554178954e-05
7.972473706600251e-06
6.344051473859056e-06
4.8237981960394905e-06
4.421524992810687e-06
4.352927467117675e-06
4.643363121592946e-06
5.352023193795812e-06
4.901469709946432e-06
5.921946764807763e-06
7.0027529330372664e-06
8.084161329245331e-06
7.858811284688612e-06
7.82447139135188e-06
8.204651155123167e-06
1.0282970452150227e-05
1.1380450997235408e-05
1.0882208303278601e-05
1.1524455134638745e-05
1.1595731479793857e-05
1.1559756167577055e-05
1.1695698732758831e-05
1.2910609172822202e-05
1.64748175000294e-05
1.8168837854316735e-05
2.1372530566678e-05
2.575306486872606e-05
2.708596737127784e-05
2.8691551156985564e-05
3.441211605161929e-05
3.5637204503114446e-05
3.395236249822092e-05
2.887628003738648e-05
2.3081161291636356e-05
2.0281425794604146e-05
2.0021353362607685e-05
1.95943681677136e-05
2.2070424876273497e-05
2.0528773921393104e-05
1.932317579996037e-05
2.0264298869005768e-05
1.7606223459214312e-05
1.5156675515906382e-05
1.3263782523159323e-05
1.0010614191977992e-05
6.640454359047688e-06
3.636683701202709e-06
2.0186703804161883e-06
7.934245637094023e-07
2.3421725435096104e-06
9.806865046216523e-06
2.247009896777706e-05
3.1253526607111433e-05
3.4194516010217836e-05
4.8693561249438156e-05
