0.00015456469784797783
0.00010518798108088372
9.849533183628375e-05
9.97241521610086e-05
0.00010265016188388987
0.00010648212812645969
0.00010949901843769317
0.00010964108807156472
0.00010287536885571596
9.373020337502527e-05
7.868780604101395e-05
6.329090409783205e-05
5.62113947040219e-05
5.4609485121811556e-05
5.654554003106954e-05
6.042982573786566e-05
6.581994314599544e-05
7.090674967289072e-05
7.178334577836348e-05
7.23219708509534e-05
7.195457037623906e-05
7.164091586564363e-05
6.454255493859077e-05
5.311197663168552e-05
4.25120761691939e-05
3.142810763418567e-05
2.853175675067337e-05
3.146898370302133e-05
3.3824408701170895e-05
3.285055637583862e-05
2.9490229477229127e-05
2.6542894550897954e-05
2.6123270795414975e-05
2.6213412024777497e-05
2.29750195276936e-05
1.718588965699687e-05
1.1735559334023337e-05
9.28748799516658e-06
1.0382186832407045e-05
1.4059393121572856e-05
1.947594717574872e-05
2.246842901084912e-05
2.3448779740057274e-05
2.2990267605745142e-05
2.322263407962137e-05
2.1360486310779663e-05
2.0521533134093244e-05
2.200423047457405e-05
2.4054233592191804e-05
2.724693294657167e-05
2.9146283960255227e-05
2.917111270413782e-05
2.6526709757596835e-05
2.2492954475609356e-05
1.8468878615045058e-05
1.2740478656616972e-05
6.876419437615182e-06
3.5635451120042708e-06
1.829388223165915e-06
8.560397204521048e-07
7.228620633141979e-07
1.347898852416892e-06
2.0919051888799186e-06
3.6132925209865585e-06
5.836962892984303e-06
8.46626698824066e-06
1.1824393363028346e-05
1.4789941561100736e-05
1.6431878900663205e-05
1.7649873396365694e-05
1.848506374959131e-05
2.2331250080627142e-05
3.397642298449435e-05
4.404630963810706e-05
4.862777549025748e-05
4.933169467228929e-05
4.355536740154479e-05
3.698658348928011e-05
3.365324377032875e-05
3.9531126077323235e-05
4.3077688199225954e-05
4.6177725726735544e-05
4.5779895776276705e-05
4.389696101210328e-05
3.2903737777143706e-05
2.6335939956746167e-05
2.8542265619783545e-05
2.2219191695993262e-05
9.318593947934258e-06
1.091122727768412e-05
3.3460864238969175e-05
4.429960236011103e-05
3.79211470023545e-05
2.4895781215874103e-05
1.564063954318814e-05
1.3824964499384056e-05
1.979236915796598e-05
3.3542061525228114e-05
5.3371407837019555e-05
7.08519695294326e-05
7.03626595488717e-05
7.840177487160888e-05
7.883158204711332e-05
7.736575491514876e-05
7.756604216180219e-05
8.534771546036867e-05
9.032652863577939e-05
9.244202159624898e-05
9.179679230550896e-05
9.246073604667206e-05
8.876919398736037e-05
8.743727839940639e-05
8.299275868334905e-05
7.294975983558182e-05
6.326950042860026e-05
5.800371015508537e-05
5.170850859512699e-05
4.884870209520884e-05
5.43768524207668e-05
6.335417404796546e-05
7.153793210246776e-05
7.657633471228555e-05
8.005139730884572e-05
8.403367895674114e-05
8.7487167677081e-05
9.25790444590042e-05
9.454103609022716e-05
9.424976352470528e-05
8.769559124424465e-05
7.558276059138189e-05
6.665953343321214e-05
6.209349499798863e-05
6.353498401141217e-05
6.778385242559162e-05
7.080709215476761e-05
6.917748498926528e-05
6.656768316440928e-05
6.0756640060550445e-05
5.314481178071564e-05
4.4908779949533816e-05
3.364799770374023e-05
2.392707345145171e-05
2.05978888959575e-05
2.1470818397710182e-05
2.2752095687912423e-05
2.7486970820067332e-05
2.6085366752021075e-05
3.295724776179471e-05
3.086843905249684e-05
2.987927020258385e-05
2.2187510953609073e-05
1.9265847790451204e-05
2.1099306118691338e-05
2.0857865480723164e-05
1.8524802577089464e-05
1.425060665708495e-05
1.1877559369879533e-05
1.0134157869993128e-05
8.750731824940372e-06
6.761022810364798e-06
4.9320262073658185e-06
4.659361564566801e-06
4.72779939360612e-06
4.0182214555865774e-06
2.795643137301677e-06
4.57326615911022e-06
4.7790341354573226e-06
4.093827945895744e-06
4.376651975965503e-06
6.250426766690184e-06
8.449652075993343e-06
1.14071131918715e-05
1.2671801999434145e-05
1.2752692161572428e-05
1.1420525908342217e-05
1.0492131973800083e-05
1.107732039630233e-05
1.6787830913760533e-05
2.6122081071793506e-05
3.52841638595788e-05
4.2843327114579926e-05
4.701810396000142e-05
5.2588271720535183e-05
5.384105274551364e-05
5.1176547867063266e-05
4.4223832217162106e-05
3.6094841743342776e-05
3.1636824287298005e-05
3.0209533707067745e-05
3.4462041797214476e-05
3.831589557107742e-05
3.591355876578658e-05
3.02918499302147e-05
2.863946671488685e-05
2.3456315061942773e-05
2.0850575679167966e-05
1.7602285910247766e-05
1.263741092048433e-05
7.4908775451754975e-06
3.724751545222348e-06
1.284897827941601e-06
6.1264618778313495e-06
1.9454715481364727e-05
3.2009070151681215e-05
4.5881819025677875e-05
5.36496987783693e-05
