0.00018924533000733168
0.00013429395480714493
0.0001303297227046239
0.00013640443402402857
0.0001484155768908152
0.00015906955573499808
0.00016517466262038426
0.00015369287359617384
0.00012013615864702473
9.009071630009427e-05
7.010005322129591e-05
5.616074217673842e-05
5.3584863179159674e-05
5.5852215483905404e-05
6.0865345945403184e-05
6.67445609379574e-05
7.223901496107036e-05
7.1735996669839e-05
7.042389647979333e-05
7.174745101597007e-05
6.662439216143611e-05
5.733427060777718e-05
4.381393756060501e-05
3.4220354562280206e-05
3.4633063009329096e-05
3.94131100234501e-05
3.9719450653589685e-05
3.502269246312193e-05
3.1957821331557e-05
3.244237310777104e-05
3.150204368691051e-05
2.814681207517439e-05
2.196673307257199e-05
1.66800993268788e-05
1.4605043859479457e-05
1.7352872259493366e-05
1.9343498800776332e-05
2.0714868160888348e-05
1.7841604730997222e-05
1.4254535981775123e-05
1.5738188662651003e-05
1.8929714923582402e-05
1.8075131403248484e-05
1.98029631049713e-05
2.1802300043949094e-05
2.696636869049987e-05
3.309360147355323e-05
3.704678981787244e-05
3.533255671943121e-05
2.7897513625118383e-05
1.6220171631809168e-05
7.24069043779634e-06
2.5861218833626753e-06
1.1536909619929615e-06
3.712404100401099e-07
1.1037118321610492e-06
2.4368178868074706e-06
4.890909805813697e-06
7.535769781769716e-06
1.131101249489582e-05
1.6126183782530472e-05
2.3629929339044583e-05
2.682970835303598e-05
2.9485920342815013e-05
2.9174423727386385e-05
2.96365251443694e-05
3.867734347058214e-05
5.020156457682552e-05
5.370870614280681e-05
5.010363433012459e-05
4.488412322069033e-05
4.375374929559285e-05
4.627063986681764e-05
4.737925367616028e-05
5.694292651840213e-05
5.779660586684177e-05
4.901767646186392e-05
3.284702406899259e-05
2.810351918166456e-05
2.306022972217228e-05
1.2422005607317e-05
2.0831432439439944e-05
5.494656607221545e-05
7.254109522272484e-05
6.58166431452316e-05
4.8598210208518674e-05
3.0990122057730974e-05
1.7493273268676635e-05
3.1466646706893766e-05
5.589717444169482e-05
7.483685342598644e-05
7.168634966344512e-05
8.239562538577049e-05
8.823825036599912e-05
9.443191444975063e-05
0.00010607831013214477
0.00011909456683062655
0.00012388912157470253
0.0001251812254664158
0.00013183618290467603
0.00012932511732162817
0.0001303588265477169
0.00012181350045486399
0.0001119657180553183
9.132971347081596e-05
7.205999237602713e-05
6.131755219013941e-05
5.6314446324212957e-05
6.22046532644191e-05
6.888842471945026e-05
7.771023249675912e-05
8.574011175431036e-05
9.274439904420625e-05
9.7996980492897e-05
0.00010514680168877648
0.0001093710045161401
0.00010848035777700167
9.587929384821747e-05
8.039586936332526e-05
7.191661879993601e-05
6.95198630980079e-05
7.238770055695886e-05
7.745485170279905e-05
7.683797256436595e-05
7.582060750735161e-05
7.221526971525275e-05
6.704781616805812e-05
5.76015267073511e-05
4.6730678677274984e-05
3.587531579027181e-05
2.854864185373268e-05
2.2690618828323817e-05
2.6007085433464374e-05
2.349188132594617e-05
2.444596477670853e-05
2.301419661423121e-05
2.4412609947538396e-05
1.7130395014885805e-05
1.5217707111845616e-05
1.6375753646829715e-05
1.6972117352302144e-05
1.6535400239519573e-05
1.573029042331509e-05
1.5569528584504403e-05
1.4987724477165936e-05
1.2918171612102513e-05
7.618365040791841e-06
3.5646354284165546e-06
2.392187254105505e-06
2.1584005425663817e-06
2.2246037357627315e-06
2.5054101842684157e-06
3.833860156402728e-06
6.307806218997821e-06
9.460955254632266e-06
1.2346760497562233e-05
1.4250895752683437e-05
1.6228651581462835e-05
1.5380253352094192e-05
1.437373089848104e-05
1.2995643856623379e-05
1.526207152806005e-05
2.568013640701544e-05
4.381151774068216e-05
6.582545318198666e-05
7.739486228864996e-05
7.933015693217365e-05
7.379846736095168e-05
6.320527882133973e-05
5.6478828144379987e-05
4.731623872818579e-05
4.508497715784764e-05
4.838544027176232e-05
5.234369813510788e-05
5.111324934291097e-05
4.4161962681246994e-05
3.5259511825326915e-05
3.289515611115851e-05
3.176833447169764e-05
2.6291950101189366e-05
1.657371004968406e-05
1.3194145601469078e-05
5.361022853715529e-06
6.300971360042993e-06
1.976408334006961e-05
3.670349561609199e-05
4.865035490353728e-05
5.480845728087878e-05
