0.00017551939231210726
0.00012539868399635273
0.00012160080309400672
0.00012578276523313425
0.00013532801048937878
0.00014406054757253468
0.00015022628664126841
0.00014868990734871637
0.0001295507425165733
9.602587869908892e-05
7.542099201638163e-05
5.963452940747084e-05
5.512590260416942e-05
5.6445798387573805e-05
5.997646253259798e-05
6.473060714604298e-05
7.069129476355217e-05
7.060510818968504e-05
7.012594385162123e-05
7.037636805034246e-05
6.905061098615822e-05
5.9487306648815574e-05
4.853249065367263e-05
3.55982513835169e-05
3.0294045704856903e-05
3.459812488442571e-05
3.842090082347198e-05
3.7169708607960784e-05
3.2162024501650215e-05
2.9868596875581606e-05
3.0072525561578293e-05
2.8746380306441794e-05
2.4867659053392458e-05
1.904975740076108e-05
1.4024795416022815e-05
1.2854039110173907e-05
1.5516298615720725e-05
1.8480236493345106e-05
1.993262770416094e-05
1.7450566910293392e-05
1.6685374547869726e-05
1.7791365467719957e-05
2.076718659291336e-05
1.846901506395037e-05
2.021503843809187e-05
2.2517288988846052e-05
2.714231884514099e-05
3.2413789349417484e-05
3.4554159692129307e-05
3.258374556858835e-05
2.6953897015257785e-05
1.684876807389403e-05
7.802698038225723e-06
2.917547378839491e-06
1.4864864072174677e-06
5.925236180839744e-07
8.351294325606109e-07
1.5060143878256444e-06
3.4728955826549527e-06
5.866297532307702e-06
8.66582470965461e-06
1.2910343872256448e-05
1.9241569056854096e-05
2.267216169155812e-05
2.5737188649785173e-05
2.634469300592271e-05
2.5652824160587965e-05
3.212457477768638e-05
4.66344706395026e-05
5.2245344974004236e-05
5.1834061093769135e-05
4.690935128607154e-05
4.323232460738517e-05
4.242046743737508e-05
4.311172039463575e-05
4.9738247204932025e-05
5.422640074099368e-05
5.2493957001770134e-05
3.97300409659817e-05
2.896567755185541e-05
2.711496025283475e-05
2.0272069800979634e-05
1.052625232351191e-05
2.1745917814343294e-05
4.9868859895372786e-05
6.398483490112908e-05
5.279125778808178e-05
3.611386015460199e-05
2.362218990363403e-05
1.4143848162935057e-05
2.940535593965986e-05
5.276297393400898e-05
7.540079239590032e-05
7.037207245431488e-05
8.13139772275397e-05
8.569245563905403e-05
8.997359943432715e-05
9.790332356030614e-05
0.0001091954672391251
0.00011276394497232082
0.00011604084659877843
0.00012103065409427283
0.00011937491243110119
0.00012036258257044966
0.00011314032512056405
0.0001041504199279532
9.294711144606702e-05
7.849479633604458e-05
6.376951813046035e-05
5.781206309997911e-05
6.0690811155265166e-05
6.592526979380552e-05
7.250740239084324e-05
8.099558965454858e-05
8.706381946089797e-05
9.309832067549567e-05
9.675373011307987e-05
0.00010436592783417126
0.00010648360742293728
0.00010194822918336966
8.798338377868502e-05
7.349149019839664e-05
6.841953122129855e-05
6.813419875446672e-05
7.215592756498352e-05
7.59869750489214e-05
7.45964260167033e-05
7.252309632268603e-05
6.816221164765611e-05
6.211349801441574e-05
5.236897581296763e-05
4.182873782849628e-05
3.1246306172474715e-05
2.6233070090920546e-05
2.1060476089672156e-05
2.5143698222919318e-05
2.3738156301546195e-05
2.8404844446137386e-05
2.5252899907602434e-05
2.5788493858403524e-05
1.899048716465005e-05
1.571644954076539e-05
1.7587630641321804e-05
1.8413359680341214e-05
1.6752248318815558e-05
1.4823507821861241e-05
1.4191408831270755e-05
1.3217143228862173e-05
1.1779450640665228e-05
8.140330371232548e-06
4.259062583054102e-06
3.0217549752506335e-06
2.656148446431187e-06
2.4059406334476248e-06
3.1612732482000498e-06
3.102046738763055e-06
4.702355312317212e-06
6.853662836248752e-06
1.008509656425848e-05
1.2380455900006291e-05
1.4725857178356553e-05
1.461951092468239e-05
1.389463076661761e-05
1.25341315545645e-05
1.2086746428034649e-05
1.6216943104196702e-05
3.05995202798859e-05
4.910078018040123e-05
6.75534406733017e-05
7.27999425712564e-05
7.276100939190375e-05
6.534566921547009e-05
5.908642411841719e-05
5.009987507273783e-05
4.253272048590857e-05
4.095904275462169e-05
4.455146945606917e-05
4.903316777106761e-05
4.616374723801497e-05
4.0790575027451396e-05
3.379839356590152e-05
3.00121243685962e-05
2.8550778190655083e-05
2.4114565353365868e-05
1.499950513226546e-05
1.1155947837478713e-05
4.619932181483783e-06
4.5435672714400094e-06
1.6661126353124705e-05
3.3238693585289146e-05
4.5366275862651765e-05
5.510585732401354e-05
