0.0001511662526537687
9.902375122790369e-05
9.151653931661312e-05
9.244051927556637e-05
9.4324254266389e-05
9.58756387071727e-05
9.636817551282004e-05
9.601849614485614e-05
9.233446373403862e-05
8.610834309456113e-05
7.476302958598533e-05
6.1008305998824664e-05
5.336418868296545e-05
5.1544551221799616e-05
5.2567254006670054e-05
5.5244283177377944e-05
5.962121475113645e-05
6.535983437212011e-05
7.20117603556321e-05
7.308713678954139e-05
7.317152181642588e-05
7.259296535005788e-05
7.06390527455103e-05
5.987712413868404e-05
4.823950805910804e-05
3.752087321828557e-05
2.9418039809271783e-05
2.9082816382086343e-05
3.129357114510666e-05
3.2869933426365796e-05
3.1747234029446666e-05
2.8547412386900754e-05
2.5851881169313125e-05
2.5551082330009556e-05
2.509523607241608e-05
2.0669624965004496e-05
1.4981502503647353e-05
1.0438441468176415e-05
9.047609826973746e-06
1.0394550115289414e-05
1.415469151606943e-05
1.8877400438390684e-05
2.2108287192844273e-05
2.3233682451445547e-05
2.392056486675465e-05
2.5400794724497095e-05
2.18141071891736e-05
2.1294686295981633e-05
2.2351116435112288e-05
2.4172504698175537e-05
2.6628799402894998e-05
2.8216518806330892e-05
2.8145766206467667e-05
2.5310942253511628e-05
2.1363729320093323e-05
1.78848095499617e-05
1.334578695204243e-05
8.77033099647813e-06
5.196444605653452e-06
2.590598367588438e-06
1.3305041753053488e-06
7.641723373121411e-07
1.1668122231143841e-06
1.6681113704986704e-06
2.7217861229897688e-06
4.400374629930114e-06
6.625322989169661e-06
9.122948097102971e-06
1.162623203050945e-05
1.3844343002647574e-05
1.498805673480875e-05
1.6405337454314556e-05
1.7550149381971778e-05
2.3863802797810747e-05
3.449200609079816e-05
4.1608661063629474e-05
4.4212459797893664e-05
4.361364241468088e-05
3.9864127729918917e-05
3.51879246570721e-05
3.303092741701108e-05
4.040076243254064e-05
4.1749358437218094e-05
4.4736938603374995e-05
4.38354108427703e-05
4.265597378227508e-05
3.341447734547248e-05
2.6797495826365677e-05
2.6104285012831166e-05
2.3945388983562756e-05
1.082385815392306e-05
7.0430040035193705e-06
2.2867413384352533e-05
3.723341664319087e-05
3.736801572867388e-05
2.626852022621372e-05
1.4775807792396636e-05
1.3055873504853093e-05
1.1348232384467288e-05
2.52682994460452e-05
4.399977593868903e-05
6.155107473883496e-05
6.48265573128313e-05
7.30271394347581e-05
7.551905165958649e-05
7.491487829862333e-05
7.269156197897135e-05
7.322447476971409e-05
8.304720255556895e-05
8.587131044238398e-05
8.34579069862858e-05
8.318144328851577e-05
8.308511735997239e-05
7.873726565696019e-05
7.783378308083454e-05
7.309161388922036e-05
6.37060191398665e-05
5.592558746718074e-05
5.067504780988297e-05
4.537474922253061e-05
4.453671660310872e-05
4.982936476233969e-05
5.858230667575562e-05
6.836141117661525e-05
7.619493573384438e-05
7.858759384295829e-05
8.158447407122016e-05
8.429859693376267e-05
9.052319970409927e-05
9.15711740221736e-05
9.067114858474656e-05
8.569410047909061e-05
7.463971135585171e-05
6.571156704035812e-05
5.992290584284679e-05
6.065177535959082e-05
6.503469274547124e-05
6.8935178087957e-05
6.846182764965941e-05
6.638002754389769e-05
6.019171279321599e-05
5.22409872367898e-05
4.430434621701082e-05
3.422687348540684e-05
2.486494471077337e-05
1.957484205762598e-05
2.15299987313951e-05
1.9995651751233916e-05
2.4117455531460202e-05
2.5337101091169772e-05
2.815270259596997e-05
3.469696098645028e-05
3.179871015593745e-05
2.7874206929699946e-05
2.1089193561757203e-05
2.1824345161704997e-05
2.197542885147036e-05
2.0519736183418593e-05
1.7509881607094688e-05
1.361552066211604e-05
1.123277303094425e-05
9.015647260757362e-06
7.540018616131232e-06
5.3900858856786816e-06
4.396788803757468e-06
4.3482879336143645e-06
5.2757822140428815e-06
4.441970457033029e-06
3.0492192937659625e-06
4.77365995220162e-06
5.518756759761789e-06
4.587623224556967e-06
4.767627605798386e-06
5.814780959884481e-06
7.758871471882135e-06
1.0532056775917237e-05
1.2065059625550113e-05
1.321440285341418e-05
1.1760568913984171e-05
1.022001969169182e-05
1.0591828558623745e-05
1.410511995003582e-05
2.1695545499036477e-05
2.6988647184524924e-05
3.393899472935098e-05
3.920087209800664e-05
4.4239098295212025e-05
4.925775360874003e-05
4.96921398484302e-05
4.47327112850103e-05
3.55971530398694e-05
3.0857375138416546e-05
2.7591063034713585e-05
2.7821419736611743e-05
3.209371702101636e-05
3.4136110711558444e-05
3.2114647863664007e-05
2.606071255800979e-05
2.565848514367218e-05
2.0645162535121887e-05
1.8439173056968123e-05
1.5039669846761473e-05
1.0532920367706996e-05
6.321288203171947e-06
2.4873910385120865e-06
8.89541132685148e-07
6.164984458210793e-06
1.8880846047176638e-05
3.1403881411462985e-05
4.2565449225061145e-05
5.231076276242284e-05
6.188532311591095e-05
