0.0008306976927505079
0.0001351014955982462
0.00018208793306458192
0.0001694782080455595
0.00015316652989066335
0.00014263203395393527
0.00012182563974469672
0.00010159089700739486
8.845716905977614e-05
8.035848333515886e-05
8.07594148857903e-05
9.088137384244581e-05
0.00010370508854367877
0.0001295450487405169
0.00015120386324303132
0.00015310750937161014
0.00014426255321588479
0.00012686004753616518
0.0001015056328519927
9.159717070277064e-05
9.30902961109609e-05
8.63078836347876e-05
7.7628256506636e-05
8.160757057415497e-05
6.594865829796243e-05
4.793225350223822e-05
3.301902679118555e-05
2.5942852966989225e-05
2.6411820266150225e-05
2.4460369809790236e-05
2.0099884648665397e-05
1.3253013691679853e-05
7.253995061859444e-06
1.6466649919312237e-05
2.201800369878065e-05
3.403820962228697e-05
3.891821397871785e-05
5.181345280502525e-05
5.6242990715827675e-05
4.490372793743186e-05
3.148987877537534e-05
2.37338191002594e-05
1.7084449398715928e-05
1.2800630314527326e-05
1.457939952736592e-05
2.692453662673227e-05
3.9647105304016925e-05
4.7023530320474804e-05
5.7013201168306694e-05
7.119530975259618e-05
8.421308996627271e-05
9.123044267908734e-05
0.00010974381310636789
0.00013292941082104304
0.00013232598661356705
0.00011606828737717491
9.168306440412167e-05
9.252884863574235e-05
0.0001105487528729243
0.00011278146306053431
0.0001140446059848496
9.45515343332245e-05
5.1389905963778144e-05
5.53099339158652e-05
0.00017140334841003193
0.00033090303849507606
0.0003998368581565927
0.00036785916855939203
0.0002292922223152707
0.00011074896824387275
9.915278699880377e-05
9.688531875604882e-05
9.440514972031506e-05
0.00012023404245221743
0.00013109614726600113
0.00015479040403867844
0.00018580204678831215
0.00021287696044597714
0.00019009226031500295
0.0001571182003283092
0.00013799695694527133
0.00012557440112699895
0.00011812108020460075
0.00010723668482818186
8.840953627909989e-05
8.587182634756213e-05
9.465615309057313e-05
0.00011791142796491179
0.0001396613282485651
0.00015578566128039245
0.00016557315260421667
0.0001747279713964279
0.00016046760561040213
0.0001379903861271644
0.00011537900426039321
0.00010881972268843357
0.00011898107934916258
0.00012892445061152505
0.000127770985527919
0.0001220649244583574
0.0001053664246213303
8.58397549773019e-05
6.640559497597846e-05
5.374208053311964e-05
3.476057356784269e-05
2.4518342741682584e-05
1.819145638719491e-05
1.0387161645734779e-05
8.203273714177282e-06
9.80050638270247e-06
1.1848903594985083e-05
2.143909160243303e-05
3.3798107235597407e-05
4.162059528107802e-05
4.0272784181677117e-05
3.1702596318541234e-05
2.4720562997086095e-05
1.914050866662692e-05
1.7094687949780634e-05
1.3783012029671789e-05
1.248543193520197e-05
1.594026010912372e-05
2.4126002063715378e-05
2.8216878547422446e-05
4.01353849208406e-05
5.420601427381302e-05
6.979626247687623e-05
7.791886512787519e-05
8.184093708845638e-05
9.360769292534742e-05
0.0001121074268175523
0.00011058601285778472
0.00010897603543583366
9.866804800163824e-05
0.000105306892550922
0.00011103238418494599
0.00010791875393587646
8.33614425676403e-05
6.0345172386534734e-05
4.606009001855925e-05
5.182943816067531e-05
6.12376213730451e-05
5.83164027730616e-05
4.7104284375501725e-05
5.77239276006473e-05
6.695119644695456e-05
6.82040175331655e-05
4.066674784413604e-05
