0.0005521086072079529
0.00015666160217505466
0.0001814365532518584
0.0001852250984332377
0.00018303324139893164
0.00016482463107582034
0.00013605926178458664
0.00010578477752478795
8.087480442932309e-05
6.745015016338242e-05
6.124440258459564e-05
6.0998339271794463e-05
7.09653458838933e-05
8.518435376572416e-05
9.869053045690336e-05
0.00010575169506293177
0.0001123688171660365
0.00010949861758980059
9.221199418172549e-05
7.332469632437784e-05
6.126379358557555e-05
6.30131286063302e-05
6.141324634779782e-05
5.8902627661203136e-05
6.42344421665914e-05
6.740404373047179e-05
5.724698017056406e-05
4.379780849006578e-05
3.178470038739103e-05
2.5080989169284524e-05
2.694282403028034e-05
2.2119643468845376e-05
1.6525102788545574e-05
1.0557387172674337e-05
7.757678634119407e-06
4.232673334545597e-06
1.354285423874579e-05
1.907693955165965e-05
2.9220272521996514e-05
4.022477220478556e-05
4.741712015979931e-05
4.553506881617405e-05
3.176045706824641e-05
1.866909811462092e-05
8.601983377252285e-06
4.589521684802647e-06
3.378059981177218e-06
3.95483376359768e-06
1.0489335338720412e-05
2.0462860925346287e-05
2.919740552021953e-05
3.428159158716973e-05
4.405278285655733e-05
5.9563253160081235e-05
5.808337559445367e-05
5.348766611552622e-05
6.292785664106779e-05
8.311372587091786e-05
9.127387078642756e-05
8.541597284933835e-05
7.116631450635548e-05
7.18323521382345e-05
9.011073194241887e-05
0.00010282599985804643
0.00010289653573756961
8.047174006346839e-05
5.402878176275957e-05
3.032585389674966e-05
3.564598564756419e-05
0.00010931467826525812
0.0001888687716425002
0.00022338320845735903
0.00018842823868547477
0.00012436601217743557
5.954989400753014e-05
5.9885092630569285e-05
8.582394888879678e-05
8.247238652519529e-05
8.680288676200748e-05
0.00011240985865987037
0.0001219684167083954
0.00014682584146352148
0.00016904802157470487
0.00019532011960718355
0.00019235314245423169
0.00016628782815259342
0.00014374851236942355
0.00012984433581227602
0.00011350952318192385
9.482228576073796e-05
7.572390673674979e-05
6.507611455088353e-05
6.957503597386498e-05
8.357098525900887e-05
0.0001071687253360416
0.00012299038066959596
0.0001354602624012141
0.00014486267283876647
0.00014314788488277688
0.000133607825979962
0.00011290218977884479
9.365918403404232e-05
8.89461240683973e-05
9.58951730345687e-05
0.00010248626960284312
0.00010453138549722913
0.00010498507490576921
9.777587550897642e-05
8.445934729655413e-05
6.893318984467631e-05
5.302606831400926e-05
4.2758470450824665e-05
2.588991694805832e-05
1.8399134354021196e-05
1.486848688460375e-05
1.1081428043582988e-05
6.075292965864977e-06
6.420712223332297e-06
1.14909156556996e-05
1.62544320232503e-05
2.3933695884806203e-05
3.2239759042181506e-05
3.0119714326614726e-05
2.3393654443202306e-05
1.3869001314223824e-05
6.882441302925576e-06
4.085753713730179e-06
3.930439247160867e-06
4.148964951441744e-06
4.090691388666772e-06
7.4548696686658425e-06
1.3233486210655804e-05
2.0290883008026575e-05
2.6491615940380576e-05
3.1775205153750263e-05
4.1620928832493454e-05
4.292871293103535e-05
4.699843055803117e-05
5.031140170262193e-05
7.371170030468784e-05
8.991821345097131e-05
0.00010020486244049118
9.779217780579201e-05
8.73885198912204e-05
9.231136136922372e-05
9.076196816215858e-05
9.33460990787344e-05
8.40231395669738e-05
6.639761394784116e-05
5.4605373103908076e-05
4.7840523298663546e-05
5.106083115213164e-05
4.9786839913153866e-05
3.8015223791076946e-05
3.500946202270049e-05
3.583026320309489e-05
4.478910038361087e-05
5.2599847472432734e-05
3.5543719293980737e-05
5.1431991713196755e-05
