0.0007591560508852774
0.00013297576663214982
0.00018345215089012292
0.00017855159859008344
0.00015835874947392201
0.00014620507285916727
0.00012349576264086305
0.0001000274710993819
8.526679710164728e-05
7.596600956275091e-05
7.393484421200495e-05
8.079385641862503e-05
9.371698443268593e-05
0.00011462381938767432
0.00013548727558327072
0.0001386918119968232
0.00013716408178873632
0.00012139907453840272
0.00010010734909955847
8.431785955260182e-05
8.372042089869054e-05
8.07428352702981e-05
7.184248534778112e-05
7.64337791355885e-05
7.376782812286534e-05
5.374352595076035e-05
4.0997140907318305e-05
2.920692720330759e-05
2.554601001017218e-05
2.6098213889929812e-05
2.248087061946776e-05
1.4730886921041092e-05
9.688022228949451e-06
7.841397129808639e-06
1.6384730888377304e-05
2.431124419497017e-05
3.2679501932176733e-05
4.08148800679172e-05
5.133716646448439e-05
5.0637771243168975e-05
3.737205581129192e-05
2.4789871725276235e-05
1.7110164929532038e-05
1.1358352198901422e-05
9.652377027495618e-06
1.2542481034165723e-05
2.5580946221305216e-05
3.620341689930866e-05
4.5867622012716426e-05
5.3190389018373244e-05
7.000433870083747e-05
7.685570253282369e-05
8.060253733984485e-05
9.78435609632797e-05
0.0001187794990338287
0.00012098967829323334
0.00010648719264040355
8.463491361560926e-05
8.796709638013068e-05
0.0001060703409188542
0.00011076503251064309
0.00011043222835059013
8.905998875325789e-05
4.924240492414702e-05
4.157999384129083e-05
0.00013015749526020814
0.00027287258017354393
0.0003358194902088956
0.000328008926868513
0.00021652376925892778
0.00011529679854675558
8.655488517910861e-05
8.956539143638298e-05
9.210656947084678e-05
0.00010184925312954165
0.00013240838357553978
0.00013777263671686061
0.00017682836307505008
0.00019983727111801112
0.0002054286969900143
0.00016906064059098847
0.00014839472719276156
0.00013107763746483204
0.00012148190591853597
0.00011089063891385019
9.112669430017293e-05
7.829315479828346e-05
8.366079722360837e-05
9.60488181438333e-05
0.0001217213746070816
0.00014347458186897687
0.00015390977409319257
0.00016404908016246473
0.00016170018106421912
0.00014753481760712268
0.0001226376419986356
0.00010483669362211906
0.00010471086511968568
0.00011609806672109033
0.00012050846863241658
0.00012016645941032451
0.00011381093025993866
9.832674680601158e-05
8.02462704849295e-05
6.266006459727996e-05
5.009782813420208e-05
3.191381121241672e-05
2.1633970671787822e-05
1.6332699095357178e-05
1.0127157294313659e-05
6.830223088724087e-06
7.1234365645662105e-06
1.112590827434604e-05
2.210937596479442e-05
3.389539078289018e-05
3.899424492424296e-05
3.6446324255697945e-05
2.7281473402107234e-05
1.9465673500175034e-05
1.3653847681101237e-05
1.1237082860843144e-05
1.0404468102467689e-05
9.556559744173624e-06
1.2425333198818868e-05
1.8992846013023753e-05
2.3771608665668387e-05
3.508800260950979e-05
4.558381090820987e-05
6.17441091260566e-05
6.672215666938432e-05
7.196307348283404e-05
7.759256399920926e-05
0.00010348916222412734
0.00010546827878009706
0.00010943742080235332
9.756412883765503e-05
9.97976543213255e-05
0.00010992758272766501
0.00011045056714252159
9.365874442403202e-05
6.686851668807847e-05
5.057754624985785e-05
4.526898284444752e-05
5.0664310505563605e-05
6.056300926976945e-05
5.0397829577150096e-05
4.700105738749197e-05
5.453530492037783e-05
6.0378211670656226e-05
5.585204734203694e-05
3.5648201592735453e-05
5.672778083933587e-05
