0.0005037991211004282
0.00016915059516499638
0.0001795633192854553
0.00018769819997133027
0.00018456462643950383
0.00017451591306100856
0.0001434919493698481
0.00011039365936130255
8.185220973906013e-05
6.667221921570142e-05
5.914562500805107e-05
5.7526455408907557e-05
6.538752054191977e-05
7.771953909596025e-05
9.060497055915465e-05
9.692066237067467e-05
0.00010318656695464617
0.00010568792669515119
9.14348586933511e-05
7.326344535586949e-05
5.646187602747849e-05
5.514467616859687e-05
5.877814016199277e-05
5.699801160546432e-05
5.6907008653330266e-05
6.470333996612133e-05
5.9022934845549874e-05
4.920022062429205e-05
3.685344060544993e-05
2.6594618800507342e-05
2.3529707198051253e-05
2.3315942840924833e-05
1.8767930916546196e-05
1.363892821019201e-05
9.647039024612334e-06
5.3595830195343785e-06
8.8696058074269e-06
1.3887241007723426e-05
2.1326161744816612e-05
3.283186776674285e-05
4.250852411062665e-05
4.836328937894051e-05
4.1223888496013275e-05
2.741284829556397e-05
1.4544414185996235e-05
5.525591589855425e-06
2.501897568517423e-06
2.2255596296851873e-06
3.2238999843503647e-06
1.0264843694949345e-05
1.990683867552671e-05
2.6134997302449565e-05
3.189703030947899e-05
4.0959230155831986e-05
5.431985153976964e-05
5.3905616670625615e-05
4.905639791967377e-05
5.409845564836788e-05
7.274778210149838e-05
8.183016543041976e-05
7.957114272695893e-05
6.827985337939828e-05
6.578007085012574e-05
8.172324142467412e-05
9.858455464501671e-05
9.93240498080538e-05
7.931869494438413e-05
5.942829103428907e-05
3.3491758905053656e-05
2.4137537276854083e-05
6.942258493762159e-05
0.0001540934023632531
0.00019064706278693432
0.00019149051468198347
0.00012626670681987773
7.329067739525008e-05
5.068845556407781e-05
7.850382195244829e-05
8.027375466129405e-05
7.584790263583739e-05
9.959597347472844e-05
0.00011092569081754233
0.00012823490752380133
0.00015634836146083907
0.00017398242404763765
0.0001897467779131391
0.00018325360812778118
0.00016324664968320136
0.00013881495786571818
0.00012567902133712682
0.00010582341851568381
8.505020240626947e-05
6.896766906186265e-05
6.247569548741905e-05
6.801221727191494e-05
8.532577172847953e-05
0.00010744256202983866
0.00011921079653266339
0.00012999515879014728
0.00013987170574478332
0.00013698047121857046
0.00012917395352270082
0.00010622139073636461
8.885795260910634e-05
8.576352736001244e-05
9.255214642855193e-05
9.812680593292663e-05
9.99922885274457e-05
0.00010081321776359722
9.40367228821912e-05
8.170449040430967e-05
6.763396858922465e-05
5.1558051057378415e-05
4.0792797049286284e-05
2.541348882924787e-05
2.2345172136862883e-05
1.576518622431097e-05
1.327882949747088e-05
8.300576369764528e-06
5.979292782059531e-06
1.1866302442080059e-05
1.4413540660542474e-05
2.0187429137443525e-05
2.805282501925538e-05
3.0405820077304402e-05
2.5166170748331092e-05
1.6284227812020166e-05
8.376708944859363e-06
4.034186741796813e-06
3.339125615491298e-06
3.147616003698551e-06
3.432620964738452e-06
4.557175469107395e-06
1.0103574021206573e-05
1.681856603570585e-05
2.1996984416561292e-05
2.620996838700203e-05
3.480337942944597e-05
3.737893801492617e-05
3.80652146836539e-05
4.037195528737283e-05
5.1528869537526264e-05
7.717657620968682e-05
8.881821687438923e-05
9.92977783047279e-05
9.433850750697212e-05
8.537455142658369e-05
8.626644056644772e-05
8.341620153958479e-05
8.682454787729355e-05
7.853562767580831e-05
6.628218371590165e-05
5.273060429668456e-05
4.7684623855647174e-05
5.2848953720417195e-05
4.855386806530268e-05
3.4864632741135485e-05
3.163896573914362e-05
3.0547311739025806e-05
3.8936305522681435e-05
4.8942081378085646e-05
3.8120147983709584e-05
