0.0017496939664736458
0.0005939807817895009
0.0002217088797369937
0.00016586120830224644
0.00016320371457763524
0.00015926386590829977
0.00016444317285761037
0.00016073692217173765
0.00016429256351912626
0.00017806767267145024
0.00019128934521878222
0.00023241259016145756
0.0002617771038094998
0.00029358180173239955
0.00029530645019274165
0.0002701778921230207
0.0002251742492837865
0.00020662327304471064
0.0002305830157626884
0.00016736780328901866
0.00013131867756442742
9.755864596615684e-05
6.178984438328241e-05
2.9066423202712128e-05
2.2432392984540066e-05
2.3021016287111263e-05
2.077647928434282e-05
1.4091017487932947e-05
2.0257904886391714e-05
3.9780701517108315e-05
3.029993044920689e-05
4.792739236920026e-05
6.344422876989632e-05
7.826367754092563e-05
0.00010262997010421837
0.0001040422005600023
9.617963323696828e-05
7.791315288514685e-05
8.077523527345012e-05
8.476986324928817e-05
0.00011155723866638375
0.00013126207461090872
0.00015793908104670868
0.00019630276008995173
0.000259884630962611
0.00030988382581418564
0.000327310747011312
0.0003098059950454186
0.00025098069781896926
0.00022841418656489775
0.0002098455592362143
0.00015303006009936848
0.00016469384242353375
0.00013349310886552902
0.0001458549731165589
0.0004205886329558099
0.00094023733725306
0.0012283293254675704
0.0013427703409387816
0.0010067392311337248
0.0004297815656613279
0.00023497370929027812
0.00022845720626014335
0.00016769952421993398
0.00019411131206844635
0.00019349036338989282
0.00018483045037032833
0.00019327316306394764
0.0001664960747237851
0.00014167514147025322
0.00014739385854405077
0.00015791337660113437
0.0001626400811145613
0.0001665040194593631
0.00018564819551858256
0.0002070750016310819
0.00023347680306422174
0.00024430249551163065
0.0002640075139157156
0.00030749328789611417
0.00028569862359743533
0.00026114380425575057
0.0002595086270254263
0.0002796821242369546
0.00030318400333818033
0.0002682282321901662
0.000230216404780771
0.000165390320877629
0.00010409608132768112
6.215463429182441e-05
3.408716357689719e-05
3.079651531151268e-05
1.6482254700621497e-05
1.3442782037499355e-05
3.551563682791715e-05
5.320298027921886e-05
3.389708657733438e-05
5.481433307266521e-05
7.96442662361994e-05
0.00011278088662505746
0.00012755510125504797
0.00012186151121420484
0.00011457693712388989
0.00011688426709536639
0.000111756929990991
0.00011357749332161176
0.00011654717137184702
0.00012221637914129296
0.00013633239637128895
0.00016270354915100295
0.00020891309905571618
0.00022207459800753789
0.0002271667076950921
0.00019647587589621
0.00016191655988090017
0.00010844404317569075
9.242786106981841e-05
0.00010420974943032644
0.00011403258877416894
7.390441707456463e-05
6.91128440829214e-05
0.00013085252663292245
0.00018089520513485364
0.00016446276795758163
0.00010349629294685689
0.00011463035496853526
0.00011418482550623484
9.335574460090036e-05
