0.001623618000463661
0.0005096047622043889
0.00018940366440268948
0.00015919802869407602
0.0001582268862421902
0.00015238440060185674
0.00015547293485811326
0.00014963955410518846
0.00015121890775139199
0.0001632291938757439
0.00017524493226323012
0.00020958794209768438
0.00023773264521924462
0.00027406967742861043
0.0002771408204685209
0.00025641650969120946
0.00021588110924952164
0.00019144852861172952
0.00021128439602936637
0.00016750936181054708
0.00013070878849248379
0.00010010494251220514
7.200748190794073e-05
3.6510006557207584e-05
2.106927703060739e-05
2.2947001958610844e-05
2.036155933019983e-05
1.4264377567897404e-05
8.780344691643483e-06
4.001126184395473e-05
3.290180405315371e-05
4.1655660556937674e-05
5.6932549331652774e-05
6.457030830273134e-05
7.993901977286754e-05
9.24020846401045e-05
9.124884533783278e-05
7.961684435745402e-05
7.371152734227484e-05
7.373266672011436e-05
8.798401959310852e-05
0.00010779928327762141
0.00012200737029971312
0.00015210049076856114
0.00019588855831452785
0.0002470505741706846
0.00028891671378173886
0.0003004291360091018
0.0002730324312270275
0.00021665844456364382
0.00020201395121115755
0.00015609304640716356
0.00013986218347636616
0.00015912451822835705
0.00011899599452092484
0.00014395567963710685
0.0004294914157347951
0.0008866313111594571
0.001124754824393338
0.001156604678624482
0.0007786855974119516
0.00031503045319115355
0.00021935088659114722
0.00015975115220492718
0.00015793219576955481
0.00018960271367199374
0.000195546859717018
0.00018662766813853086
0.00019373064513217942
0.00016468120338683693
0.00013995683115228903
0.00013780720075622842
0.00014875299080641813
0.00015048369819037078
0.00015085541533346958
0.00016608127430351883
0.0001862618025412287
0.0002111573151429379
0.000224269863797454
0.00024287254800668995
0.00028233836520877363
0.0002713377769468942
0.00023696258507916585
0.0002283881661689841
0.0002423800564642792
0.00026529270816555184
0.0002511281619317236
0.00021926094696851243
0.00016676451667484507
0.00011480833840115726
7.058682658926147e-05
4.164396350593342e-05
3.069452823129906e-05
2.180133122257211e-05
9.792244384845562e-06
2.810415689011902e-05
5.1064571451970214e-05
4.5684536062914664e-05
5.135155607114278e-05
5.74107031568697e-05
8.73205215124504e-05
0.0001114388021440447
0.00011756841965715504
0.00011206995654214299
0.00010516379626735841
0.00010474730793454298
9.833876994121802e-05
9.575237440077137e-05
0.00010309979224390147
0.00011044771636720852
0.00013417417938700244
0.00017185615640180206
0.00019736137973563514
0.00020727496577619837
0.00020874961876569948
0.00018095066983512607
0.00014333785095431827
9.764729099399388e-05
9.311381908162262e-05
0.0001164690471932214
0.00010343793202858359
6.75447295653201e-05
6.675058703709521e-05
0.0001262393633757995
0.00017095463160301448
0.00014018553400281937
9.756922338311077e-05
0.00011526089643732208
0.00010567212772023937
8.73694381763246e-05
