0.0015057846819492772
0.0004313898182089845
0.0001695682405733299
0.00015362901340809152
0.00015481254663999628
0.00014694456803724109
0.0001470955115233051
0.0001404367145726629
0.00014011399325839652
0.0001502402174013578
0.0001613861782830151
0.00018979963983823805
0.00021694169501847204
0.00025443168049259554
0.00026096834948793744
0.00024411046591768564
0.0002097290182822684
0.00017886902816908166
0.0001809148333836128
0.00016858306156516161
0.000127468266855629
0.00010292239120383974
7.667822310212705e-05
4.401867502032688e-05
2.2614777748210575e-05
2.1748465305633544e-05
2.508506314156872e-05
1.7327229233492423e-05
1.0440390481911137e-05
2.6707263158700032e-05
4.11923052774194e-05
4.013006719218286e-05
5.033877318477558e-05
5.930161739334052e-05
6.56908388453876e-05
7.88089342315933e-05
7.966999068260713e-05
7.374525124779546e-05
6.218127059430172e-05
6.412815167540324e-05
6.835550116017928e-05
8.810893478040333e-05
0.00010111545302533609
0.00011427234860763539
0.000142802966371993
0.00019507594184105262
0.00023262080137774802
0.0002671466505286562
0.0002715506519289235
0.0002403096117213211
0.00019215094960911523
0.0001788862863288648
0.0001293704073930599
0.0001350731261380506
0.00014941696506380896
0.00010691906466775955
0.0001456540854010007
0.00042958790935464057
0.0008194048142373065
0.0010209014339130015
0.000991972319512197
0.0006040427722642274
0.00023901717632271208
0.00020303657439860325
0.00013112997115375134
0.0001512267046638105
0.00018307428149883355
0.00019723775303348546
0.00018878109551005376
0.0001939094850326692
0.00016518826383810266
0.00014003467626852678
0.00013203562105841183
0.00014250464559580257
0.00014164189600603238
0.0001381538639100649
0.00014840565842422435
0.00016620726375300306
0.00019123025114823144
0.00020697220323384524
0.00022378214926219013
0.0002579225620245459
0.0002577753439321558
0.00022249358057796603
0.0002022543481339954
0.0002100462166861074
0.0002308656491672253
0.00023730993166096642
0.00020955707477760525
0.00016853824046429223
0.00012499764545306332
8.056161442758943e-05
5.252941518936704e-05
3.007396943014254e-05
2.6564874783621112e-05
1.3368646188391427e-05
1.4647769736916117e-05
3.265832372175018e-05
4.961974781984286e-05
4.187937117231376e-05
4.8490863982060616e-05
6.230474263878221e-05
8.668622868464616e-05
0.00010054540897357614
0.00010185833375871598
9.51269137390023e-05
9.013036836617812e-05
8.393428093885779e-05
7.746443443004191e-05
8.573587970919463e-05
9.253158313991621e-05
0.00010361167149632234
0.00012120467264349316
0.00015688151248658306
0.0001765036938106702
0.00019031638951823648
0.00018878179389734593
0.00016874376525962851
0.0001290030973137744
9.463501151099705e-05
9.84648483328882e-05
0.0001198808232566271
9.538190119976716e-05
6.376609862347619e-05
6.219963535977787e-05
0.0001135262570133204
0.00015706495403885752
0.00012255009879823424
9.453397485318561e-05
0.00011056916035424364
9.902894837443331e-05
8.121871189320515e-05
