0.0012842719581731843
0.00029648569384458344
0.00016336036943659425
0.0001484475021466813
0.00015033350519759488
0.0001403928201137128
0.00013246847192299356
0.00012551334759427474
0.00012196778054972432
0.00012780078890553824
0.00013823807802628807
0.00015386956871566446
0.00018201986513280286
0.00021575391426398698
0.00023036835090343565
0.0002195221208612409
0.00019378277707423228
0.0001542587037753402
0.00014477453415316738
0.00015336175164652047
0.00012484822653670478
0.00010708062544508598
8.27646684937864e-05
5.883575698744176e-05
3.422485682113694e-05
2.0353519632087274e-05
2.101156873537197e-05
2.7160692810813876e-05
1.6085711305400847e-05
1.1512879179966289e-05
2.4424111509519136e-05
3.8677166108213436e-05
4.0593787737589455e-05
5.027859810116912e-05
5.848349770386219e-05
6.0087822829398966e-05
6.325244782382012e-05
5.922123920244616e-05
5.259776337501158e-05
4.5819709075776234e-05
4.343389593173355e-05
5.124475964481466e-05
6.785676543960831e-05
7.880913188158004e-05
8.731626150266887e-05
0.00010707746149001263
0.00014226890592134976
0.00017149136613395872
0.00020747317492721064
0.00022768028434060403
0.0002106087181331637
0.00017378776255514772
0.00014225737658908516
0.00013892350894757194
0.0001141317429696153
0.00013151051499822014
0.00012984178788143485
8.496899463872443e-05
0.00013672032937668183
0.0003845242144036383
0.0006677094009899674
0.0008146026214267875
0.0007323083754271016
0.0004090253608444008
0.00018019787761113795
0.00016876932831565383
0.00011554164166566977
0.000139628207280663
0.00016597089009438257
0.0001931164480973549
0.00019586136191643023
0.000196250741718083
0.00017288400507634965
0.00014619679103326831
0.00012872723027846543
0.00013195994924347095
0.00013285350413469826
0.00012345895586125897
0.000122900040230385
0.0001335354508464137
0.0001562075128642555
0.0001781488388618307
0.00018643678416274757
0.00021562264220750555
0.0002365404540570384
0.00021282899285783873
0.00018278033854024953
0.0001612913294031374
0.00017448360152874594
0.0001927834051901658
0.00019126281767271959
0.0001725249442710554
0.00013890993710032658
0.00010460372558499632
7.306216448739393e-05
4.869890435408503e-05
3.1727565772379924e-05
2.5075986785086575e-05
1.4232410736275583e-05
1.2325428595568212e-05
2.6484163720398125e-05
3.6946309379693964e-05
3.6647193713845274e-05
4.191649469015147e-05
5.025624340312127e-05
6.659150824043204e-05
7.029961069256844e-05
6.79751252970673e-05
6.0594421428150694e-05
5.730295040677766e-05
5.228585420227683e-05
4.628500225779804e-05
5.5174916969221824e-05
6.444876428256449e-05
7.227316045525586e-05
9.01327306858146e-05
0.00011516813933217335
0.0001340067545758212
0.0001434951544467222
0.00015750096975439948
0.0001541438567916545
0.00014233470500853835
0.00011287632595680305
0.00010502095106372132
0.00010695211263770487
0.00011877709904703886
8.987783223672701e-05
6.229363054193024e-05
5.279875815538293e-05
8.806354393955358e-05
0.0001236684863146317
9.401845107745137e-05
7.548250916580832e-05
8.929396601769954e-05
9.394838989328585e-05
7.027385636863502e-05
