0.00099002396572304
0.0001714870273669323
0.00017842216908095716
0.00015230190125069357
0.00014892415825386245
0.00013848907872943405
0.00012107426130034565
0.00010796270204369052
9.771661612463757e-05
9.42400171019599e-05
0.00010024051458219898
0.00011471231283543916
0.00013028520236789713
0.00016467799013352184
0.00018184953532745133
0.00017717145151269678
0.0001616820285589709
0.0001406736552878591
0.00011478399192905596
0.00011117209633781983
0.00011041015286405816
9.452914289041039e-05
8.947263950604931e-05
7.604903148084132e-05
5.421861578999912e-05
3.66650679859867e-05
2.215133060678047e-05
2.4473028114401328e-05
2.635900897834157e-05
2.1444458900024077e-05
1.4609810472542169e-05
8.703292907527408e-06
2.3687555639085427e-05
3.079042791178303e-05
4.080543190764154e-05
4.783006102171956e-05
5.949548910263193e-05
5.804085160305555e-05
4.7517638729407824e-05
3.754338644987553e-05
3.12222411505165e-05
2.5544223963210084e-05
2.188391016303489e-05
2.78899092016063e-05
4.602829775311934e-05
5.4990931176582565e-05
6.724030414494702e-05
7.54837999039336e-05
9.87886176653901e-05
0.00011364630784563091
0.00013291009379871736
0.0001607444986224744
0.00016084045592314796
0.0001415527691987776
0.00010997684577169434
0.00010536083723904138
0.00011935487284330631
0.00011542635817977698
0.00012056207312006991
0.00010237115527560914
5.9576462677355576e-05
8.900143191221744e-05
0.0002558933067307477
0.0004440779512721113
0.0005588609970178971
0.0004757233324483363
0.00026433938074285396
0.00012415069827902592
0.00013080025865727708
0.00011756777073151955
0.00010632139378797155
0.00014576867318646632
0.00014489607258578888
0.00018610894913463969
0.00020621311232892357
0.00020688375743268742
0.00015955817885900288
0.00014337213216534167
0.0001264224096928683
0.00012324667602463962
0.00012009433769651946
0.0001039155497957092
9.964883450099166e-05
0.00010735786948887857
0.00012954506832051952
0.00015166545555911435
0.00016559515010499047
0.00018249591099252606
0.00019597639978053736
0.00017821272863954694
0.00015454977264770526
0.00012976031547503667
0.00012403991247289726
0.00014089233137138678
0.0001489355844915161
0.0001457023348595716
0.00013180816521065217
0.00010735873052311192
8.260184891418392e-05
6.111091204296545e-05
4.44863423661842e-05
3.2123994805093205e-05
2.3611283806710664e-05
1.4958180736337625e-05
9.377946045322042e-06
1.5745081701795834e-05
1.9329329785652533e-05
2.3440989172219977e-05
3.4946872461561696e-05
4.272619581735987e-05
4.7856883804360064e-05
4.323538150329258e-05
3.844718460262166e-05
3.276364559089746e-05
2.9502590655483497e-05
2.6542851665872575e-05
2.2141228858405724e-05
2.7443973205622885e-05
3.428184904652182e-05
3.974657924507214e-05
5.4093393322197754e-05
7.050874681244375e-05
8.827224604691208e-05
9.86728324137357e-05
0.00010288163398312521
0.00012028695435059338
0.00012206965583551972
0.00012273774198408462
0.00010983152667401199
0.00010322465935486529
0.00011549304480757025
0.00011723098754910953
0.00010363511765972478
6.755511510622814e-05
5.125250008344735e-05
5.3634199757391335e-05
6.919332646566315e-05
8.562211067503258e-05
6.079109146629761e-05
6.921198233494018e-05
7.813228429605056e-05
7.59024666903981e-05
5.247752769159424e-05
4.783370121490262e-05
