0.004051431324912949
0.0027639594257067275
0.002029511283495219
0.0016077932108653572
0.0012901756880017014
0.0009954781327743715
0.0008060282344913389
0.0007579415137451096
0.0007265577260134626
0.0007274535814477311
0.0007354414426031943
0.0007488682760875529
0.000692416255019487
0.0006376641715882168
0.0006827095631882904
0.0006553813316262468
0.00047238440498100886
0.00031495238978521687
0.00020466885943711268
0.00010870222159203777
4.505126696118579e-05
2.8968274461871827e-05
3.551502615721512e-05
4.093123233703698e-05
2.92590591861517e-05
4.36341791601726e-05
5.438702363119415e-05
7.456923265389826e-05
0.00015126570277241544
0.00019720473592485467
0.0002600162216068133
0.00030035714563875264
0.0003447051781838431
0.0003953016325217635
0.0005469570696074041
0.0007104775503944025
0.0009313590620525171
0.0010803693439520548
0.001223422640185294
0.0013736771375178636
0.0014010895282064856
0.0013822229561511
0.0013193461358796486
0.0010696058390593417
0.0007149917875019278
0.0005982074636399493
0.0011861120477536596
0.002676160305272983
0.004266505466128555
0.006153589131045478
0.007490457831761654
0.007864290275401717
0.004974511058138407
0.00198481535899313
0.0009143264034485821
0.0004969860660213237
0.00030529344497176093
0.0002642592920756709
0.0002800646452414489
0.000325177131200821
0.00040629264216867153
0.0005098095124707948
0.0006345763493297561
0.0007256614741674151
0.0008060235499016935
0.0008610174881098769
0.0008907498391563954
0.0008815430881629064
0.0008991191460417213
0.0010393785443207795
0.0013799404690889303
0.00153303984316176
0.0014598387177367279
0.0011625130533555936
0.0007913928952584884
0.0004206300446544527
0.00016238833559949794
4.5517963918322966e-05
5.141616563085762e-05
6.874104801332492e-05
6.5284478047726e-05
7.552274164171076e-05
0.00010716819114700929
0.0001712949748722752
0.0002729368172582683
0.00034697086397939643
0.00046460502245532264
0.0006134150555800702
0.0005952379119969677
0.000614598016866601
0.0007233866969946056
0.0008907811337216694
0.0009441936533941765
0.0009020381274848477
0.0008602873938670133
0.0007578871252633387
0.0005471315281898862
0.0003467662852551016
0.00017234208020985267
0.00012589514440948334
0.0001718792270499558
0.0002388720937709658
0.00047616854101120904
0.0006587219332870712
0.0005657330445633437
0.0002422093124955254
0.0002322016598176391
0.0002512962313460278
