0.0026919963358305555
0.0013291233978402588
0.0007320314103465883
0.00040756819325840995
0.0002926938158621707
0.00026492369109710047
0.00028838896907539284
0.0002985550589988308
0.0003088504600953458
0.000333286883638253
0.00037475220381297253
0.0004197462713449162
0.0004463763868942481
0.0004449520969887719
0.00040311001925187335
0.0003346239217600574
0.0003488616337964308
0.0003214161771964174
0.00022659383964671463
0.00014414681656808414
9.253284819208437e-05
4.578772964948089e-05
2.4187958712228045e-05
2.7079792986325292e-05
3.431894297543839e-05
2.8216310273685615e-05
2.4365853577070314e-05
2.2207068985151602e-05
2.3152177189600548e-05
7.979400615577497e-05
0.00010855482485372134
0.00013594138798990262
0.0001578677987960661
0.00015044383292681462
0.00015069454159052334
0.00015825203256999426
0.00017091982892615415
0.0002504356961359783
0.0003316761020434965
0.00042132871274134083
0.00047203000862179904
0.0005569279449705612
0.0006030960077912749
0.0005738147552288729
0.0004905013096256145
0.00041964549520711984
0.00034326012372527305
0.00024199930387992392
0.00021423733154713031
0.00020432681921024804
0.000537816467096559
0.0013505601532864612
0.0021588299908711066
0.0026728430171708535
0.0027435502635468003
0.0017180252689113747
0.0004498356296267881
0.00036145992926751933
0.00025355167852654086
0.00017448144619505767
0.00016842520129762943
0.00017648007870950952
0.00020629735594095415
0.00019344248348940365
0.0002103614685374102
0.00024288286536293098
0.0002761442093881703
0.0003109920668412641
0.0003514124088829904
0.0003948964542114916
0.0004332611646624006
0.0004496208510189852
0.00044178446171541386
0.00048105741486208415
0.00047950526291544676
0.0005014966425224855
0.0005683698425473519
0.000564055396750714
0.0005150472584463136
0.000415942233123714
0.0002787111645634209
0.00015616336940744687
7.304458691537672e-05
3.3120639566029004e-05
3.574716808795762e-05
3.522126918776507e-05
4.8559664734851385e-05
3.928054237060165e-05
3.735582961573134e-05
0.0001075138308562241
0.0001539007613776696
0.00018204290262162592
0.00019792645037807784
0.00020695741353344953
0.00024570229361530236
0.00025102954833899904
0.00024343873040756745
0.00025095248187218796
0.00030555233599687616
0.00034224370445829345
0.0003681414865199293
0.00038675253210912106
0.00039238746567185406
0.00033982093385875737
0.0002571400227008207
0.000162935806839916
0.00010683593816206083
8.355740707345836e-05
0.00013568354249885099
0.00012034866312084499
0.00017283019574083707
0.0003178356373788197
0.00037895449276914865
0.00029517285565648036
0.00016141261328591144
0.0001853025766382698
0.0001627674575390712
0.0001528719673905926
