0.0025037927590342898
0.0011639379790761165
0.0006078605877314227
0.0003195816369460921
0.00024854950151389864
0.00023540646439529825
0.00025724278211108523
0.00026746419773732085
0.0002762544983578846
0.00029729758431606154
0.000334663315637315
0.00037791551531308906
0.0004084037971391834
0.00041539310522067707
0.000386098067421569
0.00032535932373489875
0.0003116562266417285
0.00031497908770245745
0.00022537382591820084
0.00015316642133285754
0.00010162566223863141
5.5834689062959247e-05
2.1174551684045615e-05
2.7083486617079874e-05
3.202411406938771e-05
2.5426614688519794e-05
2.7186222973048574e-05
2.3156639624403484e-05
2.1559756341536894e-05
4.343519026821072e-05
9.287007968299121e-05
0.00011750863051082164
0.00014353818292740502
0.00015352498743940245
0.0001308086873713585
0.00013152571376019712
0.00014575670689569024
0.00018802010257858403
0.00024969242606072347
0.0003277735055402167
0.00038014741471147106
0.00042683666387158953
0.0005125341742604906
0.0005359123816830837
0.0004879875853561722
0.0004002595262612485
0.0003565289319786476
0.000253724104727793
0.0002049697926682967
0.0001892883049179203
0.00021896843514166068
0.0006426552158280355
0.0015193550969876562
0.0020148724796696252
0.002458641940861487
0.002209649437305123
0.0010708572657806975
0.0002703365078383354
0.0003252760088658361
0.00020404123012840626
0.00018202307785462082
0.0001721773037742316
0.00018254493756972523
0.00020248283929672482
0.00018256976652088723
0.00019692007625642444
0.00022864679711377125
0.00025178376151700223
0.0002791510575675561
0.000319150236365092
0.00035514717297582804
0.0003912816723533664
0.0004064868375362197
0.00039503855057704837
0.0004451219308383367
0.0004447728848160683
0.00044532603553966703
0.0005018893812382452
0.0005290937747206978
0.00048407432480815116
0.000393649529643393
0.00026706688199237653
0.00015194086403889055
7.745847453901067e-05
3.520474670807874e-05
3.62292626747293e-05
2.569881902145716e-05
4.300516958881375e-05
3.772447758530999e-05
2.9458531708151762e-05
7.21891107302786e-05
0.00013020855475517838
0.00016045089693735468
0.0001838916791828738
0.00018153198090310372
0.00020141298795565358
0.00021641402281948199
0.00021699985504883095
0.0002055999451845885
0.00024480813231234717
0.00027555058057560956
0.0003074176815967884
0.0003309168579711533
0.00035556511703251336
0.00034387649359513125
0.000270004149643526
0.00019360593121729323
0.00011339809447642254
9.13698837967548e-05
0.00010088294907073427
0.00011252880072339599
0.00011230617166725236
0.00019772597804199645
0.0002888415145711909
0.0003540738357712753
0.00016769943074823607
0.00014420555231150494
0.00016001387865606062
0.00013929952103504593
0.0001481333783271548
