0.003798592034165638
0.0024804716920597742
0.0017606157137133364
0.0013266375052805484
0.001012992435525238
0.0007644076979530676
0.0006247905968273115
0.000611210950878893
0.0005990868223226981
0.0006122291574954032
0.0006401924228586448
0.0006737587189605963
0.0006556146850302009
0.0005777347627299741
0.000558138598589006
0.0005543097172161822
0.00043163533475739887
0.0003032503638940678
0.0001996799368210872
0.00011593679875590291
5.129195378741518e-05
3.186719536414599e-05
2.6858808550129667e-05
3.4673534303227847e-05
3.256983831940709e-05
3.823690885008588e-05
4.519183607840823e-05
5.7946460451039226e-05
0.00013506435784989908
0.00017319560061891713
0.00021708944748171906
0.0002649921486617752
0.00028473410163228134
0.00031701834908775205
0.0004068090942818888
0.0005547874480970269
0.0007372783372224098
0.0009085775376492509
0.0009876477872446119
0.001108285773056612
0.0011623392216259538
0.0011107853949770682
0.0010568120550647926
0.0009349547836218954
0.0006530487617402951
0.0004258927021037886
0.0005265774929066019
0.0013472182825409124
0.002913962309539447
0.0042220117106222385
0.0055544006303775775
0.006117515331023178
0.005205270606304281
0.0021108272468241137
0.0008365404423772761
0.0003901732037338378
0.00020893410584707349
0.0001997131249323879
0.00022540639759483113
0.00025670665961770116
0.0003068630183650228
0.00038356021028213005
0.0004824131624756843
0.0005823769884349796
0.000656867543603327
0.0007260817936988931
0.000770029640426466
0.0007887325630504535
0.0007823126002551319
0.0008049857383150648
0.0009251370528657718
0.0011858655824768163
0.0012571093142994465
0.0011066280821783276
0.0008692208116139174
0.0005682393058885445
0.00030860225096069265
0.00011907081880333158
3.4598205211835815e-05
4.2274062235034795e-05
6.796742234889805e-05
6.0511334593916136e-05
7.035727519214918e-05
9.681087918645681e-05
0.0001649786481471291
0.00024983943797479366
0.0003206538711553446
0.0004044488751903712
0.000522216096182494
0.0005267438259204882
0.0005161059066550216
0.0005946275212188161
0.000742373721886796
0.0008117323940404798
0.0007831187452265637
0.0007387009387280965
0.0006699533156092207
0.0005061677601171314
0.00032821244561915495
0.00016774625383651588
0.00011447232406712716
0.00016042891958907216
0.00018771297382872012
0.00035568330435506364
0.0005477026505891666
0.0006097658460322058
0.0003193640897059981
0.0001994050854781146
0.00022381201570180711
0.00021941951575691428
