0.002895398896752319
0.0015214712321753208
0.000890419605278738
0.0005344365691967167
0.000365385149805209
0.00030504458378337936
0.00032541450072253613
0.0003345572138821657
0.00034537177867594287
0.00037297178737245705
0.00041818543208985533
0.0004637855745806488
0.00048737541629241966
0.0004762385000894029
0.00040971398090929674
0.0003484621262949268
0.0003774441118846833
0.0003216158728454772
0.0002134263897283484
0.00013768263484459353
8.326371078183929e-05
3.7068575547050995e-05
2.8825307654795407e-05
2.7298088849691447e-05
2.9938700738545833e-05
3.105786085552594e-05
2.5772180895622168e-05
2.6128734173367403e-05
3.2351820912829435e-05
9.794333989322491e-05
0.0001250125068455217
0.00014989691561451262
0.0001699624414841518
0.00016746518388774541
0.00017096264688009567
0.00018651920173353567
0.0002456676950520103
0.0003321379157630091
0.000436443790480442
0.0005221577865093997
0.0005648930651274161
0.0006558615755372857
0.0006575008107044235
0.0005923868564133625
0.0005008242566600549
0.0004354663338003414
0.00029300918750770484
0.00023709981129178874
0.00020630472791827075
0.0004065828791852544
0.001120376654605844
0.0022834834301727115
0.0028138089425109956
0.003156211768187352
0.0025686487149376275
0.0010214864596804823
0.00034887530262250004
0.00027695043838910397
0.00016581490149863854
0.00016550236214639744
0.00017250989522104058
0.00020637004512716637
0.00020364919860926703
0.0002226850943899034
0.000257906997757595
0.00030289083983373196
0.0003479729579968398
0.0003859132354167668
0.00043976532310971303
0.00047872705639276413
0.0004953247533392846
0.0004935670878251633
0.0005241182995172142
0.0005254163388995057
0.0005681119064252992
0.0006515491654142594
0.0006263049891436064
0.0005622510090154903
0.00044950399899187796
0.00029996154647723706
0.00016525825700297781
7.442807739428984e-05
3.195927035446836e-05
3.329188908583895e-05
4.570361892642965e-05
4.9764194211767145e-05
4.212597463357286e-05
4.672077989875491e-05
0.00013367516756685068
0.0001685406709804322
0.00020229715251800023
0.0002182708380677527
0.0002535186269927725
0.0003050869174990094
0.0002976346677885907
0.00027599761741061053
0.00031900120926538455
0.0003780376169298163
0.0004198635927147752
0.0004199442266123359
0.00043659868929011556
0.0004229528903903053
0.00034168710082708266
0.00023823061150720064
0.00013602417827352813
9.904458703807085e-05
0.00010424517891910371
0.0001241975704803449
0.00014171921209601152
0.0002696704640954319
0.0003730411769417766
0.00042094783414457846
0.00018015252576080132
0.0001679149635704966
0.00017555717087357176
0.00016438809059604568
