0.005752836282987332
0.0049847446089006505
0.00452986936153735
0.004211668207381397
0.003917730154468748
0.003631869681308266
0.0033322162291817173
0.0030085873439852653
0.002623618465320495
0.0023174831389719173
0.002114645142240236
0.0020699716108990877
0.0023414622272549803
0.002730461831203937
0.0029041811136213216
0.00263456231481304
0.002007983040688347
0.0011106100866106936
0.00042167539638378093
0.00011031683204323194
3.089976672533222e-05
4.1310717944980805e-05
3.251519811586922e-05
5.585206043553411e-05
8.29840972805724e-05
0.00011517433533645423
0.00014110336945525592
0.0003057756495896746
0.0004492287073826867
0.0005796299777616641
0.0007751963131583444
0.000977075890255119
0.0012325830484379045
0.001740982239027864
0.0022773703442812063
0.0030204851497153077
0.004083000181957569
0.0059315512021543785
0.008658528461912677
0.014707606448748332
0.02586433964612517
0.05149246333645172
0.11299202422403204
0.2179152250779095
0.3452974907529321
0.48522041388235393
0.6194130584908244
0.7299755927012237
0.8083535473521372
0.9046264467417902
1.0592778776102696
1.3231096098900925
1.7254882419923803
2.2332114551919853
2.878429339421465
3.630498376227399
4.489722622710616
5.44958838781351
6.4098024923644825
7.259915607369081
7.925450949062897
8.34211512016102
8.440937589494673
8.233262544833757
7.8655886025292325
7.292360349102005
6.564879170781149
5.77251356387623
4.999356071661997
4.311520598641744
3.777445895032938
3.430517749829794
3.2066484025584003
2.9094498282280536
2.6010149462089958
2.3101895054166084
2.063890618425344
1.885190684972636
1.7907859002863606
1.7904261452159134
1.8764815851288728
1.9218928453827844
1.9529974887921537
1.6737513239178177
1.4212281507057265
1.2922067137939215
1.2448818744314518
1.25811467352879
1.2423405481337635
1.1481236752459112
0.9812117589005445
0.8427613021306133
0.7418600892339103
0.6694948832703583
0.6196780483222977
0.590946660773181
0.5856655350394925
0.6017065269870405
0.6309108813062579
0.668794230567358
