0.004312225691449486
0.003069413561253643
0.002323380811083913
0.0018940376752097417
0.001584393145457197
0.0012872351506175393
0.0010474873492573428
0.0009461874832760801
0.0009132440802252818
0.0008865252982473925
0.0008521343969660409
0.0008085869614108091
0.0007605554871805598
0.0007527524738935006
0.0008652220356244716
0.0008062788199669573
0.0005597014383967227
0.00034568070479276284
0.0002121294846263733
0.00010469386546163485
4.147816016129003e-05
2.659839651950311e-05
4.167238225858371e-05
3.924165105089001e-05
3.3999573396092825e-05
4.5422635138235516e-05
6.288259108225603e-05
0.00010375518435113706
0.00017571025335680446
0.00023648633350936495
0.00030370296618624157
0.0003485404066469809
0.0004090322858612814
0.000518658634248961
0.0006908446469592667
0.0009224182676625906
0.0011537760106938525
0.0012977360917508722
0.0015173071339877615
0.0016551490699393057
0.0017340134376698031
0.0017459094470268742
0.0016186934281509214
0.0012630283761513848
0.0008711103468508124
0.0011253823940565156
0.002449632385245829
0.004336302084595459
0.006535049396299884
0.008558660897077963
0.010043932275901057
0.00994309897821411
0.005761246087933619
0.002733681000494091
0.0014702140154882989
0.0009123461953806029
0.0006192483623151353
0.0005101110941573828
0.00045968740433107195
0.0004816486447161612
0.0005717218622927173
0.000699439220501865
0.0008242549975742687
0.0009053834402156248
0.0009742239047673851
0.0010165488593039554
0.0010056180942080314
0.0010015970724887146
0.0011548931178359885
0.001559208500243724
0.0017869340670150678
0.001823917864866152
0.0014459414943441547
0.0010599871013882922
0.0005665670764861869
0.00022706556138906813
6.107918791556038e-05
5.435442055423121e-05
7.125123152276855e-05
7.120446604102419e-05
8.226183803936287e-05
0.00011809449921116316
0.00017921210045883322
0.00029876232327417105
0.00037815124780882356
0.0005416991075008629
0.0006967411916613678
0.0006719474309929797
0.000732703952629472
0.000876330043319452
0.001032381310769443
0.0010984546636165558
0.0010532803829005402
0.0010177446160706876
0.0008516685752584513
0.000599748493057881
0.00038263363849235405
0.00016875568669425558
0.00014637494234930336
0.00018591767172286414
0.00031943156293266
0.0006255987133151553
0.0007610349136240187
0.0005202248858212347
0.00023026616034560352
0.00026658188169179266
