0.0045816257760917375
0.003402793339836275
0.0026804304276189473
0.0022332686689168746
0.0019286096987983412
0.001632594944008063
0.001358283337853587
0.001198810182180542
0.001139837237894695
0.0010514254617968847
0.0009769057386529898
0.0009083455704088924
0.00089091252050249
0.0009683128480136086
0.0010632128949622816
0.0009697559698954412
0.0006584108316218868
0.0003832410451540544
0.00021775621689188165
9.963157879911e-05
4.2807359787814496e-05
2.4513392805211383e-05
3.912549853642212e-05
3.5358897309932455e-05
4.261246894468115e-05
5.4552137255820156e-05
7.966077060689249e-05
0.00012162758674006889
0.00020035318325560352
0.000288372678308941
0.000352685226767847
0.0004241440016769035
0.0005032670840072991
0.0006719921988381841
0.000874924107464258
0.0011710578471342467
0.0013857632967496922
0.001655999021015642
0.0019404511241651054
0.0021470479728056733
0.0023149448258753627
0.0023438057056945245
0.002107618318515497
0.0016425181316322298
0.0013714576781094262
0.002315830734363283
0.004507876813307159
0.0069988688741298745
0.009777029406995598
0.012308931328581246
0.014567334794796716
0.01169249387783396
0.006719247522749278
0.0036839480350922297
0.0024514819464414297
0.0016952932499831263
0.0012782096272493703
0.0010826578314821426
0.000938703017006774
0.0008340004311677825
0.0008808652385729436
0.0010139626045646377
0.0011039753120831019
0.0011633294467161917
0.001196318149631319
0.0011883255035335509
0.0011697519867864456
0.0013317185654814234
0.001821003050725552
0.0021797416718558928
0.0022579627782437326
0.0018785534656376465
0.001387726479187349
0.0008005084782309345
0.000334132186610938
8.467460876935231e-05
5.739043909440724e-05
7.127620194492836e-05
7.436796314029052e-05
8.649328980786084e-05
0.00012771301994249414
0.00018566008056310885
0.00032351081037736477
0.0004237874037621687
0.0006058567191406301
0.0007754640266543027
0.0007700409654159661
0.0008812090223367546
0.0010483474185465631
0.001179596151188491
0.0012739252638611343
0.0012673503856640144
0.0012052581234071342
0.0009908788561938317
0.0007060258362454918
0.0004501371873801113
0.00018600325055752464
0.00017479668153747892
0.00021768766691552876
0.0004255632209587563
0.0007360975446054641
0.000774091106472771
0.0004750953995528988
0.00023713987220963466
0.00026042717730440437
0.00027360464602935153
