0.006708149425669863
0.006377084203883986
0.006317532360333163
0.006294103037343828
0.006186417741845681
0.005921303501997941
0.005644496102338409
0.005238579753969085
0.004705659117764737
0.004165394940942023
0.0039386469928985555
0.003940758226499728
0.004575469852093148
0.005507443467721219
0.005872641780547234
0.0052558674427224525
0.004328817358715867
0.002515985091889629
0.0009485988272911544
0.00018893203726642695
3.834227107926649e-05
3.2704164678901975e-05
6.0161023062428244e-05
9.061362586796346e-05
0.000124240706749201
0.00016793613677014573
0.00035305218843131365
0.0005674018632860055
0.0007691798396836693
0.0011077459615263284
0.0013873517435602873
0.0018832078090382045
0.002586960369853654
0.0037641875713888668
0.005793592596937831
0.00978034846380974
0.018607585889116214
0.039725897126574955
0.10875352417768289
0.2356367064296264
0.40470988362682353
0.5970790769277721
0.7901130807799754
0.9665455484855016
1.1126534809881203
1.2340180279264192
1.3650899980831799
1.543839236247303
1.8333894512162523
2.2538798179978055
2.7731380436303494
3.478330869445187
4.28124885157466
5.160342169511019
5.9918357130584825
6.73269216719941
7.311725464323143
7.6678444692622865
7.772257047240704
7.632449399490417
7.255382914754216
6.683709640582825
5.986395745094949
5.246001510598848
4.544462669423698
3.956250645991803
3.535981830664504
3.3094308846376497
3.228695073592612
2.9505842065501175
2.650639929504093
2.367352196836328
2.1309012128830735
1.9648609455999417
1.8862456378625878
1.9045525837328487
1.9879572452635343
2.0308921748685247
1.787100379124079
1.6638537120469745
1.6384740616548177
1.6623404201569858
1.676331619560516
1.6189811039524473
1.499447648247615
1.3520624935120276
1.223593209109903
1.1141725984263535
1.0295552624310416
0.9580676990495914
0.9034464200819745
0.8808876176217958
0.8815954136959752
0.8701701591564642
0.7960819009230886
0.6756554155368326
