0.005448010719091818
0.004565069579362346
0.003998438892274925
0.0036079886357591935
0.0033067441631300007
0.002995393848138769
0.0027457593146116236
0.0024359720745393025
0.0021097367155662136
0.001880342457499817
0.001720508429137586
0.00167553771390868
0.0018819691417882956
0.0021885387684604245
0.0023257842644252486
0.0021186975267336525
0.0015733165585997324
0.0008631971398147018
0.00035127505789057115
0.00010491026581028434
3.218089105018147e-05
4.657362737901143e-05
3.461763010021198e-05
4.567692678162914e-05
6.675143496910981e-05
0.00010462874308113456
0.0001257118241012609
0.000244203028457207
0.0003719059086750926
0.00048011548081281456
0.0006334559831713187
0.0007885023198962227
0.0010044120952988642
0.0013420340937102897
0.001750941912290316
0.0022526196009066877
0.0028963310133087745
0.00373789242860227
0.005057271749563006
0.006750526212185581
0.009241426101952088
0.013703120981394524
0.021400177804928942
0.03367024866992553
0.05803490995354754
0.09483304856817291
0.13901264252660103
0.19704642389457994
0.26193531096542344
0.3259124991664613
0.39992613497714674
0.493636737898298
0.6389883273289565
0.8861469053666946
1.2582210834453267
1.7457343914046919
2.32502194030973
3.0157250701316833
3.8246746088471095
4.767185674043271
5.746154274170888
6.6367972384082945
7.357487011750975
7.845852307558271
8.05934367251418
7.91318285904765
7.601522844199677
7.0996544568221545
6.449887749931191
5.765945405298352
5.117165706138956
4.519065987492164
4.034724476036253
3.7167703060367865
3.4655606648165045
3.1996421319222565
2.9168715330727304
2.6411077871705144
2.402594616904433
2.218789654311776
2.1070550062868825
2.078089942454672
2.1361153654906655
2.278449025587869
2.472073958827222
2.4316962469836323
2.4184416698298485
2.3380807977957776
1.8185219579817424
1.4054809282777603
1.1176404763454935
0.9330108557507844
0.6506310538223345
0.4473241246098208
0.3226788199939983
0.2346303323742361
0.19741715356932052
0.18205793289992692
0.17052689940045052
0.16408331248337785
0.174364736521318
0.19657638660397914
