0.004860528508801559
0.0037745401768022628
0.0030850821186167725
0.002639455409480245
0.002343470017426293
0.0020367354853618996
0.0017454835375197257
0.001545846008376663
0.0014041036457841866
0.0012628920420064635
0.00115096828185672
0.001077033750693094
0.0011074276989616171
0.0012779291156808357
0.0013636488810456068
0.0012392110001865715
0.0008260580731297724
0.0004508264131907175
0.00023134883791824275
9.517643572092711e-05
3.970762704683388e-05
2.9306053025860233e-05
4.271253441544065e-05
3.251251289722464e-05
4.8162614665659114e-05
6.858632034167022e-05
9.284483242159843e-05
0.00014847808096194362
0.00024695059466471733
0.0003416107626730057
0.0004119689869677692
0.0005204354409909055
0.0006432664142120544
0.0008423015509955523
0.0011374188546009638
0.0014275395718473458
0.0017265958289392638
0.002118902784274566
0.002443970603775446
0.00284569844990198
0.0032275481570372935
0.0033320916612036367
0.0030459444086710008
0.0024317488147118887
0.0026063625337889133
0.004441114042902041
0.007277670412992866
0.010738291178043468
0.013988910518803627
0.017464980464397404
0.017171188082080527
0.012231314946485394
0.006853597798853235
0.004729853847145456
0.0035234839859758223
0.0026961386612531636
0.0021525200420208545
0.00186066789170833
0.00165196521885959
0.0015193029405763492
0.0014842635842423936
0.0015121258302729854
0.001525556753101589
0.0015237725845697982
0.001507020393395367
0.0014850800692840344
0.0016605747755152498
0.002229257658356404
0.002843855558368022
0.002901854262076024
0.0028089906376414465
0.001967803979831837
0.0012635763588733887
0.0005469048242759101
0.0001458099518874254
4.388451434985593e-05
6.775729357264195e-05
7.750158006993882e-05
8.94131334465408e-05
0.0001374242261073045
0.00019230553228609555
0.00034778282423199547
0.00047214358179913226
0.0006795692219065189
0.0008531940066357082
0.0008919784985351978
0.0010566174530642286
0.0012194830355555285
0.0013661783190571887
0.0015254381507143408
0.001536590366937876
0.0014628241185028878
0.0012320202306665806
0.0009444596971325759
0.0006140164510669073
0.00024793894904477805
0.00021112895712451294
0.00026989903168088484
0.000550560072476964
0.0008292901797150947
0.000761689826799315
0.00037348529512050204
0.00024050058432001261
0.0002833019634500607
