0.005150675088511194
0.004162750055480564
0.003520160244581812
0.0030923834895980108
0.0028011695199695362
0.0024737933388511188
0.002207702258220905
0.0019560207396973226
0.0017088222195456222
0.0015301058204357405
0.0013924898912281887
0.0013393792775953039
0.0014737049477221023
0.0017366916149264148
0.0018339108383332553
0.0016997172271299536
0.0011948151089168448
0.0006339245602510308
0.0002829608942482074
9.823640188327125e-05
3.6325536202127365e-05
3.970338538761688e-05
4.111230217819059e-05
3.1903783489421435e-05
5.275026515987611e-05
8.548836781739581e-05
0.00010800413916044828
0.00019220551921253924
0.000313300398817978
0.0004080414301289737
0.0004993780987322745
0.0006229642723548769
0.0008184309304841355
0.001037875237785181
0.001448543585986323
0.0017795427718831326
0.0022439796097518164
0.0027508646473302333
0.003437372788358668
0.0043365050925399965
0.005216916565032009
0.00583431576774646
0.005616156995420586
0.005234780583332572
0.005630908418654663
0.008033278903557088
0.012040216166862312
0.016391642399398304
0.02083660089514192
0.02298912819064973
0.02217894895934153
0.016627739417746083
0.011895609870747725
0.008918857709149203
0.007450313319145792
0.00626802120530655
0.0053581010207197615
0.00460667221000459
0.004003501125235595
0.0035461430954791093
0.0031826702090819573
0.0028567963847251844
0.00263905475603093
0.0024911884245316426
0.0023677620512100013
0.0024352175129413746
0.003159000138879275
0.003951515998735144
0.004379713537808438
0.004155989158235925
0.0034299621293675414
0.002196475456316428
0.0011141343890524475
0.0003592900272154074
5.938037033030615e-05
7.386532757531578e-05
8.103003634824316e-05
8.903186766341495e-05
0.00014219276654879918
0.0001971648437871409
0.00037140665263816206
0.0005215480879076484
0.0007479509712939896
0.000927614302181391
0.0010391906803812216
0.0012504345515196925
0.0014170085909134319
0.0015766160577178649
0.0018056473949714686
0.0018622531672624163
0.0018654412622906274
0.0017272587095700023
0.0014067049110587885
0.0009703684972662562
0.0004580732253491135
0.0002555064443060995
0.00034961490735629995
0.0007014730109046001
0.0009678947771243133
0.0007572023806938261
0.000334798879776309
0.0002925361332303793
