0.010990459966247085
0.012655888600845499
0.014737524638993787
0.016802784355729468
0.01841637700222058
0.019551469170979045
0.020805647997996116
0.024507488809283128
0.04217975348294044
0.09912459063331695
0.15184305061406028
0.24030467489234442
0.3801038579881771
0.5077750654032864
0.6590351504134749
0.8359997947064897
1.160254459606122
1.6569948372004213
2.2217064225871836
2.8480171972937325
3.4808264132532596
4.0482656200130736
4.501090892969699
4.892470127237756
5.16658657642979
5.392896799622771
5.574505555413034
5.669661837794605
5.679273993241972
5.651268558827376
5.594614577896593
5.486301084458922
5.271848255299206
5.174370116419301
4.989014861451338
4.651845974849807
4.413240162997557
4.167892474331162
3.9774629610178764
3.806844660071764
3.6222731694870336
3.400677796660357
3.1120785892942067
3.220279904660731
3.505544324506509
3.7576605927406996
3.96512050319832
4.136071624301284
4.284858342553219
4.430254848143073
4.593124980641436
4.793761453048177
5.049208766652141
5.3708824835021876
5.76275371516118
6.220321368284172
6.729859070985259
7.136108229565072
7.15022363920654
7.1299592575239945
6.994447058097906
6.0498899547969325
5.2599590141276575
4.719247618615182
4.462940888709655
4.479751151908431
4.338599892404631
4.015872455870787
3.964582199888506
3.9318867052763338
3.8890330369775183
3.855761801704473
3.973728319331717
4.215399726756433
3.861127584050427
4.395458334352556
4.796165413064117
4.172370927320932
4.5582055727555035
4.2888815762669585
3.8988432216391833
3.5125975143206416
3.139258150645145
2.7937989832676857
2.153944849931236
1.7899743129000951
