0.009733523502542028
0.010763455251143497
0.012056401247017583
0.013490464318246919
0.01458275100752996
0.015093905878116633
0.015249856629031094
0.015441718464015947
0.017278105479378088
0.029110627917101013
0.08390132523935696
0.1508320394402669
0.24444303021701413
0.370229182398509
0.4879022999112672
0.6282005450689716
0.8473875173284027
1.169791277161625
1.667898510415357
2.2391002415867343
2.8761135041073795
3.5503472665721985
4.167847163966945
4.648316878137488
5.007863871176609
5.32534650394022
5.5627252678218735
5.73199318028476
5.795577591971495
5.776037007325083
5.7260824087982325
5.605100914231769
5.438747527236089
5.211009899802676
5.123016054879399
4.775222549076711
4.654653290336026
4.358819763170179
4.089975729277904
3.876079460082727
3.6846382957715598
3.4890979581423873
3.2666677984887302
3.262127991288908
3.5795996884432943
3.875956600032097
4.125243945333296
4.328096651970469
4.492114788038421
4.6307330487788345
4.761580529758007
4.904306219756725
5.078111286677027
5.2992655285418175
5.578893848099396
5.921276511796575
6.32286869230641
6.772061681190242
7.240047386600607
7.414448963278356
7.432654636280223
7.36870577570717
6.867053467607785
5.953203792508061
5.222780968146567
4.743352026803693
4.5606140172445615
4.553825989059082
4.380747449971002
4.27646164511288
4.294495223027308
4.3195052483876815
4.332222500572271
4.4241137921647535
4.64218745694475
4.9937556699047
4.961638633733044
5.619596620335553
5.375018569846814
5.8783254702068275
5.491409580344867
5.821097802761192
5.271267122782613
5.0747147262700665
4.793640762784948
4.482023562761904
4.148325755187652
3.8456903310503163
