0.011425913333814718
0.013325253479969611
0.015673091082442907
0.01796587384528133
0.01979685414286926
0.021269176595733325
0.023137942926997942
0.02909720301791987
0.05942477238565671
0.10732708972078901
0.16647843575379903
0.27008047890295117
0.397034437045099
0.5232936175298948
0.663982845868773
0.850411980336629
1.19743449152725
1.7055252485870191
2.2727381989486064
2.898382047388403
3.523156952592422
4.075250089011763
4.507945942916272
4.885999598424392
5.148317613677879
5.365112535520626
5.534726854726053
5.622729006957188
5.631698141202855
5.597715417718168
5.539032191784381
5.430167345263612
5.176017484014491
5.109928697546074
4.798982726098915
4.615747786634692
4.355617256562347
4.144213942610607
3.975960823222988
3.812844492614526
3.625547937286214
3.38799021424823
3.078567719262246
3.159825436319417
3.4241837443820695
3.6542320214088466
3.8409867285129495
3.9949009734443077
4.132358413105801
4.273664811275397
4.4405171423606316
4.653226299327516
4.928013581720537
5.274697668230461
5.695034308857962
6.18191477019035
6.710856836307698
6.813667765993321
6.814223558020861
6.758425257560346
6.2924749946041185
5.4306162288708535
4.797345434590914
4.438330466834085
4.384219836742088
4.377097393782624
4.184616525165403
4.080485254525346
3.9991858987699915
3.908529382849519
3.80166710698206
3.670068963798677
3.5425552229139483
3.3913002131947128
3.1568217412661386
2.8467937335978446
2.514475223587094
2.182519123212183
1.849146380654397
1.5550878154594774
1.342081463830733
1.0426294654808177
0.7741183791273653
0.6785691494389348
