0.014711697571814977
0.01859560413759048
0.023245264232931866
0.027815828323854673
0.03267233873021138
0.03816353949898897
0.05252271194571379
0.11904905880041505
0.17141663581463534
0.2481494868226268
0.3861831005654103
0.5779964669749694
0.7696536638610637
0.9935795463491068
1.2680851369796557
1.6019677234482397
1.9177726725749196
2.2262832028479393
2.642632884659487
3.097572826450268
3.5627214576521538
3.9759869074081147
4.29554272911702
4.5561936317718565
4.7536663577497835
4.9005472862607355
5.016376024029718
5.09445262504513
5.123506765464342
5.1358205434869015
5.141620202123888
4.968364840288775
4.709658998801783
4.46027002203568
4.305996494227271
4.187317014023285
4.0979786272507175
3.9959519589811716
3.8418206868210074
3.6151898744975037
3.2967720255484068
2.8925018736392847
2.4373774549387757
1.9865161988253868
1.5970065168655252
1.3213459334269493
1.1940726884721935
1.2336746049336835
1.4325924940359953
1.762533059044118
2.1774014867685025
2.6098910329244633
2.640545758640057
2.6452617002072003
2.6863745815296625
2.7181410887947877
2.7848009216677014
2.9295192970974493
3.1345649926067876
3.3055881901268007
3.358044339462805
3.2764806998852696
3.087567368912778
2.842823349380775
2.5805837143101837
2.320720129316001
2.069886999318019
1.821211133770541
1.5414818428977108
1.2368812539818839
0.9724943613327874
0.7939833340825906
0.6817237929773193
0.6281120394852306
0.6555606872540944
0.7623280921276645
0.9019887757643196
1.0357843979765144
1.1890356633088262
1.3622213198496123
