0.011870497624033445
0.014004063073017943
0.016629763836530705
0.019157686051545515
0.02122099920850499
0.02311623537748267
0.02575890086583462
0.03448965997258616
0.07873081676890778
0.12007447522212565
0.1882710195915429
0.29587450521579056
0.4164755821368385
0.5417997318579983
0.6786000661118345
0.8900375558469269
1.249787893823275
1.7745200944836945
2.348328013590522
2.9739969624262694
3.5862868240139885
4.117354552613255
4.526266837766496
4.883071623201816
5.128081268541241
5.334688787355765
5.491955576735199
5.572586936088448
5.579022440620345
5.539816830143177
5.481068616962672
5.375235431636927
5.094901845248449
5.020903626230508
4.651657538806251
4.448491669250463
4.200238509049228
4.011335615867912
3.8519493422942266
3.6835343640684455
3.481866607887572
3.2167901430318153
2.909659473627804
2.863061622484983
3.0852013558645672
3.2868473520110753
3.450031741555981
3.5873485531822134
3.716954746146608
3.8603123880313364
4.0394993827043635
4.274354265843721
4.579791754236998
4.96359257387045
5.424939072951305
5.953626427513697
6.350278373868244
6.344980337519947
6.3282381539681465
6.190858807021879
5.321997958273855
4.666105433039705
4.281890670366922
4.185050566271346
4.265740608152966
4.187113414783814
3.937545986113213
3.763532062082213
3.627719747754253
3.498325117107104
3.3489309027527217
3.173139148428496
2.975272625664754
2.740920679541003
2.4662676451347023
2.1736241996556833
1.8855413859901358
1.6181825540654569
1.403474406044694
1.2271835653210006
1.0347250644086095
0.7793828165608815
0.6776937663718352
0.6268212145662286
