0.013259001923024106
0.01615821178212232
0.01972879275434061
0.023090591576369845
0.026128994348323664
0.029675299863153586
0.036225179784647885
0.06735767057314472
0.1153152458633353
0.17239065649069835
0.26819028966275105
0.4059194565653802
0.557900576499383
0.7701621150223628
1.0392903360894468
1.3745021064913971
1.8670294005197576
2.415205945897137
2.8293870591552417
3.361925209370309
3.8774968060860178
4.301655868516237
4.645784531629194
4.884153359456613
5.051369843182369
5.216314756084684
5.339075936434259
5.395595362969673
5.391319061620041
5.355533387142563
5.302563240632367
5.151611076743034
4.959075351579679
4.627646498578689
4.476602247725363
4.262216092791029
4.1007453609883475
3.9691548386935422
3.825902438952189
3.6412419813192756
3.388592367280267
3.051045040384597
2.649337072576151
2.212838661674952
1.850149414975205
1.8322863125562745
1.931755576527004
2.0323972207805157
2.154371409845223
2.3195171755245987
2.5480423026281485
2.8557121573231683
3.251460739342252
3.735698345654604
3.8279643050699255
3.85074834528916
3.825662740312531
3.3605943106433815
3.0786888882829224
3.0509926980269517
3.249946192776882
3.487404414919207
3.5679223929328905
3.488792819808863
3.315505532037789
3.0725195234306524
3.006008894606139
2.9845108573935586
2.889097218980551
2.6697816357886226
2.3797618704064396
2.068266827332976
1.796120355517965
1.5517969111887175
1.3065937241629084
1.0766383344960613
0.8601662185666649
0.6832453974550505
0.5325779473360623
0.4462458451280268
0.4249742400868996
0.42298738759716614
