0.012324134823330871
0.014701087237109044
0.01762757193557551
0.02040890073033949
0.02275610176933528
0.025082976197652342
0.028697800829614425
0.042174901620814956
0.1006352067257506
0.14201482257061926
0.21835782366351403
0.33849142528825105
0.4582653573797676
0.6033520964714781
0.7765183608091866
0.9941387166681708
1.4186093467950252
1.9522492122891502
2.5465627553235843
3.1619767442197695
3.7229901144493804
4.206496269881404
4.5940287778624675
4.890800231335004
5.0840445125460985
5.273621589123744
5.419637269124598
5.49434937297664
5.501536300212796
5.46620773304506
5.412753742615085
5.321825798804182
5.055637740590589
4.927567553586187
4.58192474345825
4.3816423159827735
4.162799937205116
3.996800035110472
3.847621354518423
3.6777850022161966
3.4618680351174147
3.1739631257869068
2.8247861947378254
2.5805171200114287
2.6769119675513857
2.8532443084149426
2.9988256036156797
3.1271329809604915
3.2575332078629184
3.4120315345006165
3.6124701479472057
3.8776445423087296
4.220683664738322
4.646976837678725
5.1529382837862
5.704233409880408
5.674802391436082
5.664029723315594
5.585927319156696
4.821188128353678
4.227919822034574
3.909045716595804
3.8680637796258504
4.014027169803714
4.020737814318386
3.8603165891126596
3.644322795883179
3.4444240724897113
3.260742491839804
3.080999257423426
2.8931971758883295
2.6816299142199247
2.4423213348092414
2.1822774313817788
1.9178940068175665
1.6581773464390268
1.4414008124348385
1.2456958070311812
1.057069406544586
0.7833099739692202
0.6267900267731578
0.5669208924121455
0.5178043708857198
0.4773829823189501
