0.015222143406628702
0.01952326156823022
0.02461451552612316
0.02974021284544179
0.035366552896448654
0.042035930026266766
0.062180326545606984
0.131918053767856
0.19523785739734595
0.2744881095539081
0.4349542466087162
0.6334607220566897
0.8271672259788594
1.0332545560152553
1.312177944498841
1.6375700420753356
1.9346132081847451
2.2383293213758853
2.6416860922622227
3.084132695704834
3.5338449789676667
3.9334269470660717
4.24323543066217
4.498528217027447
4.697551366137972
4.839356403081012
4.951105032765153
5.027300846585369
5.05940557183214
5.084520798046276
5.103656503385875
4.915548412327256
4.654678975594328
4.444393006154898
4.310857554747516
4.22126723886109
4.1489255411932096
4.049912441825113
3.887052512913547
3.6418063855088083
3.2996213091279203
2.8729928404013476
2.404555687404635
1.9526745484179544
1.575665683649057
1.3242062530426904
1.231447250416534
1.3089878709275238
1.5433078852265747
1.9002063914533953
2.323101212173906
2.6444053707994586
2.6267390110543274
2.650269300097735
2.6950288807299403
2.73171856398929
2.7850126326450226
2.995797629673872
3.2122711995287423
3.367811595984556
3.3832692289235466
3.2573748489872827
3.0300558995869302
2.7570757398819126
2.4766834908237394
2.2102490130283443
1.9620655653810428
1.7278854513915842
1.4741858642450534
1.1986539184305964
0.9564479196505172
0.7888506149584498
0.7078677156664426
0.6799774350895083
0.7345266281047675
0.8690858053253052
1.029527777456617
1.1508699543782441
