0.014220314960710138
0.01772903299814134
0.021946498749062588
0.026020595104760912
0.030151583573136173
0.034902886214274516
0.04589476071968837
0.09988868581289537
0.14925530481694602
0.22465450524513386
0.3558051557467957
0.5359895411138789
0.7286557105406599
0.9556237877178898
1.2502701905863374
1.6105026690424642
1.948907125218574
2.2839827877457988
2.7337165967080526
3.215256474177944
3.7021164529935664
4.113165625038065
4.453395617719907
4.7082910090718775
4.879109504121978
5.027473599067797
5.143134381142828
5.208072356369327
5.222059930076698
5.210386357576034
5.190997993897611
4.989531775417701
4.7918182750781035
4.498575278645783
4.3217438793520015
4.167665168513772
4.054721819728681
3.9431496186883708
3.7921863568943888
3.5799022905371753
3.2833737455740497
2.899867645329156
2.458892752048116
2.0116769521929174
1.6134538675341803
1.3179991446411738
1.158486043375234
1.160071872808715
1.32094264692081
1.6186456627948638
2.013888996501301
2.447444892707275
2.679509438706801
2.6652313929377582
2.685334520634477
2.72508871343076
2.781340854423282
2.8424446733548945
3.016106773952178
3.197816082647677
3.283143963614203
3.2360609474110875
3.078401711549774
2.8615956694317433
2.618852828315854
2.366354092124983
2.1116374408697642
1.8280134505768166
1.5032549321644295
1.1827799575700626
0.914335288087468
0.7597061024988596
0.6253706122115966
0.5600127932500135
0.566851861506499
0.6376773375498693
0.76141814385002
0.8991710243352014
1.0657195329201203
1.2579490995991878
