0.01373472155436098
0.01693227541112633
0.02081728940282376
0.024473045416001822
0.0280051527635062
0.03211821002793076
0.04053169459388514
0.08355033360402787
0.13308135684202155
0.20258937065362312
0.3234711117148823
0.49861304558535124
0.6890204594853064
0.9158268155247256
1.2072057914922187
1.5819040555345136
1.9482218292311224
2.289223631118936
2.760332580617819
3.255977722782388
3.760879394904881
4.184600667965176
4.536886234994998
4.795502138754661
4.960311631469198
5.118570392485446
5.238728853075106
5.299892913567055
5.305624607288511
5.276147793997094
5.241198598877816
5.058011612062582
4.8631187261846325
4.531078136259221
4.334970036197789
4.145733725938138
4.0068822625922635
3.882986073365022
3.7328459108086776
3.532319960712937
3.2552838168817826
2.8937274432146562
2.470715806689868
2.0313816223123893
1.6302918839372655
1.329150189589266
1.1377943155056744
1.0982390149516383
1.2177938319195891
1.4793041442492774
1.8488219202363758
2.2751517318735273
2.686786895739539
2.709158756748065
2.703309999446229
2.723628792482391
2.7626507666996316
2.809880980441101
2.9032839486469717
3.0569085790988653
3.1598291568752264
3.1333271766910618
2.9992829722037353
2.808506054543255
2.5847174482888207
2.3407434955537862
2.086403264378017
1.7730387437834259
1.4165150609743973
1.0832699445595653
0.8297137630633705
0.6879340184617267
0.546094925597894
0.46437205781025487
0.4284806528112975
0.44680637613775825
0.5292194786484568
0.6483314222107242
0.803255300237073
0.9779888565493592
