0.01635878125609316
0.02155546718477875
0.02772109356271542
0.034237803967399214
0.041862207314342356
0.052501482226509716
0.09050548549319808
0.16413646224067363
0.2403581893639025
0.32860186892631416
0.5028101313487103
0.7017987257578258
0.8792684031166147
1.0925402909741375
1.371581932548923
1.6798774132459786
1.9491420595612972
2.244302624807565
2.6232465906237876
3.037049822672058
3.4554203509715053
3.83696801316364
4.121157947181258
4.3704261762677845
4.574244916221701
4.723248433184696
4.828756017761581
4.902237195654502
4.940691264833764
4.990211759453895
5.039890416546083
4.844483140588295
4.635410819267394
4.512648416489959
4.446477719049229
4.414980609164511
4.375359933086802
4.280833492003757
4.09995933603637
3.8183792156385037
3.4279059763070947
2.9518630758350475
2.446406333882164
1.9763632096891048
1.6031015623932026
1.37502604375757
1.3203381855355534
1.4406098454513638
1.7130370750863628
2.0929747109241843
2.3788911755985858
2.39314963604953
2.4601131354776533
2.553395150687572
2.555572941529282
2.626265659634919
2.8809684809697216
3.1395539151848535
3.3469923894341838
3.433340285194703
3.352702253158678
3.1295681703255873
2.8235470574350376
2.4958114294488283
2.181903474973788
1.9041467428074212
1.6589725867319605
1.429311924468695
1.2047938932047186
1.0078321062630713
0.865665136551292
0.7991374794784857
0.7901172158088302
0.8584457146587012
1.0107679480225145
1.2331612140281498
