0.01998474003694542
0.028349195424787896
0.03911735946307528
0.052842031121602275
0.07616660052952938
0.15565470911041165
0.3288706900587987
0.6242124552722369
1.0266337600063173
1.4919240720602411
1.9652219649852183
2.429998756616286
2.8482593748383254
3.1233343620718212
3.2905611642727726
3.3934726315708184
3.4006647133059658
3.3462790852292645
3.2885286870392973
3.249121309705278
3.267292466960722
3.3348878975730862
3.4464302585173257
3.590331399104917
3.7473588556277515
3.9007794865761602
4.041781142886621
4.17786749039961
4.326542400600669
4.502604706107942
4.3964702413483785
4.34062915841774
4.352474370261024
4.399758793131854
4.445466687880906
4.439755460455232
4.337449912517806
4.116525278424274
3.770273918302662
3.3144137450973754
2.798315033592143
2.290509529370813
1.8630146270257388
1.5772483363196799
1.4734130790153142
1.563096903904542
1.8272031498448373
2.219169111479619
2.641028944260815
2.5635880374245352
2.5380860671232663
2.559072068952334
2.496940223603767
2.5441021676482998
2.8333536861091875
3.073380904819786
3.2178925823560744
3.216022304140351
3.0507029404641464
2.759048009914292
2.4031548637295934
2.040783442334562
1.7249275036737515
1.4768294160173698
1.2778041834167846
1.1202292347689313
1.0029163513505364
0.947067107888922
0.941372774862876
0.9985299925166452
1.128822123683016
1.3324501371183135
