0.021953703452497426
0.03236572276455853
0.04629946602076089
0.0669105919237941
0.1285317394131305
0.2901929924949375
0.5780765774078431
0.9740911403137866
1.4432714914936615
1.9425182196897575
2.442142116154141
2.8980600880197134
3.2557863404612553
3.4153488677759682
3.5025400254541186
3.5608006538150105
3.555513597732804
3.4289162476868853
3.2620722342366175
3.1817797630544318
3.206542873554489
3.2828570336801346
3.3825676830901132
3.4834346607180624
3.577122930517212
3.6658086437788917
3.76234615341141
3.885680777768372
4.018059124241103
3.8221923665771027
3.7465181821172675
3.693269291008705
3.6702251547324396
3.6531648203713276
3.5967435386802027
3.463739167542433
3.2377289440892776
2.924553588727465
2.553896222840659
2.179671848735196
1.8647311217862113
1.667852700034146
1.6316280541530934
1.773332399961736
2.0808726244475637
2.5149889732854276
3.0138830943865207
3.4852791001047483
3.356695879790142
3.1956142570108588
3.0829812197774387
2.9912532967484355
2.922331629457427
2.959796895302211
3.0771428983132854
3.1138016978831775
3.023267177084715
2.796267656081749
2.485020503068008
2.1501334412975295
1.8365133940891656
1.5728998281030742
1.3434417797750178
1.1471469597622943
0.9922636101744358
0.8947909298321326
0.856935627309133
0.8757146035686579
0.9608540708133437
1.1159385244934392
