0.021284502462091723
0.030989429757524792
0.04375879244868653
0.06152370894561722
0.1044712086155182
0.2352818361004192
0.4820836733921806
0.8479535878994571
1.297228693269385
1.788253467918251
2.2818322403362186
2.7500502571274663
3.1430640328893147
3.343612157006545
3.45478872551471
3.534657278936774
3.5307583972208683
3.4122646688437706
3.2736557937908737
3.2451259412222053
3.267807001569565
3.3530696913125686
3.4604135901750617
3.574949138883019
3.682430421022694
3.779939367522357
3.877197797497793
3.991892424471715
4.13426025389175
3.9526032664143615
3.8351103546186875
3.788947998886383
3.7568474361065602
3.7417697319467305
3.698789872790371
3.586734322590969
3.382184426269651
3.0845197351226306
2.713567613051193
2.3172990168192453
1.9577368864543425
1.6968027875020253
1.5842517963494698
1.6473807145727126
1.8851150438736162
2.267953517112411
2.7434872882733194
3.232197822236074
3.2451902696586425
3.1014337645241152
3.0059923937635613
2.9351066845617617
2.8816680681898355
2.85910640490644
3.024514117970959
3.1264450357251126
3.113038496750561
2.9529676125265976
2.6758618377916252
2.3438604128053817
2.009066178238735
1.7151587396351047
1.467813707434402
1.2506856898527454
1.069552097397229
0.9340070104049675
0.869083686747854
0.8549470389596859
0.9036554504138495
1.0237256362498588
1.2137450965572247
1.46747655967792
