0.027083477728125062
0.044968252544319985
0.07983307678875942
0.19666415996319656
0.4418968364142198
0.8121607509879245
1.2708842921127281
1.7820810842845893
2.3078986054231136
2.8014336834556617
3.214293634265596
3.5043389211046923
3.555022848866677
3.5908578324794567
3.559457071898544
3.4757548852025284
3.3558904913631302
3.191002807151796
2.983699842181821
2.834528339038004
2.8325553931052054
2.8641913103937493
2.9062429480740235
2.9592255357688435
3.033575666387571
3.1462128943746306
3.315924562431
3.4161297655284955
3.3296438300416598
3.3230066216980907
3.3261870600822707
3.3472673825865358
3.3412274564956
3.26872469932111
3.1101140062755457
2.864034132509268
2.5640990384150455
2.263378061330547
2.0252255301864004
1.9091912755721951
1.9571640894784739
2.1830552618091503
2.5683496837412085
3.0635300939125023
3.585165466614436
3.7843069882388587
3.5173417258244575
3.280427514245262
3.0914609489515077
2.9080392610093693
2.747172792713957
2.866391432641549
2.914984596734703
2.8529623342544443
2.6564283077850805
2.3498913321654222
1.99619899988695
1.674382443084297
1.4300603350705001
1.2306167698432398
1.0901085906300647
0.9963096758416311
0.9612036290263746
0.977376432715478
1.050841435653413
1.18082521234062
