0.024828419602638138
0.038807928630694266
0.061169868132146324
0.11808662860267119
0.2885839220679945
0.5877665731398902
0.9948938320466122
1.4756654322770553
1.9910111826115897
2.505161534567126
2.9681638833009005
3.3308508498432667
3.5393133296413533
3.5870156055586784
3.59408444793474
3.5456873794348374
3.4613063369953583
3.3425186597356653
3.170778796513139
3.00607533411531
2.9613179646603047
2.9949660764730783
3.0394665127302596
3.087643961922856
3.1449135814598637
3.2248752120575404
3.346233267850185
3.517845983778998
3.5556821323213894
3.49398473286942
3.4578955295384413
3.450737256967598
3.4491187579853038
3.407700017881458
3.2910139305554837
3.0831249183621225
2.795010996679676
2.4625818566641886
2.141882387766488
1.8958978245697293
1.7809318288515075
1.83392915764834
2.0637137777724632
2.4480502635947974
2.9369061562754406
3.452910352478937
3.7159986646010648
3.480792681514843
3.277101191611902
3.122295122825344
2.980736884362415
2.8558541548742187
2.965535685115808
3.016654301356231
2.963679183001821
2.7781389532766387
2.482058554319303
2.138857801687095
1.8065318693775825
1.542638458749109
1.3185685834436032
1.1439757568639302
1.0156292598359353
0.9432719139798017
0.924541505159109
0.9622311127424464
1.060849656618172
1.2160676429293957
