0.02950367068994916
0.05309300925023122
0.11214336905506422
0.28967082365302776
0.6019376722189929
1.0215373920227424
1.5143747284966615
2.04165664630688
2.5622847607084758
3.0260233055885033
3.3863799080352583
3.585997270809989
3.5739937282625305
3.555227090636783
3.473913583038999
3.334682878795441
3.1494830645165037
2.9476646130123902
2.747843372975503
2.6278891592294493
2.6104346789079713
2.618761239343915
2.645330217983765
2.6977711802294593
2.790386494897284
2.940666048451873
3.0264825056726483
2.91267440769714
2.8788797610851002
2.8645981026125615
2.877483091365949
2.87777515457836
2.8433591706019024
2.829348176241802
2.7826361083666873
2.709060617305989
2.6387558720039275
2.6066515328927946
2.6416999910248604
2.7586146344096383
2.8782303108346357
3.1506761926773232
3.5580382271912416
4.037079576159605
4.483762479590237
4.230442368782369
3.891434013320663
3.5329035389398395
3.188616367143069
2.88861542318633
2.6653708843447266
2.7804802876467285
2.748608806868482
2.5589025914149945
2.2362442013822124
1.8411600106963413
1.5622672948396379
1.3664866416577517
1.2641474855315455
1.2186449311786343
1.211313356796997
1.2512969650087669
1.3467019203338426
1.505669927222364
1.736761182335001
2.0494448184680616
