0.023368831050036808
0.03536092656012914
0.05265824356860527
0.08444283040041463
0.2004156716025258
0.4332717486273181
0.7914370161583208
1.2389057933237186
1.7383000073786872
2.2509036352717535
2.7413505349003713
3.1543726417466997
3.4354938869943448
3.533812323227144
3.5754257668971996
3.572886528562825
3.529988829702702
3.423794413554565
3.238080217427517
3.0911570478752024
3.0829104033279577
3.139645594338937
3.206215989031321
3.272507661470714
3.3384766706971263
3.4136490599584572
3.5147437779058275
3.659950816515664
3.6990931422339988
3.6465483473032343
3.623233218445688
3.590938050424585
3.585107714253485
3.5618410829261746
3.478063591820094
3.305765105257162
3.0413860495380605
2.7049684217061913
2.3420249735903624
2.013460202793007
1.781555130807566
1.6968639047522907
1.78715501216118
2.050962294626812
2.457102496880819
2.949778309318684
3.444616978323875
3.423158682557447
3.2373210209345706
3.0982893500588213
2.9931983574000833
2.898309067099761
2.8292333057137298
2.9713141619838987
3.040351979668734
2.9913529997528654
2.8014681164235493
2.505655031014098
2.1639032808553056
1.8298791762256044
1.5554858038442902
1.3272673935466273
1.1408092551952351
0.998402126991626
0.913950405752908
0.8854318431800774
0.913748926975737
1.0046648241693337
1.1605084307134557
1.3775409864296468
