0.028654555263118216
0.05011689930454318
0.0996394290466443
0.25876921863106683
0.5517923083306205
0.9572657809461429
1.4405964954835342
1.9638037639555306
2.4873954320160685
2.960966008481458
3.33814270593699
3.5704935332327237
3.572359742536941
3.572578606087122
3.5077965441097625
3.386378351370525
3.2226340599030365
3.0380869117994
2.8352801826538805
2.7031532826658653
2.6906140005977033
2.7053436214356403
2.734710375293254
2.7845999549448974
2.86835880786501
3.004231169325662
3.1662738233943397
3.075210234162657
3.0450215656599613
3.023807655666189
3.0357222383224833
3.0446461738146713
3.0096695369246707
2.95205611168701
2.873111788441782
2.7783648213849155
2.67419895717299
2.5964359311282976
2.5804604316978716
2.6502117548325863
2.744912231992799
2.9389187272467563
3.285636420222362
3.736850803476481
4.194376463731688
4.023648066605902
3.7015500548345672
3.3625704896747424
3.040604716999848
2.765655924101393
2.5704177835081117
2.7595512943858727
2.803716170213234
2.6811936174556044
2.4064894999196653
2.0273606796688393
1.640207757476239
1.4419293789270673
1.3091762197507344
1.2465690464143344
1.2246273030730528
1.2444676262668672
1.3164028131884127
1.4479363149184004
1.646983110970448
1.924172046579204
