0.024093531034504567
0.03704728928370978
0.0566479721652243
0.09927366449456598
0.2450774126681298
0.5153209515244643
0.9013379061158041
1.3681429635957576
1.877324768272781
2.3933206817395747
2.870020095001265
3.256709917681885
3.5005415506890913
3.568258179334811
3.5942623870481443
3.566304751081204
3.5027725893849864
3.3928172259911356
3.222985456586618
3.062077930396483
3.032423117853668
3.0762771404542217
3.1301376249279365
3.185003016731768
3.243802722005369
3.318565861601109
3.4272911169897924
3.5841062517696347
3.6076262476022523
3.510798903309302
3.469607287689537
3.4440150712256163
3.434231159230463
3.395606048491163
3.2898984412164674
3.0967669255935903
2.821304674672674
2.493195487238047
2.164419365781361
1.8967415055896684
1.7482920700409175
1.7607501219105626
1.9496825945924519
2.300346927536575
2.7696975979457337
3.2894552285235434
3.751622876645481
3.610024543525909
3.3918258955075147
3.220048176003508
3.08401427202938
2.967869366111113
2.8947353397813185
2.9926750525064163
3.0067968040462447
2.894430746121865
2.6520194555992718
2.3304660645049915
1.988908114461666
1.6824185243107594
1.4347044972322631
1.2227834031338014
1.0565580060955124
0.9386435631771286
0.8877450172447772
0.8864528156392346
0.9460536939141785
1.067557233273678
1.250036518661595
1.486551961514643
