0.02633834266878355
0.04276941514890091
0.07251475528608609
0.16992375369829055
0.39202997845985504
0.7431280937654956
1.1878542539744315
1.6913950794159236
2.2155472016360434
2.7171418369564355
3.14624291898552
3.458656290638678
3.5604187385065997
3.5978127602372147
3.5751561140310324
3.5003246345094654
3.3878899899021335
3.241672834638944
3.0495783746202805
2.88982256285668
2.8671830565636567
2.8952418923867764
2.9334897663398865
2.9804313777829803
3.0451664511069447
3.1436579511812646
3.294974120098887
3.424797060502719
3.3298706688913082
3.310873475965924
3.292037746506865
3.299600895719235
3.2907658382273377
3.224661909712221
3.0790885971934254
2.8467505137681597
2.5561797937859847
2.2561814047478057
2.0080147626021443
1.8718207543566656
1.8927949489855258
2.09022124367067
2.451963786128474
2.9352424968125552
3.466551297015859
3.917370569162202
3.7089676012468624
3.451811752201799
3.2393118328547854
3.062561212509821
2.9069312408421144
2.8021076341107642
2.8971688254248957
2.899001104433498
2.772119962240734
2.5185701357395884
2.1856774680048545
1.8346056044420824
1.5483312697698886
1.3193108025115112
1.1442826117581013
1.0178076628253403
0.946646109091926
0.9291378888092313
0.9667893773000104
1.0631404452362565
1.2125078562423348
1.411761548664245
