0.032199091581243705
0.06291502528827728
0.15820580466459966
0.38813759057897324
0.7485091265075993
1.2034611087203575
1.7185922126457154
2.2537481912791764
2.7621745889281235
3.19518224065769
3.504883739074641
3.529119784774511
3.5314071130459843
3.4734742779224925
3.3589478296598045
3.1853846279275544
2.9801061962699986
2.7394339574584454
2.543971843470436
2.5016552031290797
2.5062026699979083
2.5335745724143015
2.585511005428466
2.6726192699908773
2.811712064116195
3.020094312691407
3.1307797930507215
3.103260149916168
3.151885695215132
3.2192745719086244
3.291628363638649
3.3221179634024596
3.2744152926895027
3.1752269433857188
3.0305947271658003
2.9041696743714422
2.790991832156425
2.731061774927762
2.755744470172994
2.871041583275888
2.981311486402759
3.250921630428236
3.630105471409597
3.8944420393065426
3.609650264892763
3.27107352604804
2.9173962521006476
2.5853787247060698
2.3079505215304996
2.4859071745428256
2.624364886312934
2.6152151596050506
2.448224536183776
2.146679496860262
1.7657709270403308
1.4846854637728366
1.2932715955990126
1.1858940580369046
1.1285635728866978
1.1144802199890613
1.1540278063546296
1.2508655438953513
1.4112126959651117
1.642169020012484
