0.031265647787064435
0.05937801007543135
0.14264810160242059
0.35688720794505313
0.7037269349320637
1.1485159864775722
1.6574809881404882
2.190816983211901
2.703545733103573
3.1464664435386736
3.4721989246603493
3.5534894890216453
3.5572705951630974
3.5150195152250445
3.41376196273574
3.2500034485312828
3.0522521119314003
2.8263171495004413
2.622581516155289
2.5400181439133958
2.5376788722631294
2.557697937671941
2.6001380970215697
2.6746326590593617
2.7971757661676047
2.9854304843360673
3.089301260950892
3.033034446929119
3.0586085851032823
3.099574328964964
3.1535123436764425
3.175819462210158
3.131632020590191
3.055805086660388
2.9619970360380465
2.856596877086713
2.7595567409406763
2.709622568305055
2.737219573169946
2.8544238483442883
2.96257193616136
3.227900082326591
3.6152115468763615
4.018899090477305
3.80427870248211
3.4878520555650323
3.143278917767273
2.806774622750941
2.5117245405135464
2.37930951004284
2.575518393400265
2.640123250008304
2.54779236125773
2.307150248090984
1.958493349976305
1.569287999139437
1.365719029678122
1.237142804000564
1.1697346002207372
1.1432310262375376
1.1648889730081715
1.2416689179347034
1.3797813661964926
1.5861482934411288
