0.03431192124121877
0.07177177726731919
0.19651000615140554
0.4615508751631999
0.8498874071559632
1.3255337069564608
1.8523077574850992
2.3888082631069336
2.8858695369638623
3.2950429914223687
3.568839320954268
3.5176007231545805
3.4793880110996813
3.378824008141893
3.227116276148872
3.0161722704656455
2.781427394475537
2.547310361201398
2.387749502252521
2.3442601848965334
2.338247416622516
2.3608807520165915
2.4180979782297447
2.522518624377085
2.691600035906708
2.888234164139141
2.835480617790528
2.849823720738489
2.8969362919271706
2.9689561506695252
3.0255078482020625
3.026833747207664
3.0399592633044605
3.0160646320447793
2.9594496683092304
2.9003869387642145
2.873262477510365
2.905398116399742
3.0051320737527254
3.0989166800914747
3.3369875378889216
3.6956600582757213
4.094740478999263
3.9285422990235146
3.6434976839959976
3.30490271950214
2.948930764793411
2.611752378644575
2.3444389616079735
2.481817141947478
2.5241652475787895
2.432051956390772
2.205134257698866
1.8811983079873786
1.519591168258626
1.3027104010864046
1.1728962718841607
1.0991728141083863
1.0689020956617041
1.0897156084817348
1.1686951171156812
1.3106283769295877
