0.040715847183253696
0.10168286793643098
0.287594346257998
0.6161404496034396
1.0537551239151803
1.5651558828202448
2.110096896943949
2.6426122306739814
3.1117282592068616
3.4649997898102587
3.555444253346762
3.480159044843882
3.3821835070393975
3.2190809757689824
2.9970148817583926
2.7239420908033
2.447676553122054
2.220716644058709
2.121404844319458
2.0829355404976577
2.083883543019235
2.128972762000072
2.2291908794108513
2.4006544699384484
2.629762262413755
2.656780782284919
2.69731006409228
2.7907011337977092
2.90797619371823
3.0112511699195985
3.0582711576036923
3.078722598339147
3.080363735053174
3.0487383975300455
3.0137188258173992
3.0083573324043367
3.057166666566215
3.067517350854459
3.216019753264649
3.5113730189278343
3.8915341372617913
3.8824833061465713
3.6182762907124486
3.270427407294315
2.8776991610518596
2.4818857158658405
2.123129513424928
2.228842124619167
2.3210800470659803
2.297636837451651
2.139796133704507
1.8754187642872993
1.561109042934048
1.2907785120556798
1.1201213658153868
1.0106179824707788
0.9490284584883675
0.9417523894714421
0.9925314734445588
1.1029488720521397
