0.03036946386690515
0.05614150102429158
0.12516729452737327
0.31968580365982124
0.6484463426816618
1.080099705436633
1.5808770852970762
2.111410192426045
2.6287128085241176
3.0830631788098115
3.4275527884077515
3.5898747720937725
3.5706569324906714
3.536181927685367
3.43990751247029
3.283871663355691
3.0821239978262898
2.866793115395197
2.666477972773841
2.556249235276995
2.5382563934226834
2.545092609068574
2.573749361216236
2.6330462898071088
2.7380187071848923
2.9037485517401054
2.922361738282606
2.830958716916457
2.8028243151861325
2.803739858513295
2.8235444363666513
2.822228640323263
2.8259038762464894
2.8232170145393463
2.78130470313611
2.7193960259032464
2.66897918680326
2.66266972054614
2.724448973581272
2.7949876652523953
2.9754764576778836
3.306624163558199
3.7576894142532877
4.254521084772583
4.437006811605372
4.132299550721686
3.778447861803433
3.412025457344455
3.0668835896486915
2.7725900103206724
2.7053071757329783
2.7614623885146177
2.6665511770124333
2.4218782910316583
2.0658219328747047
1.6850361960197722
1.4649630318751492
1.3073286018204193
1.2267745598223738
1.191043908380087
1.1970128113260972
1.2553739000723831
1.372421423287444
1.5564766328472937
