0.0393421265808139
0.09491002805982239
0.26779626156335823
0.5844192226529255
1.0128118691232604
1.5177452717930509
2.0597263131676096
2.5936563897971525
3.068909797944425
3.4336561561460472
3.5988231759676808
3.4995667108206736
3.3941866632573605
3.224130604907467
3.0094380905274978
2.7431818456622694
2.467888659809259
2.255213147716316
2.1353795188568228
2.08050395564917
2.0659260091284812
2.0951800182369342
2.17849404906276
2.3300015559452274
2.495440261151478
2.4505339926860836
2.4520972942922077
2.4997669991966016
2.5766685956953665
2.646636376121476
2.6792263976353934
2.7308979430953286
2.7478087456370224
2.743606484872936
2.7461021027576074
2.784181992252682
2.8738795533100987
2.971063680300071
3.208008144935385
3.587869278311354
4.067875245038495
4.501550553947732
4.297930284002267
3.9755862815161764
3.5862720474143934
3.1688004000711434
2.762408421516009
2.408538780126463
2.473796548161835
2.4445684146268225
2.2813645150910418
1.9984691402857995
1.6435139773224272
1.3720732508595073
1.177828242862003
1.055616259841219
0.9825057300330696
0.9591031852854852
0.9933795972574231
1.0865683711567602
