0.03800511036895181
0.08855332820588196
0.24972007904966434
0.554639068209984
0.9739231836585255
1.472330265931505
2.011025010658838
2.545981093694302
3.026777764931463
3.4028556914212746
3.6061527473652406
3.5087703431244206
3.4089719686744244
3.2502535473208622
3.0459804536508854
2.7922210543166015
2.523215018360501
2.3098723974033
2.1825565030773397
2.1252334942887803
2.107063741571675
2.129805082774386
2.202834606561934
2.3400956894018887
2.514159022651137
2.4854075454509523
2.4670897548068567
2.4986020656301076
2.5632915741125593
2.628310701258924
2.6594757054950984
2.7139748217880055
2.7337635504170232
2.7285119788650607
2.7244283244845895
2.7509975982880253
2.8302733345379223
2.904714791659769
3.1165867036934363
3.475684311665012
3.949167859094841
4.444491885156172
4.3563989150197315
4.053663934021934
3.6788914922133165
3.269889115221429
2.8656651722520863
2.5033974522520768
2.530683738547096
2.5280738455047067
2.391892441161958
2.1257211238450426
1.7727719289414032
1.473879398301883
1.2502193197792992
1.1111414815880059
1.026031967539348
0.9883259129600352
1.005652601394903
1.0811904212028232
1.219293599537988
1.4272811434886468
