2.57624142145116e-8
1.27352253371232e-9
1.23256410666234e-9
1.11833734452036e-9
1.01281085788405e-9
9.15069485911416e-10
8.24905212648802e-10
7.42084623404831e-10
6.66359070031830e-10
5.97468079520129e-10
5.35142476111599e-10
4.79107178939408e-10
4.29083693579145e-10
3.84792316455498e-10
3.45954070360458e-10
3.12292389963724e-10
2.83534574945810e-10
2.59413029110629e-10
2.39666301694639e-10
2.24039948373212e-10
2.12287227223796e-10
2.04169645536367e-10
1.99457371721383e-10
1.97929526847054e-10
1.99374368703741e-10
2.03589381477840e-10
2.10381282778441e-10
2.19565959131662e-10
2.30968340734023e-10
2.44422224764634e-10
2.59770056384977e-10
2.76862675531577e-10
2.95559036701286e-10
3.15725908639321e-10
3.37237559491249e-10
3.59975432748473e-10
3.83827818375840e-10
4.08689523482168e-10
4.34461544558290e-10
4.61050745785563e-10
4.88369544076407e-10
5.16335603270245e-10
5.44871539347091e-10
5.73904636450576e-10
6.03366575543888e-10
6.33193175888021e-10
6.63324148724575e-10
6.93702864467580e-10
7.24276132342909e-10
7.54993992387687e-10
7.85809519650393e-10
8.16678639981077e-10
8.47559956877336e-10
8.78414588953611e-10
9.09206017172430e-10
9.39899942094557e-10
9.70464149042970e-10
1.00086838259006e-9
1.03108422780544e-9
1.06108499959035e-9
1.09084563805462e-9
1.12034261033011e-9
1.14955381857499e-9
1.17845851251725e-9
1.20703720764820e-9
1.23527160818957e-9
1.26314453349486e-9
1.29063984917709e-9
1.31774240184166e-9
1.34443795699175e-9
1.37071314047137e-9
1.39655538235318e-9
1.42195286475043e-9
1.44689447083912e-9
1.47136973755497e-9
1.49536880967007e-9
1.51888239694395e-9
1.54190173259515e-9
1.56441853396757e-9
1.58642496543955e-9
1.60791360212577e-9
1.62887739643948e-9
1.64930964521997e-9
1.66920395907922e-9
1.68855423256878e-9
1.70735461621510e-9
1.72559948986823e-9
1.74328343686466e-9
1.76040121993864e-9
1.77694775785342e-9
1.79291810363840e-9
1.80830742358394e-9
1.82311097737129e-9
1.83732409944879e-9
1.85094218112211e-9
1.86396065398029e-9
1.87637497385934e-9
1.88818060647498e-9
1.89937301308450e-9
1.90994763807946e-9
1.91989989725856e-9
1.92922516596747e-9
1.93791877036919e-9
1.94597597774299e-9
1.95339198895701e-9
1.96016193127744e-9
1.96628085310355e-9
1.97174371863433e-9
1.97654540527876e-9
1.98068070031020e-9
1.98414430094312e-9
1.98693081384646e-9
1.98903475739056e-9
1.99045056485058e-9
1.99117258941822e-9
1.99119511005437e-9
1.99051234104355e-9
1.98911844129025e-9
1.98700752726185e-9
1.98417368730723e-9
1.98061099866151e-9
1.97631354692689e-9
1.97127544818852e-9
1.96549087388433e-9
1.95895407898646e-9
1.95165943322508e-9
1.94360145604731e-9
1.93477485482364e-9
1.92517456749262e-9
1.91479580920052e-9
1.90363412272875e-9
1.89168543464865e-9
1.87894611545961e-9
1.86541304510222e-9
1.85108368358794e-9
1.83595614779823e-9
1.82002929250809e-9
1.80330279931588e-9
1.78577726926149e-9
1.76745432310497e-9
1.74833670686088e-9
1.72842840365496e-9
1.70773475060348e-9
1.68626256258821e-9
1.66402025996654e-9
1.64101800188935e-9
1.61726782333367e-9
1.59278377585109e-9
1.56758207050918e-9
1.54168122241970e-9
1.51510219456010e-9
1.48786854074894e-9
1.46000654471453e-9
1.43154535375819e-9
1.40251710388081e-9
1.37295703544571e-9
1.34290359464554e-9
1.31239851846996e-9
1.28148690021147e-9
1.25021723205405e-9
1.21864141926851e-9
1.18681476606781e-9
1.15479592557525e-9
1.12264681337589e-9
1.09043247997775e-9
1.05822094035896e-9
1.02608295757956e-9
9.94091779935678e-10
9.62322830806177e-10
9.30853351621509e-10
8.99762000361303e-10
8.69128408524572e-10
8.39032701118722e-10
8.09554986926023e-10
7.80774825667561e-10
7.52770682628831e-10
7.25619380392207e-10
6.99395560085603e-10
6.74171164399435e-10
6.50014954846833e-10
6.26992075385236e-10
6.05163674782646e-10
5.84586596568408e-10
5.65313145483876e-10
5.47390934138245e-10
5.30862813837505e-10
5.15766885640248e-10
5.02136588334878e-10
4.90000852865596e-10
4.79384311911264e-10
4.70307548460322e-10
4.62787367212425e-10
4.56837069078158e-10
4.52466711781622e-10
4.49683337670892e-10
4.48491154941609e-10
4.48891659203190e-10
4.50883688011995e-10
4.54463404436554e-10
4.59624211245601e-10
4.66356601547167e-10
4.74647955955614e-10
4.84482300326655e-10
4.95840040432962e-10
5.08697691360449e-10
5.23027620793177e-10
5.38797823344616e-10
5.55971742737713e-10
5.74508155068994e-10
5.94361124150697e-10
6.15480035727410e-10
6.37809713865996e-10
6.61290619113635e-10
6.85859125166737e-10
7.11447866591280e-10
7.37986149455183e-10
7.65400413462584e-10
7.93614733538773e-10
8.22551348885293e-10
8.52131206310385e-10
8.82274506402487e-10
9.12901240709161e-10
9.43931710915079e-10
9.75287020630316e-10
1.00688953307745e-9
1.03866328977256e-9
1.07053438506621e-9
1.10243129550736e-9
1.13428516163332e-9
1.16603002302584e-9
1.19760300711026e-9
1.22894447412124e-9
1.25999811941780e-9
1.29071103862448e-9
1.32103375537762e-9
1.35092021881863e-9
1.38032777167045e-9
1.40921709422069e-9
1.43755212659419e-9
1.46529997394781e-9
1.49243079614520e-9
1.51891768662407e-9
1.54473654169765e-9
1.56986592374343e-9
1.59428692021493e-9
1.61798299970019e-9
1.64093986810023e-9
1.66314532526887e-9
1.68458912344305e-9
1.70526282938380e-9
1.72515968969605e-9
1.74427450135203e-9
1.76260348698827e-9
1.78014417570996e-9
1.79689528995996e-9
1.81285663781073e-9
1.82802901187574e-9
1.84241409387869e-9
1.85601436524207e-9
1.86883302414238e-9
1.88087390712541e-9
1.89214141776702e-9
1.90264045987746e-9
1.91237637574967e-9
1.92135489048281e-9
1.92958205933115e-9
1.93706422150583e-9
1.94380795667242e-9
1.94982004626280e-9
1.95510743863416e-9
1.95967721736078e-9
1.96353657345087e-9
1.96669278025446e-9
1.96915317167422e-9
1.97092512312878e-9
1.97201603490661e-9
1.97243331814067e-9
1.97218438300490e-9
1.97127662941834e-9
1.96971743874336e-9
1.96751416902642e-9
1.96467415004791e-9
1.96120468184982e-9
1.95711303361023e-9
1.95240644439750e-9
1.94709212572292e-9
1.94117726479248e-9
1.93466902932024e-9
1.92757457392920e-9
1.91990104681606e-9
1.91165559890668e-9
1.90284539261675e-9
1.89347761293962e-9
1.88355947903945e-9
1.87309825684132e-9
1.86210127287532e-9
1.85057592929617e-9
1.83852971945804e-9
1.82597024507815e-9
1.81290523433078e-9
1.79934256070715e-9
1.78529026336305e-9
1.77075656870696e-9
1.75574991244232e-9
1.74027896401277e-9
1.72435265082008e-9
1.70798018528000e-9
1.69117109173778e-9
1.67393523613426e-9
1.65628285592403e-9
1.63822459255277e-9
1.61977152444127e-9
1.60093520260958e-9
1.58172768726239e-9
1.56216158657667e-9
1.54225009713331e-9
1.52200704616615e-9
1.50144693622357e-9
1.48058499141841e-9
1.45943720631163e-9
1.43802039653509e-9
1.41635225237593e-9
1.39445139405600e-9
1.37233743023673e-9
1.35003101868368e-9
1.32755392972326e-9
1.30492911242774e-9
1.28218076381179e-9
1.25933440069260e-9
1.23641693483662e-9
1.21345675074380e-9
1.19048378693355e-9
1.16752962016852e-9
1.14462755300589e-9
1.12181270399349e-9
1.09912210180896e-9
1.07659478224438e-9
1.05427188758356e-9
1.03219677023317e-9
1.01041509818832e-9
9.88974963659915e-10
9.67926994248085e-10
9.47324466035345e-10
9.27223419150321e-10
9.07682774275614e-10
8.88764450897961e-10
8.70533485628909e-10
8.53058150835734e-10
8.36410072238250e-10
8.20664345093786e-10
8.05899647779488e-10
7.92198351382144e-10
7.79646624735128e-10
7.68334532667184e-10
7.58356126418933e-10
7.49809523986612e-10
7.42796978503212e-10
7.37424932321502e-10
7.33804054092066e-10
7.32049256033098e-10
7.32279688133302e-10
7.34618705768394e-10
7.39193806701055e-10
7.46136533330683e-10
7.55582335336140e-10
7.67670387745644e-10
7.82543358622253e-10
8.00347120580795e-10
8.21230399654467e-10
8.45344354492760e-10
8.72842078482442e-10
9.03878017440624e-10
9.38607294167254e-10
9.77184931845154e-10
1.01976496760709e-9
1.06649944701368e-9
1.11753729107544e-9
1.17302302702750e-9
1.23309537400156e-9
1.29788567688594e-9
1.36751618022998e-9
1.44209813724170e-9
1.52172974991208e-9
1.60649393770336e-9
1.69645593552651e-9
1.79166072526381e-9
1.89213030791588e-9
1.99786082825410e-9
2.10881957053514e-9
2.22494184842706e-9
2.34612781936044e-9
2.47223926355051e-9
2.60309637444234e-9
2.73847461793492e-9
2.87810172940438e-9
3.02165492611305e-9
3.16875842681775e-9
3.31898138001069e-9
3.47183631440270e-9
3.62677823565513e-9
3.78320450170482e-9
3.94045561856644e-9
4.09781709776762e-9
4.25452252308975e-9
4.40975796384162e-9
4.56266786557924e-9
4.71236252826239e-9
4.85792726020025e-9
4.99843325625553e-9
5.13295021078506e-9
5.26056061511543e-9
5.38037563083234e-9
5.49155235348756e-9
5.59331220027439e-9
5.68496006895466e-9
5.76590382778665e-9
5.83567360046639e-9
5.89394023861197e-9
5.94053229333940e-9
5.97545075309251e-9
5.99888078232220e-9
6.01119969969691e-9
6.01298047651317e-9
6.00499011226504e-9
5.98818237150657e-9
5.96368453509535e-9
5.93277802262356e-9
5.89687299399780e-9
5.85747730013833e-9
5.81616044191207e-9
5.77451346806388e-9
5.73410601138707e-9
5.69644187666552e-9
5.66291476307174e-9
5.63476580230562e-9
5.61304460424950e-9
5.59857542634500e-9
5.59192992662585e-9
5.59340770044604e-9
5.60302549439040e-9
5.62051560446362e-9
5.64533357042166e-9
5.67667485404608e-9
5.71349979844620e-9
5.75456580600494e-9
5.79846538006758e-9
5.84366845794063e-9
5.88856733631887e-9
5.93152245023516e-9
5.97090732161443e-9
6.00515112187583e-9
6.03277749369227e-9
6.05243852440738e-9
6.06294304454317e-9
6.06327872041174e-9
6.05262769878856e-9
6.03037583532798e-9
5.99611577867765e-9
5.94964438481063e-9
5.89095509193522e-9
5.82022599764001e-9
5.73780444562300e-9
5.64418895084951e-9
5.54000927986460e-9
5.42600545849961e-9
5.30300641155120e-9
5.17190885444733e-9
5.03365696366920e-9
4.88922325249289e-9
4.73959098086979e-9
4.58573833446131e-9
4.42862452144736e-9
4.26917785857693e-9
4.10828585150246e-9
3.94678722028219e-9
3.78546577558925e-9
3.62504601964258e-9
3.46619031951045e-9
3.30949748878905e-9
3.15550260259135e-9
3.00467787195862e-9
2.85743440582688e-9
2.71412469758851e-9
2.57504568188600e-9
2.44044222201475e-9
2.31051090022806e-9
2.18540399774344e-9
2.06523356709880e-9
1.95007551095632e-9
1.83997359779957e-9
1.73494335446529e-9
1.63497578960619e-9
1.54004091091451e-9
1.45009100876983e-9
1.36506368764434e-9
1.28488463265431e-9
1.20947010630768e-9
1.13872917404272e-9
1.07256566280991e-9
1.01087986007163e-9
9.53569963093052e-10
9.00533291481776e-10
8.51667277269070e-10
8.06870247870610e-10
7.66042019031351e-10
7.29084314552099e-10
6.95901030506078e-10
6.66398361735757e-10
6.40484807596329e-10
6.18071074810182e-10
5.99069893530089e-10
5.83395763326135e-10
5.70964643961701e-10
5.61693606215793e-10
5.55500456100549e-10
5.52303345473513e-10
5.52020380804750e-10
5.54569240962918e-10
5.59866813347633e-10
5.67828857211704e-10
5.78369700950245e-10
5.91401980039579e-10
6.06836420037324e-10
6.24581668456813e-10
6.44544178430819e-10
6.66628145068297e-10
6.90735495278165e-10
7.16765930345602e-10
7.44617019592792e-10
7.74184342899403e-10
8.05361678933939e-10
8.38041234822996e-10
8.72113914029074e-10
9.07469616105212e-10
9.43997564625707e-10
9.81586656845461e-10
1.02012583076780e-9
1.05950444248753e-9
1.09961265022283e-9
1.14034179868039e-9
1.18158479869087e-9
1.22323649793066e-9
1.26519403866961e-9
1.30735719686426e-9
1.34962870203602e-9
1.39191453201351e-9
1.43412418203269e-9
1.47617090531188e-9
1.51797192390565e-9
1.55944860852272e-9
1.60052662721339e-9
1.64113606207857e-9
1.68121149537783e-9
1.72069206408478e-9
1.75952148571535e-9
1.79764805484291e-9
1.83502461326464e-9
1.87160849471675e-9
1.90736144599288e-9
1.94224952715553e-9
1.97624299153731e-9
2.00931614978016e-9
2.04144721720989e-9
2.07261814967166e-9
2.10281446757327e-9
2.13202507132988e-9
2.16024204980998e-9
2.18746048405186e-9
2.21367824699044e-9
2.23889580215874e-9
2.26311600151752e-9
2.28634388500944e-9
2.30858648210562e-9
2.32985261689037e-9
2.35015271772261e-9
2.36949863182369e-9
2.38790344641262e-9
2.40538131583392e-9
2.42194729579526e-9
2.43761718581838e-9
2.45240737791165e-9
2.46633471444185e-9
2.47941635388107e-9
2.49166964304826e-9
2.50311199978062e-9
2.51376080100749e-9
2.52363328042694e-9
2.53274643243090e-9
2.54111692424132e-9
2.54876101409815e-9
2.55569447738946e-9
2.56193253751405e-9
2.56748980510273e-9
2.57238022026885e-9
2.57661700271006e-9
2.58021260542200e-9
2.58317867341590e-9
2.58552600695930e-9
2.58726452890877e-9
2.58840325513748e-9
2.58895026929080e-9
2.58891269960249e-9
2.58829669927949e-9
2.58710742905153e-9
2.58534904159016e-9
2.58302466883488e-9
2.58013641023469e-9
2.57668532328442e-9
2.57267141470686e-9
2.56809363369039e-9
2.56294986587921e-9
2.55723692828836e-9
2.55095056582757e-9
2.54408544781894e-9
2.53663516653444e-9
2.52859223583180e-9
2.51994809183167e-9
2.51069309336667e-9
2.50081652576743e-9
2.49030660431603e-9
2.47915048069143e-9
2.46733425177248e-9
2.45484297004721e-9
2.44166065824009e-9
2.42777032708766e-9
2.41315399757956e-9
2.39779272830860e-9
2.38166664936925e-9
2.36475500225925e-9
2.34703618957838e-9
2.32848783208672e-9
2.30908683953154e-9
2.28880949194927e-9
2.26763153614131e-9
2.24552829938042e-9
2.22247482142659e-9
2.19844600774527e-9
2.17341680742636e-9
2.14736241795502e-9
2.12025851937107e-9
2.09208154432814e-9
2.06280898200992e-9
2.03241972622177e-9
2.00089446563944e-9
1.96821612350334e-9
1.93437034872351e-9
1.89934606193706e-9
1.86313605966406e-9
1.82573767695496e-9
1.78715351195558e-9
1.74739220861837e-9
1.70646929747850e-9
1.66440808878473e-9
1.62124060891299e-9
1.57700857070316e-9
1.53176436029015e-9
1.48557202038028e-9
1.43850820465231e-9
1.39066306992046e-9
1.34214107011842e-9
1.29306160539566e-9
1.24355947975585e-9
1.19378511013429e-9
1.14390443238254e-9
1.09409844744286e-9
1.04456235358278e-9
9.95504223058434e-10
9.47143190773772e-10
8.99707148059465e-10
8.53429955070442e-10
8.08548224451451e-10
7.65297759098525e-10
7.23909769474458e-10
6.84607029578377e-10
6.47600159655532e-10
6.13084243747525e-10
5.81235984713585e-10
5.52211583696293e-10
5.26145480278620e-10
5.03150026010776e-10
4.83316075373477e-10
4.66714387349074e-10
4.53397637000057e-10
4.43402765529011e-10
4.36753351128474e-10
4.33461680401513e-10
4.33530237804616e-10
4.36952410297378e-10
4.43712312574345e-10
4.53783762008601e-10
4.67128549992376e-10
4.83694253559850e-10
5.03411891885391e-10
5.26193751340510e-10
5.51931678176121e-10
5.80496079325523e-10
6.11735788287470e-10
6.45478859068319e-10
6.81534259970516e-10
7.19694361977308e-10
7.59738058318530e-10
8.01434318917251e-10
8.44545972112387e-10
8.88833514348843e-10
9.34058773954247e-10
9.79988285849738e-10
1.02639627394945e-9
1.07306717387223e-9
1.11979766486794e-9
1.16639820735254e-9
1.21269410868287e-9
1.25852615348151e-9
1.30375084923828e-9
1.34824034181705e-9
1.39188205775221e-9
1.43457813001613e-9
1.47624465816529e-9
1.51681085035549e-9
1.55621808881450e-9
1.59441895249340e-9
1.63137622603875e-9
1.66706191903426e-9
1.70145631173662e-9
1.73454704224746e-9
1.76632824365723e-9
1.79679973741428e-9
1.82596628694656e-9
1.85383691280227e-9
1.88042426805782e-9
1.90574407458313e-9
1.92981461553878e-9
1.95265628242414e-9
1.97429117280732e-9
1.99474273504152e-9
2.01403545638191e-9
2.03219459027227e-9
2.04924591973858e-9
2.06521555355519e-9
2.08012975036414e-9
2.09401477014745e-9
2.10689674774176e-9
2.11880158769320e-9
2.12975487654078e-9
2.13978181158241e-9
2.14890714331500e-9
2.15715513026133e-9
2.16454950431079e-9
2.17111344534520e-9
2.17686956404101e-9
2.18183989118175e-9
2.18604587298626e-9
2.18950837183640e-9
2.19224767065221e-9
2.19428348147998e-9
2.19563495658111e-9
2.19632070282422e-9
2.19635879681465e-9
2.19576680359923e-9
2.19456179500892e-9
2.19276037029513e-9
2.19037867708175e-9
2.18743243313928e-9
2.18393694860299e-9
2.17990714875216e-9
2.17535759671731e-9
2.17030251648562e-9
2.16475581603023e-9
2.15873111010699e-9
2.15224174356216e-9
2.14530081358082e-9
2.13792119316218e-9
2.13011555287542e-9
2.12189638358937e-9
2.11327601848796e-9
2.10426665516946e-9
2.09488037714775e-9
2.08512917546106e-9
2.07502497022026e-9
2.06457963162820e-9
2.05380500094139e-9
2.04271291151810e-9
2.03131520966352e-9
2.01962377469037e-9
2.00765054033707e-9
1.99540751428885e-9
1.98290679930142e-9
1.97016061314839e-9
1.95718130886988e-9
1.94398139534691e-9
1.93057355737856e-9
1.91697067593056e-9
1.90318584853038e-9
1.88923240976457e-9
1.87512395133006e-9
1.86087434274033e-9
1.84649775180441e-9
1.83200866503401e-9
1.81742190856469e-9
1.80275266845791e-9
1.78801651185199e-9
1.77322940734146e-9
1.75840774644661e-9
1.74356836345054e-9
1.72872855751476e-9
1.71390611232652e-9
1.69911931767043e-9
1.68438698996196e-9
1.66972849225278e-9
1.65516375549703e-9
1.64071329808185e-9
1.62639824566940e-9
1.61224035109326e-9
1.59826201289766e-9
1.58448629409001e-9
1.57093693983450e-9
1.55763839465082e-9
1.54461581845546e-9
1.53189510161203e-9
1.51950287929295e-9
1.50746654344383e-9
1.49581425459340e-9
1.48457495036875e-9
1.47377835348286e-9
1.46345497644802e-9
1.45363612428865e-9
1.44435389430153e-9
1.43564117300364e-9
1.42753162912429e-9
1.42005970318298e-9
1.41326059289350e-9
1.40717023335214e-9
1.40182527312720e-9
1.39726304376357e-9
1.39352152370658e-9
1.39063929546943e-9
1.38865549567587e-9
1.38760975667955e-9
1.38754214045985e-9
1.38849306260298e-9
1.39050320673945e-9
1.39361342809197e-9
1.39786464565676e-9
1.40329772205507e-9
1.40995333037839e-9
1.41787180722928e-9
1.42709299062977e-9
1.43765604309300e-9
1.44959925751755e-9
1.46295984670412e-9
1.47777371444290e-9
1.49407520834465e-9
1.51189685347653e-9
1.53126906617693e-9
1.55221984796659e-9
1.57477445913745e-9
1.59895507184825e-9
1.62478040312593e-9
1.65226532802045e-9
1.68142047354291e-9
1.71225179439450e-9
1.74476013203220e-9
1.77894075867390e-9
1.81478290838079e-9
1.85226929845810e-9
1.89137564384969e-9
1.93207016913262e-9
1.97431312208465e-9
2.01805629477189e-9
2.06324255788325e-9
2.10980541496086e-9
2.15766858500740e-9
2.20674562106808e-9
2.25693957456605e-9
2.30814271559425e-9
2.36023632019513e-9
2.41309053528428e-9
2.46656433526476e-9
2.52050558063710e-9
2.57475119446475e-9
2.62912746692026e-9
2.68345050354667e-9
2.73752682768229e-9
2.79115415111363e-9
2.84412232176921e-9
2.89621445899694e-9
2.94720828332702e-9
2.99687764578751e-9
3.04499425791635e-9
3.09132962223915e-9
3.13565715571533e-9
3.17775449696788e-9
3.21740598300823e-9
3.25440527142739e-9
3.28855808566827e-9
3.31968504749555e-9
3.34762456029636e-9
3.37223569669072e-9
3.39340104198557e-9
3.41102943631985e-9
3.42505855643467e-9
3.43545727266454e-9
3.44222771672428e-9
3.44540699130605e-9
3.44506845874984e-9
3.44132254348780e-9
3.43431699222756e-9
3.42423654049703e-9
3.41130194446101e-9
3.39576834880465e-9
3.37792297493779e-9
3.35808212785509e-9
3.33658753983026e-9
3.31380208389102e-9
3.29010491061235e-9
3.26588607818672e-9
3.24154076587925e-9
3.21746317305155e-9
3.19404022472618e-9
3.17164521133464e-9
3.15063149974135e-9
3.13132645883318e-9
3.11402573830620e-9
3.09898803780571e-9
3.08643049423678e-9
3.07652480016907e-9
3.06939415153556e-9
3.06511109992131e-9
3.06369636375068e-9
3.06511862664178e-9
3.06929532552325e-9
3.07609440485043e-9
3.08533698876036e-9
3.09680089972941e-9
3.11022493054725e-9
3.12531376047982e-9
3.14174339175896e-9
3.15916697349949e-9
3.17722087469488e-9
3.19553086784125e-9
3.21371828677618e-9
3.23140603107418e-9
3.24822429758212e-9
3.26381593592844e-9
3.27784133714462e-9
3.28998278372244e-9
3.29994820566954e-9
3.30747430672724e-9
3.31232903980960e-9
3.31431342981305e-9
3.31326275627917e-9
3.30904712059392e-9
3.30157143582402e-9
3.29077488588920e-9
3.27662990730383e-9
3.25914075345510e-9
3.23834170303682e-9
3.21429497605712e-9
3.18708842099964e-9
3.15683303279024e-9
3.12366036161799e-9
3.08771986382888e-9
3.04917624614566e-9
3.00820684474099e-9
2.96499907866039e-9
2.91974800834876e-9
2.87265402698851e-9
2.82392070366030e-9
2.77375279614967e-9
2.72235444212667e-9
2.66992753630654e-9
2.61667029544165e-9
2.56277601037634e-9
2.50843198096673e-9
2.45381862748985e-9
