2.51187103906081e-9
1.38324011087457e-10
1.35826359002207e-10
1.29022995629762e-10
1.22485081427362e-10
1.16188490792679e-10
1.10131010555856e-10
1.04310028241275e-10
9.87226642256557e-11
9.33657954303440e-11
8.82360784103041e-11
8.33299713139909e-11
7.86437548944103e-11
7.41735523333505e-11
6.99153481633033e-11
6.58650061164006e-11
6.20182859949884e-11
5.83708596323648e-11
5.49183258970128e-11
5.16562247700626e-11
4.85800506462300e-11
4.56852646720969e-11
4.29673063841122e-11
4.04216044770681e-11
3.80435868883350e-11
3.58286901083345e-11
3.37723678117654e-11
3.18700988450613e-11
3.01173945156492e-11
2.85098053468397e-11
2.70429271790175e-11
2.57124067481226e-11
2.45139467281197e-11
2.34433102503188e-11
2.24963249820589e-11
2.16688866745317e-11
2.09569623852966e-11
2.03565931606827e-11
1.98638964513867e-11
1.94750681087939e-11
1.91863840043137e-11
1.89942014162229e-11
1.88949600425112e-11
1.88851827625759e-11
1.89614761105564e-11
1.91205305716421e-11
1.93591205991653e-11
1.96741043879170e-11
2.00624235798405e-11
2.05211026774008e-11
2.10472483308822e-11
2.16380485746331e-11
2.22907717368703e-11
2.30027654575970e-11
2.37714554346517e-11
2.45943441481399e-11
2.54690095428634e-11
2.63931035377834e-11
2.73643505579286e-11
2.83805460215642e-11
2.94395547407542e-11
3.05393093145732e-11
3.16778084519493e-11
3.28531154244575e-11
3.40633562990016e-11
3.53067183193023e-11
3.65814482640905e-11
3.78858507039704e-11
3.92182864800494e-11
4.05771709266145e-11
4.19609723616331e-11
4.33682104792170e-11
4.47974546893001e-11
4.62473227224025e-11
4.77164789644001e-11
4.92036331117826e-11
5.07075385842032e-11
5.22269912139118e-11
5.37608278072083e-11
5.53079248098973e-11
5.68671970113250e-11
5.84375961973324e-11
6.00181100301978e-11
6.16077607305959e-11
6.32056039629456e-11
6.48107276804580e-11
6.64222510862317e-11
6.80393234436998e-11
6.96611232259484e-11
7.12868569358169e-11
7.29157582910678e-11
7.45470871930667e-11
7.61801289388738e-11
7.78141932020079e-11
7.94486133627938e-11
8.10827455528130e-11
8.27159680015035e-11
8.43476801548855e-11
8.59773020783331e-11
8.76042736618776e-11
8.92280539652525e-11
9.08481206342735e-11
9.24639690964274e-11
9.40751121930227e-11
9.56810793738721e-11
9.72814162278447e-11
9.88756839880555e-11
1.00463458868293e-10
1.02044331642121e-10
1.03617907172050e-10
1.05183803815464e-10
1.06741653122243e-10
1.08291099210827e-10
1.09831798464989e-10
1.11363419101908e-10
1.12885640696433e-10
1.14398153892064e-10
1.15900659879089e-10
1.17392870157043e-10
1.18874506161468e-10
1.20345298811741e-10
1.21804988334351e-10
1.23253323768811e-10
1.24690062799313e-10
1.26114971351862e-10
1.27527823360433e-10
1.28928400396097e-10
1.30316491499303e-10
1.31691892812039e-10
1.33054407341814e-10
1.34403844749062e-10
1.35740020980762e-10
1.37062758161119e-10
1.38371884307080e-10
1.39667233056999e-10
1.40948643456911e-10
1.42215959788739e-10
1.43469031360195e-10
1.44707712210255e-10
1.45931860997408e-10
1.47141340775723e-10
1.48336018763757e-10
1.49515766266674e-10
1.50680458358844e-10
1.51829973796835e-10
1.52964194830343e-10
1.54083007011799e-10
1.55186299101582e-10
1.56273962773619e-10
1.57345892625823e-10
1.58401985870112e-10
1.59442142381368e-10
1.60466264302869e-10
1.61474256152628e-10
1.62466024565749e-10
1.63441478107691e-10
1.64400527229328e-10
1.65343084232019e-10
1.66269062920603e-10
1.67178378669102e-10
1.68070948250477e-10
1.68946689637621e-10
1.69805522094174e-10
1.70647365890360e-10
1.71472142248992e-10
1.72279773286284e-10
1.73070181832562e-10
1.73843291531540e-10
1.74599026433031e-10
1.75337311250209e-10
1.76058070938955e-10
1.76761230920232e-10
1.77446716866734e-10
1.78114454519817e-10
1.78764369770725e-10
1.79396388619242e-10
1.80010436905745e-10
1.80606440430305e-10
1.81184324781694e-10
1.81744015395674e-10
1.82285437324360e-10
1.82808515362104e-10
1.83313173877170e-10
1.83799336727562e-10
1.84266927400883e-10
1.84715868785729e-10
1.85146083174780e-10
1.85557492270716e-10
1.85950017192457e-10
1.86323578208212e-10
1.86678095088252e-10
1.87013486692561e-10
1.87329671199229e-10
1.87626566025242e-10
1.87904087740677e-10
1.88162152155011e-10
1.88400674187610e-10
1.88619568044705e-10
1.88818747009434e-10
1.88998123612181e-10
1.89157609475061e-10
1.89297115548937e-10
1.89416551841241e-10
1.89515827683303e-10
1.89594851635607e-10
1.89653531479375e-10
1.89691774384832e-10
1.89709486786832e-10
1.89706574584550e-10
1.89682943023620e-10
1.89638496887506e-10
1.89573140526445e-10
1.89486777830473e-10
1.89379312426863e-10
1.89250647710260e-10
1.89100686812347e-10
1.88929332937125e-10
1.88736489260742e-10
1.88522059032899e-10
1.88285945863453e-10
1.88028053613646e-10
1.87748286795939e-10
1.87446550381832e-10
1.87122750246902e-10
1.86776793216025e-10
1.86408587067720e-10
1.86018041077925e-10
1.85605065829357e-10
1.85169573618328e-10
1.84711478623374e-10
1.84230697061568e-10
1.83727147550559e-10
1.83200751181394e-10
1.82651431900017e-10
1.82079116746325e-10
1.81483736102739e-10
1.80865223987108e-10
1.80223518430127e-10
1.79558561667815e-10
1.78870300647964e-10
1.78158687273403e-10
1.77423678668080e-10
1.76665237852488e-10
1.75883333821807e-10
1.75077942186375e-10
1.74249045473150e-10
1.73396633591089e-10
1.72520704435710e-10
1.71621264062449e-10
1.70698327576531e-10
1.69751919276594e-10
1.68782073433664e-10
1.67788834708838e-10
1.66772258836780e-10
1.65732413005053e-10
1.64669376700588e-10
1.63583242103503e-10
1.62474114889238e-10
1.61342114714565e-10
1.60187375959112e-10
1.59010048433528e-10
1.57810297952619e-10
1.56588307112874e-10
1.55344275976444e-10
1.54078422745280e-10
1.52790984522989e-10
1.51482218035511e-10
1.50152400332112e-10
1.48801829526275e-10
1.47430825565964e-10
1.46039730892589e-10
1.44628911192315e-10
1.43198756117097e-10
1.41749680012626e-10
1.40282122477332e-10
1.38796549219164e-10
1.37293452555749e-10
1.35773352036791e-10
1.34236795165346e-10
1.32684357807026e-10
1.31116644738854e-10
1.29534290184602e-10
1.27937958154701e-10
1.26328342876040e-10
1.24706169034365e-10
1.23072192056142e-10
1.21427198295666e-10
1.19772005080359e-10
1.18107460769841e-10
1.16434444612321e-10
1.14753866666795e-10
1.13066667446872e-10
1.11373817620731e-10
1.09676317463038e-10
1.07975196311876e-10
1.06271511815592e-10
1.04566349128837e-10
1.02860819899580e-10
1.01156061264175e-10
9.94532344849539e-11
9.77535237751456e-11
9.60581346420359e-11
9.43682923677896e-11
9.26852402333001e-11
9.10102376032843e-11
8.93445579613630e-11
8.76894867822196e-11
8.60463192870315e-11
8.44163580249488e-11
8.28009105737763e-11
8.12012869052830e-11
7.96187967535662e-11
7.80547470456758e-11
7.65104391011175e-11
7.49871658895967e-11
7.34862093037343e-11
7.20088373138924e-11
7.05563013116029e-11
6.91298332848187e-11
6.77306432561425e-11
6.63599166880732e-11
6.50188119000338e-11
6.37084578460635e-11
6.24299517927449e-11
6.11843572951421e-11
5.99727021889323e-11
5.87959770152981e-11
5.76551333709447e-11
5.65510827225932e-11
5.54846951854490e-11
5.44567987668533e-11
5.34681787232871e-11
5.25195771198697e-11
5.16116927725363e-11
5.07451811655142e-11
4.99206549283127e-11
4.91386841450139e-11
4.83997972067248e-11
4.77044815263952e-11
4.70531846918579e-11
4.64463154943063e-11
4.58842452803956e-11
4.53673092107328e-11
4.48958076898414e-11
4.44700077495449e-11
4.40901444677418e-11
4.37564223225658e-11
4.34690164425036e-11
4.32280739287126e-11
4.30337147959457e-11
4.28860330801939e-11
4.27850975068243e-11
4.27309521555130e-11
4.27236169438843e-11
4.27630877692201e-11
4.28493366189589e-11
4.29823113793514e-11
4.31619354884640e-11
4.33881073503708e-11
4.36606996385141e-11
4.39795584248290e-11
4.43445020599999e-11
4.47553201420224e-11
4.52117721374924e-11
4.57135861306129e-11
4.62604574445591e-11
4.68520472278291e-11
4.74879811185442e-11
4.81678478944322e-11
4.88911982266445e-11
4.96575435102592e-11
5.04663548749396e-11
5.13170622487166e-11
5.22090536466180e-11
5.31416747003492e-11
5.41142282689156e-11
5.51259743545496e-11
5.61761302446527e-11
5.72638707827422e-11
5.83883290193483e-11
5.95485970145921e-11
6.07437268130338e-11
6.19727317785074e-11
6.32345880338251e-11
6.45282361402234e-11
6.58525829548964e-11
6.72065036861504e-11
6.85888441078501e-11
6.99984228039958e-11
7.14340337446735e-11
7.28944487479287e-11
7.43784201537046e-11
7.58846835256008e-11
7.74119603443492e-11
7.89589608300868e-11
8.05243866584625e-11
8.21069337164264e-11
8.37052948445151e-11
8.53181624990491e-11
8.69442313469230e-11
8.85822008056438e-11
9.02307775552294e-11
9.18886778036762e-11
9.35546296262548e-11
9.52273750374227e-11
9.69056720702834e-11
9.85882966271850e-11
1.00274044274211e-10
1.01961731884589e-10
1.03650199131539e-10
1.05338309884508e-10
1.07024953429189e-10
1.08709045565774e-10
1.10389529631985e-10
1.12065377349698e-10
1.13735589528663e-10
1.15399196693685e-10
1.17055259614952e-10
1.18702869637776e-10
1.20341149031434e-10
1.21969251118762e-10
1.23586360384178e-10
1.25191692521592e-10
1.26784494281488e-10
1.28364043337610e-10
1.29929648054837e-10
1.31480647241933e-10
1.33016409695682e-10
1.34536333899106e-10
1.36039847468942e-10
1.37526406679840e-10
1.38995495933711e-10
1.40446627165156e-10
1.41879339228001e-10
1.43293197230301e-10
1.44687791910809e-10
1.46062738940550e-10
1.47417678214530e-10
1.48752273162720e-10
1.50066209984586e-10
1.51359197024257e-10
1.52630963907517e-10
1.53881260940570e-10
1.55109858295229e-10
1.56316545339200e-10
1.57501129852278e-10
1.58663437445738e-10
1.59803310658846e-10
1.60920608478719e-10
1.62015205516995e-10
1.63086991392898e-10
1.64135870064416e-10
1.65161759207132e-10
1.66164589566701e-10
1.67144304369048e-10
1.68100858677002e-10
1.69034218886211e-10
1.69944362082892e-10
1.70831275572282e-10
1.71694956278784e-10
1.72535410338506e-10
1.73352652403473e-10
1.74146705468784e-10
1.74917600067455e-10
1.75665374121414e-10
1.76390072324230e-10
1.77091745834134e-10
1.77770451820143e-10
1.78426253059835e-10
1.79059217712066e-10
1.79669418791328e-10
1.80256933957771e-10
1.80821845172328e-10
1.81364238309034e-10
1.81884203018640e-10
1.82381832317077e-10
1.82857222409253e-10
1.83310472339534e-10
1.83741683864270e-10
1.84150961207269e-10
1.84538410737310e-10
1.84904140902171e-10
1.85248261952995e-10
1.85570885797083e-10
1.85872125831759e-10
1.86152096749518e-10
1.86410914430052e-10
1.86648695756758e-10
1.86865558535714e-10
1.87061621311796e-10
1.87237003287478e-10
1.87391824241994e-10
1.87526204352041e-10
1.87640264189048e-10
1.87734124585571e-10
1.87807906571384e-10
1.87861731237942e-10
1.87895719860804e-10
1.87909993573506e-10
1.87904673554118e-10
1.87879880849680e-10
1.87835736350993e-10
1.87772360807554e-10
1.87689874732931e-10
1.87588398428960e-10
1.87468051951226e-10
1.87328955085781e-10
1.87171227335313e-10
1.86994987925107e-10
1.86800355815343e-10
1.86587449660751e-10
1.86356387867180e-10
1.86107288546503e-10
1.85840269570269e-10
1.85555448613933e-10
1.85252943103605e-10
1.84932870284248e-10
1.84595347240949e-10
1.84240490986231e-10
1.83868418358083e-10
1.83479246222268e-10
1.83073091374172e-10
1.82650070708765e-10
1.82210301126206e-10
1.81753899751077e-10
1.81280983827197e-10
1.80791670852949e-10
1.80286078684958e-10
1.79764325481824e-10
1.79226529905466e-10
1.78672811052210e-10
1.78103288648540e-10
1.77518083052100e-10
1.76917315337889e-10
1.76301107434408e-10
1.75669582075530e-10
1.75022863087888e-10
1.74361075294934e-10
1.73684344702052e-10
1.72992798541174e-10
1.72286565471942e-10
1.71565775565431e-10
1.70830560438113e-10
1.70081053430598e-10
1.69317389635297e-10
1.68539706056700e-10
1.67748141712837e-10
1.66942837716102e-10
1.66123937586864e-10
1.65291587045758e-10
1.64445934480823e-10
1.63587130905796e-10
1.62715330109439e-10
1.61830688851771e-10
1.60933366987303e-10
1.60023527629826e-10
1.59101337256551e-10
1.58166965929818e-10
1.57220587467801e-10
1.56262379546159e-10
1.55292523911640e-10
1.54311206592331e-10
1.53318618016123e-10
1.52314953269391e-10
1.51300412180001e-10
1.50275199666741e-10
1.49239525795922e-10
1.48193606121010e-10
1.47137661760971e-10
1.46071919742584e-10
1.44996613160463e-10
1.43911981368103e-10
1.42818270352573e-10
1.41715732849340e-10
1.40604628590858e-10
1.39485224697001e-10
1.38357795757019e-10
1.37222624238591e-10
1.36080000672940e-10
1.34930224009901e-10
1.33773601841112e-10
1.32610450748369e-10
1.31441096558668e-10
1.30265874713302e-10
1.29085130522084e-10
1.27899219513977e-10
1.26708507869252e-10
1.25513372519252e-10
1.24314201804647e-10
1.23111395535265e-10
1.21905365616761e-10
1.20696536217043e-10
1.19485344299089e-10
1.18272239923388e-10
1.17057686676665e-10
1.15842162100739e-10
1.14626158065581e-10
1.13410181219203e-10
1.12194753480536e-10
1.10980412356749e-10
1.09767711522723e-10
1.08557221177535e-10
1.07349528620146e-10
1.06145238653354e-10
1.04944974087090e-10
1.03749376230484e-10
1.02559105483525e-10
1.01374841675763e-10
1.00197284770461e-10
9.90271553033591e-11
9.78651949004265e-11
9.67121668818912e-11
9.55688568082935e-11
9.44360729894564e-11
9.33146471182361e-11
9.22054347931700e-11
9.11093161075855e-11
9.00271962732184e-11
8.89600061357863e-11
8.79087028206962e-11
8.68742703365701e-11
8.58577201085287e-11
8.48600916385590e-11
8.38824530858898e-11
8.29259018218610e-11
8.19915651300068e-11
8.10806006649425e-11
8.01941971533242e-11
7.93335748934765e-11
7.84999864076118e-11
7.76947169314738e-11
7.69190850162290e-11
7.61744430575747e-11
7.54621778104151e-11
7.47837109227241e-11
7.41404993999219e-11
7.35340360678164e-11
7.29658500515889e-11
7.24375071278404e-11
7.19506101591118e-11
7.15067994136449e-11
7.11077528757960e-11
7.07551865117756e-11
7.04508544677486e-11
7.01965492982632e-11
6.99941019880082e-11
6.98453820902139e-11
6.97522976401248e-11
6.97167951225555e-11
6.97408592742602e-11
6.98265128525398e-11
6.99758163151861e-11
7.01908673468876e-11
7.04738003740057e-11
7.08267858926040e-11
7.12520296964163e-11
7.17517720046035e-11
7.23282864400775e-11
7.29838788443207e-11
7.37208859464580e-11
7.45416738965711e-11
7.54486366032287e-11
7.64441938721889e-11
7.75307893733045e-11
7.87108883997974e-11
7.99869753978135e-11
8.13615512688439e-11
8.28371304629322e-11
8.44162377216827e-11
8.61014046883134e-11
8.78951661321764e-11
8.98000558994958e-11
9.18186026142485e-11
9.39533249608004e-11
9.62067267306249e-11
9.85812914333599e-11
1.01079476584144e-10
1.03703707665642e-10
1.06456371558174e-10
1.09339809735393e-10
1.12356310910700e-10
1.15508103345485e-10
1.18797346653354e-10
1.22226123210175e-10
1.25796429043783e-10
1.29510164334253e-10
1.33369123393042e-10
1.37374984159613e-10
1.41529297211227e-10
1.45833474378469e-10
1.50288776740173e-10
1.54896302320500e-10
1.59656973053881e-10
1.64571521644178e-10
1.69640477683938e-10
1.74864153492963e-10
1.80242629562011e-10
1.85775739511931e-10
1.91463054898036e-10
1.97303869588460e-10
2.03297183850097e-10
2.09441688385066e-10
2.15735748124643e-10
2.22177385960740e-10
2.28764266462351e-10
2.35493679698386e-10
2.42362525286372e-10
2.49367296605403e-10
2.56504065388999e-10
2.63768467021932e-10
2.71155686176491e-10
2.78660443438334e-10
2.86276982732296e-10
2.93999059974402e-10
3.01819932662808e-10
3.09732351327718e-10
3.17728552185231e-10
3.25800251901562e-10
3.33938644195223e-10
3.42134398718332e-10
3.50377662480462e-10
3.58658063695335e-10
3.66964718802604e-10
3.75286242459085e-10
3.83610760783481e-10
3.91925928486493e-10
4.00218949329003e-10
4.08476601029515e-10
4.16685264038862e-10
4.24830954728738e-10
4.32899363269895e-10
4.40875895968353e-10
4.48745722489436e-10
4.56493827815356e-10
4.64105069210383e-10
4.71564237928413e-10
4.78856125901168e-10
4.85965596876336e-10
4.92877662358601e-10
4.99577561929996e-10
5.06050847179835e-10
5.12283470017807e-10
5.18261873499160e-10
5.23973086023822e-10
5.29404817401099e-10
5.34545556529666e-10
5.39384669575910e-10
5.43912498973591e-10
5.48120460150025e-10
5.52001137702095e-10
5.55548377911077e-10
5.58757377432547e-10
5.61624766915209e-10
5.64148688446742e-10
5.66328865327423e-10
5.68166663443900e-10
5.69665142469931e-10
5.70829096383171e-10
5.71665081422112e-10
5.72181431438579e-10
5.72388258216064e-10
5.72297437313767e-10
5.71922578002056e-10
5.71278976347422e-10
5.70383551731171e-10
5.69254766065209e-10
5.67912525815313e-10
5.66378066953780e-10
5.64673823012142e-10
5.62823277500298e-10
5.60850800651375e-10
5.58781472654399e-10
5.56640893510563e-10
5.54454982516206e-10
5.52249767998583e-10
5.50051169947127e-10
5.47884777699876e-10
5.45775624954020e-10
5.43747964498779e-10
5.41825045735511e-10
5.40028896928061e-10
5.38380115472692e-10
5.36897668425868e-10
5.35598706017715e-10
5.34498390697030e-10
5.33609743488813e-10
5.32943510519109e-10
5.32508050863798e-10
5.32309247635840e-10
5.32350443442131e-10
5.32632401315477e-10
5.33153291505796e-10
5.33908704493725e-10
5.34891690083655e-10
5.36092822072969e-10
5.37500287727059e-10
5.39100000705535e-10
5.40875736222837e-10
5.42809286407043e-10
5.44880634010979e-10
5.47068142132756e-10
5.49348757461942e-10
5.51698224601663e-10
5.54091308776381e-10
5.56502024102371e-10
5.58903864823749e-10
5.61270036753823e-10
5.63573686295367e-10
5.65788124845017e-10
5.67887045630001e-10
5.69844731475792e-10
5.71636251109213e-10
5.73237642512635e-10
5.74626081597256e-10
5.75780035355287e-10
5.76679397909772e-10
5.77305609375520e-10
5.77641756617010e-10
5.77672655917704e-10
5.77384917300651e-10
5.76766991158267e-10
5.75809197148524e-10
5.74503736336810e-10
5.72844687147542e-10
5.70827986115857e-10
5.68451394482538e-10
5.65714451841849e-10
5.62618417784601e-10
5.59166203109874e-10
5.55362291748978e-10
5.51212654595991e-10
5.46724656805262e-10
5.41906959516818e-10
5.36769417559528e-10
5.31322973998783e-10
5.25579552930801e-10
5.19551951477453e-10
5.13253731837424e-10
5.06699114599714e-10
4.99902873810799e-10
4.92880234707059e-10
4.85646774852811e-10
4.78218328986663e-10
4.70610898256908e-10
4.62840564180182e-10
4.54923407649843e-10
4.46875433221387e-10
4.38712498863239e-10
4.30450251286630e-10
4.22104066888892e-10
4.13688998321336e-10
4.05219726620844e-10
3.96710518789845e-10
3.88175190797053e-10
3.79627075581037e-10
3.71078996221780e-10
3.62543243734901e-10
3.54031559371643e-10
3.45555121355162e-10
3.37124535357003e-10
3.28749828992601e-10
3.20440449537538e-10
3.12205265007238e-10
3.04052568029622e-10
2.95990082494386e-10
2.88024972413477e-10
2.80163853126248e-10
2.72412804159171e-10
2.64777383936184e-10
2.57262645756607e-10
2.49873155062128e-10
2.42613007638709e-10
2.35485848727649e-10
2.28494892621959e-10
2.21642942877554e-10
2.14932412727012e-10
2.08365345724440e-10
2.01943436364783e-10
1.95668050753696e-10
1.89540246910319e-10
1.83560794965794e-10
1.77730196884863e-10
1.72048705829921e-10
1.66516344919821e-10
1.61132925549335e-10
1.55898064973224e-10
1.50811203381976e-10
1.45871620125923e-10
1.41078449421105e-10
1.36430695107933e-10
1.31927244857376e-10
1.27566883527927e-10
1.23348305717862e-10
1.19270127687057e-10
1.15330898376091e-10
1.11529109767330e-10
1.07863206501860e-10
1.04331594667723e-10
1.00932650020659e-10
9.76647253811697e-11
9.45261574362105e-11
9.15152728298138e-11
8.86303936595676e-11
8.58698423346019e-11
8.32319458710440e-11
8.07150395922228e-11
7.83174703504460e-11
7.60375991675708e-11
7.38738034654955e-11
7.18244788165586e-11
6.98880402331029e-11
6.80629231273448e-11
6.63475838499181e-11
6.47404998934503e-11
6.32401698048161e-11
6.18451127687952e-11
6.05538679817008e-11
5.93649937028291e-11
5.82770662090247e-11
5.72886784517897e-11
5.63984386229138e-11
5.56049685363151e-11
5.49069019440047e-11
5.43028826984979e-11
5.37915628701621e-11
5.33716008323615e-11
5.30416592629910e-11
5.28004031596895e-11
5.26464978817097e-11
5.25786071513642e-11
5.25953911424847e-11
5.26955045934709e-11
5.28775949882263e-11
5.31403007987964e-11
5.34822498898599e-11
5.39020578583461e-11
5.43983267094432e-11
5.49696434154932e-11
5.56145787981445e-11
5.63316864090200e-11
5.71195015722734e-11
5.79765406509385e-11
5.89013003602972e-11
5.98922572485162e-11
6.09478673731667e-11
6.20665660963813e-11
6.32467680106413e-11
6.44868670441058e-11
6.57852367220345e-11
6.71402305231866e-11
6.85501824433361e-11
7.00134076329541e-11
7.15282032000692e-11
7.30928491491590e-11
7.47056094381100e-11
7.63647331189277e-11
7.80684556073135e-11
7.98150000898940e-11
8.16025789486407e-11
8.34293953179143e-11
8.52936447753954e-11
8.71935169566862e-11
8.91271973547393e-11
9.10928691418540e-11
9.30887150172799e-11
9.51129190574075e-11
9.71636687354133e-11
9.92391567199625e-11
1.01337582937540e-10
1.03457156465246e-10
1.05596097467616e-10
1.07752639170260e-10
1.09925029667177e-10
1.12111533927174e-10
1.14310435547523e-10
1.16520038570703e-10
1.18738669236318e-10
1.20964677730459e-10
1.23196439720284e-10
1.25432358038820e-10
1.27670864143190e-10
1.29910419529782e-10
1.32149517184815e-10
1.34386682730840e-10
1.36620475785397e-10
1.38849490931561e-10
1.41072358854097e-10
1.43287747256859e-10
1.45494361722611e-10
1.47690946433867e-10
1.49876284962843e-10
1.52049200739965e-10
1.54208557670788e-10
1.56353260475529e-10
1.58482255041226e-10
1.60594528694742e-10
1.62689110333563e-10
1.64765070490900e-10
1.66821521403574e-10
