7.99901703620187e-8
3.63178651724650e-9
3.47813266244304e-9
3.04084107381809e-9
2.65059821654056e-9
2.30177841040046e-9
1.99256514583889e-9
1.72098406982979e-9
1.48498871783854e-9
1.28249448536971e-9
1.11140797422521e-9
9.69651623462388e-10
8.55184063644437e-10
7.66016615837084e-10
7.00226340476129e-10
6.55966022846818e-10
6.31471463560110e-10
6.25066421576753e-10
6.35165537217887e-10
6.60275539710048e-10
6.98995022282292e-10
7.50013043305410e-10
8.12106789198477e-10
8.84138508711243e-10
9.65051904792611e-10
1.05386814764694e-9
1.14968164534515e-9
1.25165569150728e-9
1.35901808455525e-9
1.47105679756954e-9
1.58711575776134e-9
1.70659078270950e-9
1.82892570491789e-9
1.95360870642791e-9
2.08016887703443e-9
2.20817299813973e-9
2.33722255588362e-9
2.46695097299668e-9
2.59702105481803e-9
2.72712263535410e-9
2.85697041319466e-9
2.98630196243213e-9
3.11487590532811e-9
3.24247023395430e-9
3.36888076768194e-9
3.49391973306388e-9
3.61741445751771e-9
3.73920616224290e-9
3.85914884951431e-9
3.97710827080719e-9
4.09296097195493e-9
4.20659340544251e-9
4.31790110613989e-9
4.42678792139773e-9
4.53316529533544e-9
4.63695159860491e-9
4.73807150150664e-9
4.83645538819006e-9
4.93203880758075e-9
5.02476195740841e-9
5.11456920137627e-9
5.20140861577399e-9
5.28523156418905e-9
5.36599229699947e-9
5.44364757858037e-9
5.51815633403769e-9
5.58947932099175e-9
5.65757882179547e-9
5.72241835435259e-9
5.78396240485090e-9
5.84217617686096e-9
5.89702535989244e-9
5.94847591554557e-9
5.99649387981800e-9
6.04104518508774e-9
6.08209549618382e-9
6.11961006630005e-9
6.15355360895425e-9
6.18389018890247e-9
6.21058313020809e-9
6.23359494557412e-9
6.25288728371208e-9
6.26842090083948e-9
6.28015565185071e-9
6.28805050965297e-9
6.29206360742161e-9
6.29215231261415e-9
6.28827332932820e-9
6.28038283730432e-9
6.26843666534577e-9
6.25239050675849e-9
6.23220017829911e-9
6.20782192757032e-9
6.17921279295653e-9
6.14633102031496e-9
6.10913654300014e-9
6.06759152835116e-9
6.02166099773310e-9
5.97131352567715e-9
5.91652202006640e-9
5.85726459679775e-9
5.79352554305051e-9
5.72529638426724e-9
5.65257705037080e-9
5.57537714992318e-9
5.49371734889550e-9
5.40763085486747e-9
5.31716500555884e-9
5.22238295008296e-9
5.12336541903731e-9
5.02021256330243e-9
4.91304584724476e-9
4.80200996464676e-9
4.68727475258454e-9
4.56903705632062e-9
4.44752250331366e-9
4.32298712859904e-9
4.19571878786099e-9
4.06603828672021e-9
3.93430015067377e-9
3.80089294905306e-9
3.66623909160320e-9
3.53079400976978e-9
3.39504464866090e-9
3.25950719925780e-9
3.12472402085651e-9
2.99125973252828e-9
2.85969647338395e-9
2.73062838387646e-9
2.60465539141983e-9
2.48237644068689e-9
2.36438235313192e-9
2.25124854668704e-9
2.14352788361430e-9
2.04174393661411e-9
1.94638496947130e-9
1.85789891044639e-9
1.77668954928121e-9
1.70311412444514e-9
1.63748236847873e-9
1.58005697604468e-9
1.53105533782122e-9
1.49065227944047e-9
1.45898344687806e-9
1.43614892628094e-9
1.42221666155130e-9
1.41722526696345e-9
1.42118589969123e-9
1.43408297419153e-9
1.45587363623180e-9
1.48648606369835e-9
1.52581680075385e-9
1.57372744881579e-9
1.63004111248363e-9
1.69453903489432e-9
1.76695783777876e-9
1.84698772956667e-9
1.93427195335484e-9
2.02840763825997e-9
2.12894810297479e-9
2.23540654970338e-9
2.34726099174686e-9
2.46396018834145e-9
2.58493031174578e-9
2.70958205268036e-9
2.83731787304778e-9
2.96753913672396e-9
3.09965288451529e-9
3.23307806573705e-9
3.36725108503524e-9
3.50163057307818e-9
3.63570133318222e-9
3.76897745463756e-9
3.90100461730747e-9
4.03136163460126e-9
4.15966130280532e-9
4.28555063244663e-9
4.40871054744992e-9
4.52885513681346e-9
4.64573054086878e-9
4.75911355162447e-9
4.86880999860683e-9
4.97465298311581e-9
5.07650101949690e-9
5.17423612746423e-9
5.26776191889788e-9
5.35700171046593e-9
5.44189668549726e-9
5.52240413003350e-9
5.59849575335246e-9
5.67015610394017e-9
5.73738109076380e-9
5.80017660819846e-9
5.85855726931860e-9
5.91254524539344e-9
5.96216920854249e-9
6.00746337368292e-9
6.04846663696726e-9
6.08522180366625e-9
6.11777489997104e-9
6.14617456679675e-9
6.17047152410041e-9
6.19071810576131e-9
6.20696785659136e-9
6.21927518715644e-9
6.22769508370235e-9
6.23228286369716e-9
6.23309397962329e-9
6.23018386166251e-9
6.22360779893515e-9
6.21342085506581e-9
6.19967781559733e-9
6.18243316468022e-9
6.16174108912313e-9
6.13765550759434e-9
6.11023012357712e-9
6.07951850068610e-9
6.04557415890123e-9
6.00845069161918e-9
5.96820190175636e-9
5.92488195736343e-9
5.87854556536275e-9
5.82924816531268e-9
5.77704613993697e-9
5.72199704606371e-9
5.66415986457056e-9
5.60359526899857e-9
5.54036591590248e-9
5.47453675579548e-9
5.40617536511667e-9
5.33535230390702e-9
5.26214149402383e-9
5.18662062644567e-9
5.10887159305466e-9
5.02898094757221e-9
4.94704039662119e-9
4.86314732237578e-9
4.77740533823354e-9
4.68992488048036e-9
4.60082383614443e-9
4.51022821191538e-9
4.41827284241900e-9
4.32510214210680e-9
4.23087090442941e-9
4.13574514586650e-9
4.03990300039197e-9
3.94353566581239e-9
3.84684840089741e-9
3.75006157939308e-9
3.65341179654159e-9
3.55715303395059e-9
3.46155787935616e-9
3.36691880278546e-9
3.27354948764535e-9
3.18178621421031e-9
3.09198929296374e-9
3.00454454276163e-9
2.91986480844955e-9
2.83839150941921e-9
2.76059620897215e-9
2.68698219296312e-9
2.61808604011224e-9
2.55447916687316e-9
2.49676932254501e-9
2.44560200730874e-9
2.40166178003178e-9
2.36567341767170e-9
2.33840287983355e-9
2.32065802528272e-9
2.31328901927967e-9
2.31718836060044e-9
2.33329044564199e-9
2.36257057848191e-9
2.40604332066324e-9
2.46476006318605e-9
2.53980568910222e-9
2.63229418071650e-9
2.74336301185836e-9
2.87416615108019e-9
3.02586549015216e-9
3.19962049994873e-9
3.39657590893769e-9
3.61784719570683e-9
3.86450368789810e-9
4.13754907185276e-9
4.43789913487085e-9
4.76635659777208e-9
5.12358294041643e-9
5.51006719495803e-9
5.92609177036140e-9
6.37169548898782e-9
6.84663416786648e-9
7.35033925610632e-9
7.88187526144434e-9
8.43989695590715e-9
9.02260764033058e-9
9.62772007971288e-9
1.02524220674630e-8
1.08933489425382e-8
1.15465657374694e-8
1.22075619615083e-8
1.28712622691184e-8
1.35320564144001e-8
1.41838518662392e-8
1.48201522187906e-8
1.54341640152043e-8
1.60189337415013e-8
1.65675155091786e-8
1.70731682840765e-8
1.75295794546354e-8
1.79311090949584e-8
1.82730465715022e-8
1.85518683375022e-8
1.87654830686488e-8
1.89134480349771e-8
1.89971390934106e-8
1.90198563025456e-8
1.89868482276126e-8
1.89052407775716e-8
1.87838610163760e-8
1.86329527525156e-8
1.84637884912421e-8
1.82881910235798e-8
1.81179866989327e-8
1.79644203591841e-8
1.78375680243967e-8
1.77457867769129e-8
1.76952412585953e-8
1.76895424225784e-8
1.77295268567429e-8
1.78131946675889e-8
1.79358116345033e-8
1.80901683895182e-8
1.82669771339823e-8
1.84553761804807e-8
1.86435054147455e-8
1.88191122196254e-8
1.89701476360991e-8
1.90853162306944e-8
1.91545496204295e-8
1.91693819320003e-8
1.91232146426731e-8
1.90114672681581e-8
1.88316184446405e-8
1.85831484913789e-8
1.82673992376509e-8
1.78873696577362e-8
1.74474668161765e-8
1.69532310506391e-8
1.64110525636215e-8
1.58278940442381e-8
1.52110309551879e-8
1.45678180222003e-8
1.39054874854854e-8
1.32309820132395e-8
1.25508229206125e-8
1.18710125467299e-8
1.11969683154385e-8
1.05334851038230e-8
9.88472202302045e-9
9.25420950288990e-9
8.64487261009655e-9
8.05906673998982e-9
7.49862216340279e-9
6.96489431852529e-9
6.45881718316913e-9
5.98095751345132e-9
5.53156816378198e-9
5.11063910214161e-9
4.71794509177999e-9
4.35308932061199e-9
4.01554252415554e-9
3.70467736839860e-9
3.41979803723239e-9
3.16016511147438e-9
2.92501593534709e-9
2.71358074971470e-9
2.52509492863405e-9
2.35880769756609e-9
2.21398773458742e-9
2.08992606822363e-9
1.98593668706375e-9
1.90135526919129e-9
1.83553642694186e-9
1.78784984222656e-9
1.75767564608029e-9
1.74439936636733e-9
1.74740674006057e-9
1.76607865089007e-9
1.79978641959549e-9
1.84788763758466e-9
1.90972269572792e-9
1.98461212589891e-9
2.07185483144248e-9
2.17072725185370e-9
2.28048346832456e-9
2.40035623034365e-9
2.52955885190260e-9
2.66728790305421e-9
2.81272660427538e-9
2.96504881160563e-9
3.12342347366513e-9
3.28701943206846e-9
3.45501043645703e-9
3.62658024598328e-9
3.80092769607471e-9
3.97727161606065e-9
4.15485549702528e-9
4.33295181957260e-9
4.51086596876062e-9
4.68793967670424e-9
4.86355394951467e-9
5.03713145106353e-9
5.20813833057887e-9
5.37608549281054e-9
5.54052932436345e-9
5.70107189831936e-9
5.85736068804183e-9
6.00908782898020e-9
6.15598897309806e-9
6.29784178158604e-9
6.43446410726649e-9
6.56571191532317e-9
6.69147699406374e-9
6.81168450156075e-9
6.92629039636556e-9
7.03527879374180e-9
7.13865928663956e-9
7.23646426695843e-9
7.32874627879406e-9
7.41557542885323e-9
7.49703687900276e-9
7.57322843702152e-9
7.64425826421906e-9
7.71024270724293e-9
7.77130426365678e-9
7.82756968776280e-9
7.87916823752411e-9
7.92623006155731e-9
7.96888472743283e-9
8.00725988501423e-9
8.04148006103405e-9
8.07166557855273e-9
8.09793159499274e-9
8.12038724975226e-9
8.13913491533443e-9
8.15426954333998e-9
8.16587809522868e-9
8.17403905255897e-9
8.17882199777963e-9
8.18028725518664e-9
8.17848559044191e-9
8.17345795574892e-9
8.16523527811926e-9
8.15383828416638e-9
8.13927735611321e-9
8.12155241365538e-9
8.10065282031470e-9
8.07655730926873e-9
8.04923392694405e-9
8.01863999610651e-9
7.98472209410414e-9
7.94741605000691e-9
7.90664696518218e-9
7.86232925662015e-9
7.81436673233689e-9
7.76265270641497e-9
7.70707016108591e-9
7.64749197048575e-9
7.58378120159321e-9
7.51579150732702e-9
7.44336763920157e-9
7.36634610094591e-9
7.28455597787278e-9
7.19781997632530e-9
7.10595571568454e-9
7.00877732388782e-9
6.90609738778149e-9
6.79772932532631e-9
6.68349024563512e-9
6.56320437713072e-9
6.43670714126612e-9
6.30384996332893e-9
6.16450590257125e-9
6.01857618945330e-9
5.86599774194831e-9
5.70675171939993e-9
5.54087313697999e-9
5.36846152751919e-9
5.18969256711243e-9
5.00483050164255e-9
4.81424109768624e-9
4.61840471191588e-9
4.41792890485640e-9
4.21355984787563e-9
4.00619157955818e-9
3.79687198832082e-9
3.58680425314272e-9
3.37734241818966e-9
3.16997983359598e-9
2.96632945260969e-9
2.76809544316863e-9
2.57703631063483e-9
2.39492070342184e-9
2.22347821208823e-9
2.06434862948697e-9
1.91903406294528e-9
1.78885872066986e-9
1.67494083685897e-9
1.57817991408685e-9
1.49926025882996e-9
1.43866900480637e-9
1.39672400556298e-9
1.37360488088353e-9
1.36937976560641e-9
1.38402130226273e-9
1.41740802300799e-9
1.46931086888220e-9
1.53936826211662e-9
1.62705592456401e-9
1.73165885362966e-9
1.85225233923873e-9
1.98769694123759e-9
2.13664958259007e-9
2.29759008347768e-9
2.46886017407479e-9
2.64871061570269e-9
2.83535161386031e-9
3.02700205971031e-9
3.22193403138818e-9
3.41851013136622e-9
3.61521239243217e-9
3.81066248136802e-9
4.00363369272445e-9
4.19305572091562e-9
4.37801347021327e-9
4.55774123351158e-9
4.73161352393830e-9
4.89913369682277e-9
5.05992132578855e-9
5.21369909925968e-9
5.36027982439178e-9
5.49955395572722e-9
5.63147793356687e-9
5.75606350116161e-9
5.87336808412468e-9
5.98348625295994e-9
6.08654224355744e-9
6.18268347604962e-9
6.27207500235952e-9
6.35489479282106e-9
6.43132977657941e-9
6.50157254787260e-9
6.56581865269549e-9
6.62426438304393e-9
6.67710500234847e-9
6.72453334338339e-9
6.76673871891118e-9
6.80390609733711e-9
6.83621550003160e-9
6.86384158294506e-9
6.88695336914291e-9
6.90571410852679e-9
6.92028123768401e-9
6.93080642316125e-9
6.93743567049338e-9
6.94030948543416e-9
6.93956307695472e-9
6.93532659098668e-9
6.92772536917216e-9
6.91688022417566e-9
6.90290772890118e-9
6.88592051267007e-9
6.86602756453513e-9
6.84333453744947e-9
6.81794405438426e-9
6.78995601307780e-9
6.75946788980874e-9
6.72657503920172e-9
6.69137099209335e-9
6.65394775006253e-9
6.61439607545588e-9
6.57280577914528e-9
6.52926600453239e-9
6.48386550854649e-9
6.43669294002057e-9
6.38783711579883e-9
6.33738729417987e-9
6.28543344815779e-9
6.23206653586844e-9
6.17737877121344e-9
6.12146389410199e-9
6.06441743985744e-9
6.00633700980143e-9
5.94732254129355e-9
5.88747658017066e-9
5.82690455221353e-9
5.76571503732351e-9
5.70402004369172e-9
5.64193528379916e-9
5.57958045097915e-9
5.51707949650799e-9
5.45456090761328e-9
5.39215798451156e-9
5.33000911715791e-9
5.26825806009688e-9
5.20705420399552e-9
5.14655284423178e-9
5.08691544302936e-9
5.02830988441428e-9
4.97091071998029e-9
4.91489940268415e-9
4.86046450571048e-9
4.80780192393292e-9
4.75711505314376e-9
4.70861494360428e-9
4.66252042428481e-9
4.61905818863805e-9
4.57846284107970e-9
4.54097689333436e-9
4.50685070491913e-9
4.47634235935064e-9
4.44971746630805e-9
4.42724888058386e-9
4.40921632545657e-9
4.39590590923994e-9
4.38760952182321e-9
4.38462409636640e-9
4.38725072150773e-9
4.39579358759844e-9
4.41055874941652e-9
4.43185268770444e-9
4.45998065087240e-9
4.49524475645278e-9
4.53794183449932e-9
4.58836099178174e-9
4.64678087940260e-9
4.71346664464912e-9
4.78866655208937e-9
4.87260825987179e-9
4.96549474087019e-9
5.06749984398997e-9
5.17876349433156e-9
5.29938654125884e-9
5.42942526907727e-9
5.56888559792700e-9
5.71771701306444e-9
5.87580627708233e-9
6.04297099440142e-9
6.21895311672727e-9
6.40341249973956e-9
6.59592064214099e-9
6.79595476479720e-9
7.00289241113582e-9
7.21600677646450e-9
7.43446300220912e-9
7.65731568953355e-9
7.88350791579626e-9
8.11187204894110e-9
8.34113266627344e-9
8.56991189325220e-9
8.79673745604323e-9
9.02005373809474e-9
9.23823607502976e-9
9.44960848295902e-9
9.65246492734586e-9
9.84509415231987e-9
1.00258079609521e-8
1.01929727076536e-8
1.03450435906067e-8
1.04806011655029e-8
1.05983893068141e-8
1.06973536536892e-8
1.07766793955227e-8
1.08358270810928e-8
1.08745650023420e-8
1.08929966142052e-8
1.08915814167994e-8
1.08711477768149e-8
1.08328962764608e-8
1.07783924092967e-8
1.07095477417779e-8
1.06285890582979e-8
1.05380154918430e-8
1.04405441692097e-8
1.03390454802128e-8
1.02364696502589e-8
1.01357668382065e-8
1.00398034557242e-8
9.95127776065663e-9
9.87263800592139e-9
9.80600647710253e-9
9.75311262811272e-9
9.71523821843642e-9
9.69317687475858e-9
9.68720987433853e-9
9.69709921010581e-9
9.72209819869267e-9
9.76097907078882e-9
9.81207621095227e-9
9.87334301906245e-9
9.94241979918186e-9
1.00167096806876e-8
1.00934593407164e-8
1.01698412554995e-8
1.02430343271122e-8
1.03103000151152e-8
1.03690515019856e-8
1.04169139163291e-8
1.04517741827819e-8
1.04718196288026e-8
1.04755650240437e-8
1.04618682275902e-8
1.04299350499507e-8
1.03793142866172e-8
1.03098841464194e-8
1.02218314637005e-8
1.01156251783490e-8
9.99198557397230e-9
9.85185071378264e-9
9.69634140959450e-9
9.52672591712004e-9
9.34438538470559e-9
9.15078090154495e-9
8.94742281693581e-9
8.73584281647310e-9
8.51756908976727e-9
8.29410476945119e-9
8.06690970157017e-9
7.83738549575941e-9
