2.45513231028304e-6
6.42359263344075e-8
5.89331281693339e-8
4.09506094894744e-8
2.95767523257265e-8
2.32867839156940e-8
2.11910124835216e-8
2.24838376503066e-8
2.64652790741740e-8
3.25392682119941e-8
4.02058467125314e-8
4.90501408531798e-8
5.87303176795396e-8
6.89659254204324e-8
7.95273835828794e-8
9.02269323099332e-8
1.00911061218006e-7
1.11454280668693e-7
1.21754033646133e-7
1.31726538263471e-7
1.41303372256578e-7
1.50428643416702e-7
1.59056623366337e-7
1.67149751241201e-7
1.74676937170225e-7
1.81612113081607e-7
1.87932991328272e-7
1.93620001192906e-7
1.98655380496203e-7
2.03022405386339e-7
2.06704746429673e-7
2.09685944129468e-7
2.11949002156928e-7
2.13476102400356e-7
2.14248452617445e-7
2.14246285267356e-7
2.13449035246802e-7
2.11835734708097e-7
2.09385674934572e-7
2.06079397669069e-7
2.01900090232317e-7
1.96835468025013e-7
1.90880230562765e-7
1.84039167209248e-7
1.76330957201739e-7
1.67792643642049e-7
1.58484648847749e-7
1.48496025683843e-7
1.37949401133704e-7
1.27004779328073e-7
1.15861084272467e-7
1.04754146295014e-7
9.39499397959103e-8
8.37324587176395e-8
7.43867898238912e-8
6.61795850397877e-8
5.93407034242451e-8
5.40503672779058e-8
5.04348719110233e-8
4.85706447407358e-8
4.84926265120384e-8
5.02009060837186e-8
5.36610082374498e-8
5.87976426740900e-8
6.54862752589630e-8
7.35486514228222e-8
8.27565674185974e-8
9.28443542420840e-8
1.03527145383498e-7
1.14520544650903e-7
1.25557813915065e-7
1.36402275539853e-7
1.46854305905852e-7
1.56753511044450e-7
1.65977280672702e-7
1.74437032282025e-7
1.82073282617606e-7
1.88850394256487e-7
1.94751551864528e-7
1.99774280550403e-7
2.03926643042023e-7
2.07224138046866e-7
2.09687255959193e-7
2.11339615751542e-7
2.12206596481776e-7
2.12314379305146e-7
2.11689325108762e-7
2.10357624949174e-7
2.08345173107143e-7
2.05677624575102e-7
2.02380609628226e-7
1.98480087633367e-7
1.94002830556298e-7
1.88977033876760e-7
1.83433059008457e-7
1.77404317076743e-7
1.70928309157404e-7
1.64047842875920e-7
1.56812449707683e-7
1.49280031115489e-7
1.41518764703625e-7
1.33609303232251e-7
1.25647298812310e-7
1.17746280711900e-7
1.10040906033363e-7
1.02690585442564e-7
9.58834574607521e-8
8.98406393887816e-8
8.48206139352904e-8
8.11235090735832e-8
7.90948834960440e-8
7.91284281895772e-8
8.16667223227469e-8
8.71988271350527e-8
9.62530609117982e-8
1.09382785726241e-7
1.27142502233174e-7
1.50051104460283e-7
1.78539003851421e-7
2.12876346603167e-7
2.53081259449415e-7
2.98810687601194e-7
3.49242731613207e-7
4.02969002509806e-7
4.57928050564011e-7
5.11424068926707e-7
5.60283265193549e-7
6.01194005235265e-7
6.31244076472675e-7
6.48600647370088e-7
6.53181816242238e-7
6.47076248198275e-7
6.34441253171525e-7
6.20715350681642e-7
6.11233602706980e-7
6.09645013846814e-7
6.16723388793029e-7
6.30076865881572e-7
6.44895518066290e-7
6.55424537553507e-7
6.56572630363260e-7
6.45096853922778e-7
6.20076595861619e-7
5.82711259266593e-7
5.35687326507267e-7
4.82410180827234e-7
4.26327788858121e-7
3.70462029398800e-7
3.17166282653958e-7
2.68068889041127e-7
2.24140027205047e-7
1.85822128515613e-7
1.53178098666691e-7
1.26028160254279e-7
1.04060264969127e-7
8.69091682097902e-8
7.42056058212755e-8
6.56004450167821e-8
6.07701446479682e-8
5.94100923145617e-8
6.12218693965630e-8
6.58995133781715e-8
7.31185739845401e-8
8.25303368195464e-8
9.37621635577461e-8
1.06423629104161e-7
1.20117165528024e-7
1.34451343640621e-7
1.49054757750490e-7
1.63588675749473e-7
1.77757067946092e-7
1.91313202630293e-7
2.04062570089604e-7
2.15862376847483e-7
2.26618186647724e-7
2.36278462505155e-7
2.44827802968747e-7
2.52279600689574e-7
2.58668722451399e-7
2.64044653223201e-7
2.68465390559941e-7
2.71992237940101e-7
2.74685535573129e-7
2.76601287484292e-7
2.77788592088234e-7
2.78287755666075e-7
2.78128958929066e-7
2.77331351231776e-7
2.75902461056589e-7
2.73837832417119e-7
2.71120823564268e-7
2.67722537231981e-7
2.63601892507357e-7
2.58705901112993e-7
2.52970281284727e-7
2.46320638182278e-7
2.38674570203589e-7
2.29945234057070e-7
2.20047120218482e-7
2.08905038313902e-7
1.96467530471690e-7
1.82725978040056e-7
1.67740259088429e-7
1.51670472835089e-7
1.34811342381448e-7
1.17621002466383e-7
1.00729696513114e-7
8.49099723944135e-8
7.09956087078357e-8
5.97591563111063e-8
5.17926195638872e-8
4.74520875613238e-8
4.68876508143789e-8
5.01017206288884e-8
5.69527057042507e-8
6.70970538186005e-8
7.99497844061434e-8
9.47313113841849e-8
1.10586783101277e-7
1.26714703216098e-7
1.42454771552535e-7
1.57322087191558e-7
1.71000284865494e-7
1.83312924979591e-7
1.94188524217533e-7
2.03628103450560e-7
2.11678929886718e-7
2.18415042312636e-7
2.23923714471713e-7
2.28296565718012e-7
2.31624065039237e-7
2.33992394237437e-7
2.35481888305673e-7
2.36166493312481e-7
2.36113856648469e-7
2.35385792805171e-7
2.34038958451328e-7
2.32125632533917e-7
2.29694538678403e-7
2.26791674393791e-7
2.23461129103715e-7
2.19745884032273e-7
2.15688593633077e-7
2.11332352057805e-7
2.06721450006119e-7
2.01902127842482e-7
1.96923330390251e-7
1.91837467466593e-7
1.86701182084724e-7
1.81576125136039e-7
1.76529731123587e-7
1.71635983857476e-7
1.66976153507581e-7
1.62639476580343e-7
1.58723737643437e-7
1.55335695335645e-7
1.52591274664279e-7
1.50615422264736e-7
1.49541490803605e-7
1.49509983225845e-7
1.50666448212205e-7
1.53158277686446e-7
1.57130120582969e-7
1.62717602979672e-7
1.70039046552061e-7
1.79184924688814e-7
1.90204915165440e-7
2.03092633309910e-7
2.17768497369809e-7
2.34061722252596e-7
2.51693175926950e-7
2.70261742269625e-7
2.89237822502641e-7
3.07968476364873e-7
3.25699121391735e-7
3.41616209754315e-7
3.54913355528597e-7
3.64879557666889e-7
3.71002396573301e-7
3.73072037313085e-7
3.71265205557828e-7
3.66184622041359e-7
3.58831641075636e-7
3.50500084207240e-7
3.42597064261624e-7
3.36418002233905e-7
3.32921019340917e-7
3.32552768066956e-7
3.35168904176662e-7
3.40069137440655e-7
3.46136675850939e-7
3.52045531748447e-7
3.56485449371696e-7
3.58356394741818e-7
3.56899526611416e-7
3.51752254458261e-7
3.42933969883068e-7
3.30781438945255e-7
3.15857311937046e-7
2.98853186904150e-7
