3.56943632442831e-6
8.37826593734949e-8
7.67282216530893e-8
5.16706286227577e-8
3.76114228387238e-8
3.17740430403316e-8
3.25008779955033e-8
3.83412499870441e-8
4.80747650834062e-8
6.06942825297309e-8
7.53797025259195e-8
9.14688959803650e-8
1.08429845943770e-7
1.25836055986668e-7
1.43345906919494e-7
1.60685837439962e-7
1.77636842496008e-7
1.94023672975318e-7
2.09706156846977e-7
2.24572159337320e-7
2.38531808293773e-7
2.51512706569462e-7
2.63455928509366e-7
2.74312652886502e-7
2.84041324121572e-7
2.92605261868497e-7
2.99970660334597e-7
3.06104936225970e-7
3.10975400400379e-7
3.14548244980896e-7
3.16787856232638e-7
3.17656485112861e-7
3.17114332958744e-7
3.15120140095291e-7
3.11632400248269e-7
3.06611362635390e-7
3.00022023524553e-7
2.91838343071426e-7
2.82048939384670e-7
2.70664488680960e-7
2.57726966092864e-7
2.43320650776657e-7
2.27584437639671e-7
2.10724398226880e-7
1.93024709691044e-7
1.74854123195342e-7
1.56664363368201e-7
1.38976785148930e-7
1.22355000031706e-7
1.07364591662849e-7
9.45261615784260e-8
8.42728160795991e-8
7.69243099629123e-8
7.26843821466100e-8
7.16563821564161e-8
7.38619117708640e-8
7.92464986237451e-8
8.76674811595829e-8
9.88742996591806e-8
1.12498586976027e-7
1.28066227053475e-7
1.45031445672644e-7
1.62823079557387e-7
1.80890313830812e-7
1.98738366076054e-7
2.15950068343121e-7
2.32193938913594e-7
2.47221901645841e-7
2.60860489133126e-7
2.72998895633411e-7
2.83576324325229e-7
2.92570143218745e-7
2.99985624450268e-7
3.05847536243967e-7
3.10193553977506e-7
3.13069301968008e-7
3.14524778844490e-7
3.14611916771090e-7
3.13383051031181e-7
3.10890114711244e-7
3.07184413860266e-7
3.02316876873410e-7
2.96338705873189e-7
2.89302387404576e-7
2.81263045092176e-7
2.72280138891109e-7
2.62419534950622e-7
2.51755987531463e-7
2.40376090292090e-7
2.28381768574873e-7
2.15894396682074e-7
2.03059633194679e-7
1.90053071111369e-7
1.77086794157242e-7
1.64416910331522e-7
1.52352089871732e-7
1.41263054496465e-7
1.31592829558045e-7
1.23867355130045e-7
1.18705721641591e-7
1.16828806696107e-7
1.19064390480520e-7
1.26345864443447e-7
1.39700383620913e-7
1.60220757798437e-7
1.89013653430163e-7
2.27115127183533e-7
2.75363850444711e-7
3.34223910613661e-7
4.03554857786763e-7
4.82339537239599e-7
5.68403235299224e-7
6.58192233265646e-7
7.46722287543606e-7
8.27843381215217e-7
8.94965942472145e-7
9.42311197048235e-7
9.66546415358560e-7
9.68359933397094e-7
9.53247078940850e-7
9.30758875839328e-7
9.11938987853177e-7
9.05595445103863e-7
9.14931848310607e-7
9.36194347671749e-7
9.60075529787301e-7
9.75175582617318e-7
9.71842491065754e-7
9.44794248358034e-7
8.93822676843742e-7
8.22864320818043e-7
7.38249327348812e-7
6.46926723839368e-7
5.55152027207642e-7
4.67779873724294e-7
3.88076171589973e-7
3.17872147378887e-7
2.57884709999036e-7
2.08072748139734e-7
1.67951612698533e-7
1.36830868468097e-7
1.13968977841925e-7
9.86547460058002e-8
9.02327997983264e-8
8.80924055360082e-8
9.16378068588636e-8
1.00255284706442e-7
1.13288058256751e-7
1.30025529146948e-7
1.49708813621457e-7
1.71550625192588e-7
1.94764879210377e-7
2.18600157334848e-7
2.42371338770781e-7
2.65484937248944e-7
2.87455481397460e-7
3.07912141847630e-7
3.26596360322375e-7
3.43352269812467e-7
3.58112175588279e-7
3.70879380846702e-7
3.81710334373977e-7
3.90697604432178e-7
3.97954670179414e-7
4.03603055769210e-7
4.07761959058011e-7
4.10540260831908e-7
4.12030635259373e-7
4.12305400444313e-7
4.11413729319037e-7
4.09379866855818e-7
4.06202055939271e-7
4.01851952931813e-7
3.96274413678115e-7
3.89387656677620e-7
3.81083975737986e-7
3.71231401014274e-7
3.59677024998304e-7
3.46253153587031e-7
3.30788040778356e-7
3.13123708150660e-7
2.93144116145988e-7
2.70817366666828e-7
2.46254810921035e-7
2.19786297632982e-7
1.92042022810823e-7
1.64015900029736e-7
1.37066337759664e-7
1.12803152809638e-7
9.28431604007930e-8
7.85080444161265e-8
7.06278152558481e-8
6.95616871246002e-8
7.53272996711223e-8
8.76086783182002e-8
1.05620685347971e-7
1.28057247840765e-7
1.53271597975806e-7
1.79590246364102e-7
2.05579911608404e-7
2.30177566122210e-7
2.52697335565955e-7
2.72768371005626e-7
2.90251327191552e-7
3.05160780222877e-7
3.17604177887343e-7
3.27738433149170e-7
3.35741302220295e-7
3.41793763107689e-7
3.46069999696221e-7
3.48732373521152e-7
3.49929524994940e-7
3.49796354208037e-7
3.48455073944663e-7
3.46016831784445e-7
3.42583599532460e-7
3.38250157829188e-7
3.33106085202708e-7
3.27237710735646e-7
3.20730019092613e-7
3.13668513368782e-7
3.06141049590424e-7
2.98239659641736e-7
2.90062378472063e-7
2.81715087378157e-7
2.73313378045581e-7
2.64984431490133e-7
2.56868891224938e-7
2.49122689550144e-7
2.41918758243666e-7
2.35448517863419e-7
2.29922991066385e-7
2.25573321981574e-7
2.22650403548878e-7
2.21423216173669e-7
2.22175364915312e-7
2.25199173545279e-7
2.30786564444621e-7
2.39215847219022e-7
2.50733497136309e-7
2.65530091628614e-7
2.83709882721815e-7
3.05254139131676e-7
3.29979537939760e-7
3.57494656723351e-7
3.87160074186372e-7
4.18060612446472e-7
4.49001397810150e-7
4.78541734542116e-7
5.05080742038195e-7
5.27004301349213e-7
5.42892183562374e-7
5.51766598807808e-7
5.53340910799528e-7
5.48206156736450e-7
5.37883549254287e-7
5.24684517634102e-7
5.11361994931402e-7
5.00601200799180e-7
4.94463692890947e-7
4.93934946836910e-7
4.98709829830514e-7
5.07281216231943e-7
5.17300836305395e-7
5.26099019447476e-7
5.31214367730898e-7
5.30803989149621e-7
5.23862578930038e-7
5.10244982237225e-7
4.90536861808409e-7
4.65840580380720e-7
4.37540900732890e-7
