7.51593993826434e-6
1.36023591969702e-7
1.25535296321279e-7
8.27199313681947e-8
6.91216942507371e-8
7.58893437086768e-8
9.75860989283521e-8
1.29818110378265e-7
1.69144575998527e-7
2.12909517615176e-7
2.59077788342663e-7
3.06094624719106e-7
3.52773319428768e-7
3.98208485186154e-7
4.41709846606765e-7
4.82751471879196e-7
5.20932314554972e-7
5.55945048654335e-7
5.87551106250364e-7
6.15560493292021e-7
6.39815408096558e-7
6.60176988019954e-7
6.76514726878946e-7
6.88698286259501e-7
6.96591601054468e-7
7.00049377483524e-7
6.98916318568230e-7
6.93029702151743e-7
6.82226286790573e-7
6.66354922644103e-7
6.45296653856870e-7
6.18994404949736e-7
5.87494316843954e-7
5.51000028881769e-7
5.09939056210684e-7
4.65036092096238e-7
4.17380973259691e-7
3.68469702625060e-7
3.20188562532789e-7
2.74711451529240e-7
2.34299629192276e-7
2.01036214267901e-7
1.76579194704201e-7
1.62032065617189e-7
1.57968406366428e-7
1.64532044217988e-7
1.81478045496095e-7
2.08100838533880e-7
2.43137768825623e-7
2.84783421007916e-7
3.30863615209847e-7
3.79104400978085e-7
4.27390397949309e-7
4.73940144615701e-7
5.17381139286777e-7
5.56744762586181e-7
5.91413500841825e-7
6.21048915330806e-7
6.45519191837642e-7
6.64836080269283e-7
6.79104750130140e-7
6.88486512149524e-7
6.93172723906566e-7
6.93367725380783e-7
6.89278769763939e-7
6.81111278244671e-7
6.69068169791942e-7
6.53352414134291e-7
6.34172299285409e-7
6.11749192526290e-7
5.86327815033825e-7
5.58189257191435e-7
5.27667143730183e-7
4.95167519779646e-7
4.61193167427272e-7
4.26373162018011e-7
3.91498504328330e-7
3.57564556399803e-7
3.25820658394476e-7
2.97826537904088e-7
2.75513671007120e-7
2.61247211774918e-7
2.57879903076343e-7
2.68782776156848e-7
2.97827619936205e-7
3.49282564325484e-7
4.27565082461178e-7
5.36779265855348e-7
6.79954778803170e-7
8.57921481457322e-7
1.06782811482566e-6
1.30148997538986e-6
1.54406655925079e-6
1.77399801835653e-6
1.96546764108599e-6
2.09442591775539e-6
2.14775337235568e-6
2.13226378941501e-6
2.07738820900699e-6
2.02595130790389e-6
2.01415330735163e-6
2.05153970812045e-6
2.11494231349742e-6
2.16126658912473e-6
2.14992491937075e-6
2.06020526838446e-6
1.89551950601836e-6
1.67664806684389e-6
1.43105228939886e-6
1.18409790195598e-6
9.54449974503964e-7
7.53166366730943e-7
5.84974046827311e-7
4.50318108547124e-7
3.47292264785273e-7
2.73054038675814e-7
2.24653829258208e-7
1.99374351101987e-7
1.94739429281190e-7
2.08355377499621e-7
2.37721925100336e-7
2.80107275326212e-7
3.32532955403059e-7
3.91868186645684e-7
4.54999723670846e-7
5.19027251346736e-7
5.81436519873326e-7
6.40217157780498e-7
6.93911735893466e-7
7.41600186685861e-7
7.82835060442246e-7
8.17547501959754e-7
8.45942696196880e-7
8.68399196898254e-7
8.85381196309434e-7
8.97367906969098e-7
9.04800541882175e-7
9.08045050937765e-7
9.07367620725294e-7
9.02919668630110e-7
8.94729368794818e-7
8.82697429774643e-7
8.66595808863238e-7
8.46069331490602e-7
8.20641962062716e-7
7.89732072514536e-7
7.52684941119296e-7
7.08836349571461e-7
6.57628490002874e-7
5.98806515419208e-7
5.32724081061170e-7
4.60762341310712e-7
3.85790009063218e-7
3.12439996963276e-7
2.46813336945886e-7
1.95310735657295e-7
1.62970000133909e-7
1.52506932027050e-7
1.64630400316423e-7
1.98334249030873e-7
2.50279403743411e-7
3.14704468792294e-7
3.84827898030817e-7
4.54623198991149e-7
5.19788685622859e-7
5.77819070538648e-7
6.27614105649749e-7
6.68998168311193e-7
7.02324791126532e-7
7.28204926420897e-7
7.47340721788365e-7
7.60433559351599e-7
7.68139149134270e-7
7.71050350842907e-7
7.69695342975689e-7
7.64543716258344e-7
7.56016273012245e-7
7.44496267283824e-7
7.30340963181173e-7
7.13893033878647e-7
6.95491673208004e-7
6.75483468276787e-7
6.54233156570655e-7
6.32134402931501e-7
6.09620698811996e-7
5.87176412465205e-7
5.65347898335007e-7
5.44754392358874e-7
5.26098154381217e-7
5.10172938509453e-7
4.97869339386328e-7
4.90174836298515e-7
4.88165404465282e-7
4.92984378205254e-7
5.05802895362969e-7
5.27754919837713e-7
5.59838954643232e-7
6.02778911439501e-7
6.56839485733888e-7
7.21598652820125e-7
7.95693759033104e-7
8.76579927938723e-7
9.60369751481241e-7
1.04185597330110e-6
1.11483981540684e-6
1.17287180215051e-6
1.21042855733525e-6
1.22437899399130e-6
1.21536079258581e-6
1.18849083940661e-6
1.15283391709217e-6
1.11939240611374e-6
1.09802393444792e-6
1.09434670783917e-6
1.10791186131773e-6
1.13245409714374e-6
1.15808303831137e-6
1.17441901792916e-6
1.17340739197782e-6
1.15092495083530e-6
1.10697360904367e-6
1.04481750280507e-6
