3.21260906175097e-5
3.36793588490272e-7
3.46444913365365e-7
3.88040311184892e-7
5.83344267056856e-7
8.65983877350575e-7
1.19196643281145e-6
1.53226350798453e-6
1.86731755947183e-6
2.18402676824830e-6
2.47362760060302e-6
2.73024942618321e-6
2.94989252322939e-6
3.12968774310948e-6
3.26735591798144e-6
3.36081974804716e-6
3.40794407535109e-6
3.40640179354552e-6
3.35368806029138e-6
3.24733859151551e-6
3.08544887022715e-6
2.86763085546958e-6
2.59654891097444e-6
2.28006599344071e-6
1.93366316180614e-6
1.58205439876439e-6
1.25807162177013e-6
9.97162782015984e-7
8.28880090149337e-7
7.70866305591067e-7
8.28881083240378e-7
9.97948454410955e-7
1.26012488782523e-6
1.58460900839363e-6
1.93487430397445e-6
2.27788207625829e-6
2.58942437551357e-6
2.85479554752514e-6
3.06688904944103e-6
3.22369402005880e-6
3.32617736836297e-6
3.37681148002254e-6
3.37868136420080e-6
3.33502030410031e-6
3.24903877505469e-6
3.12395409557843e-6
2.96316987135154e-6
2.77058791151796e-6
2.55106171546584e-6
2.31102214358780e-6
2.05932362664197e-6
1.80837129710703e-6
1.57558790596120e-6
1.38524525678213e-6
1.27057829998525e-6
1.27584548049302e-6
1.45746879655917e-6
1.88240548708494e-6
2.62034518689229e-6
3.72450232002160e-6
5.19544335749831e-6
6.92853185621956e-6
8.66692095970507e-6
1.00217398173902e-5
1.06436977124419e-5
1.05298504874059e-5
1.01745934782523e-5
1.01835058358974e-5
1.05982072338920e-5
1.08207970703710e-5
1.02790376494349e-5
8.92896847662625e-6
7.13725232137949e-6
5.32745051293199e-6
3.77351262184558e-6
2.58046280331547e-6
1.74732890885116e-6
1.23120155674657e-6
9.83977329138327e-7
9.63497586643008e-7
1.13049132327738e-6
1.44248470639890e-6
1.85159656155531e-6
2.30782463206053e-6
2.76540132959117e-6
3.18856753806880e-6
3.55435392841278e-6
3.85202851292105e-6
4.08030326665065e-6
4.24375237815292e-6
4.34952840444076e-6
4.40489149626545e-6
4.41561695847689e-6
4.38510872161062e-6
4.31398171545728e-6
4.19991639395499e-6
4.03768936722635e-6
3.81944307029898e-6
3.53551926859493e-6
3.17662606474646e-6
2.73875222202751e-6
2.23260506764837e-6
1.69731242915344e-6
1.20948901263270e-6
8.66918687412868e-7
7.44416423901262e-7
8.69532970909013e-7
1.21758137259766e-6
1.69899623319728e-6
2.20494048155766e-6
2.66177599133686e-6
3.03690087541747e-6
3.32387930064408e-6
3.52864605273098e-6
3.66134042369442e-6
3.73247152654039e-6
3.75148436627390e-6
3.72645887563696e-6
3.66427980900590e-6
3.57097305539901e-6
3.45208406610722e-6
3.31305705514628e-6
3.15960874842945e-6
2.99810283808546e-6
2.83593211254216e-6
2.68190810899632e-6
2.54664221662525e-6
2.44287323094580e-6
2.38564720865436e-6
2.39217683895491e-6
2.48109206885371e-6
2.67064752861142e-6
2.97532193672310e-6
3.40026696182125e-6
3.93352998176815e-6
4.53734593229315e-6
5.14245118820671e-6
5.65278417205433e-6
5.96915811148515e-6
6.03357364062293e-6
5.87651238712094e-6
5.62774811917577e-6
5.45746144539651e-6
5.46944270566973e-6
5.62883881625587e-6
5.79018969125109e-6
5.79838405529407e-6
5.57496464727208e-6
