3.01899720787845e-5
3.20411105528072e-7
3.27563063754886e-7
3.52577909033705e-7
5.22360613987326e-7
7.75348931327247e-7
1.07106573650919e-6
1.38252699767569e-6
1.69143136460913e-6
1.98543183234992e-6
2.25621111026836e-6
2.49816489908655e-6
2.70747056020915e-6
2.88141115700045e-6
3.01787908592728e-6
3.11501505606730e-6
3.17095826878737e-6
3.18370077703108e-6
3.15105838634402e-6
3.07079540830407e-6
2.94097236775629e-6
2.76062036364251e-6
2.53086502426222e-6
2.25657817944988e-6
1.94843027431187e-6
1.62473197500355e-6
1.31172486125955e-6
1.04062101674245e-6
8.41071478707022e-7
7.34261487357291e-7
7.30431019650966e-7
8.30296079860335e-7
1.02465887090882e-6
1.29241634010705e-6
1.60321383305544e-6
1.92506615004558e-6
2.23133364794597e-6
2.50367716561219e-6
2.73160874794179e-6
2.91053600608821e-6
3.03966792860496e-6
3.12036427750066e-6
3.15502982175612e-6
3.14646311213598e-6
3.09753312982207e-6
3.01107994147804e-6
2.88997138246575e-6
2.73728035268234e-6
2.55657328217276e-6
2.35232088623305e-6
2.13045925862951e-6
1.89914324282357e-6
1.66974282457739e-6
1.45812995687994e-6
1.28627131180384e-6
1.18404837120575e-6
1.19100757693062e-6
1.35729629523172e-6
1.74222507891850e-6
2.40761718373507e-6
3.40161272468950e-6
4.72826492938781e-6
6.30296744517530e-6
7.91036458278601e-6
9.21328501022278e-6
9.88389726967584e-6
9.86134947415545e-6
9.52471865351285e-6
9.44101657178930e-6
9.77556559762373e-6
1.00805078798147e-5
9.78426706225580e-6
8.72276933076396e-6
7.15497060894181e-6
5.46887057838643e-6
3.95458571695338e-6
2.74801561945553e-6
1.87247087450152e-6
1.29793859596330e-6
9.81412243498153e-7
8.83477474309011e-7
9.69069209912560e-7
1.20231256754185e-6
1.54280839187855e-6
1.94650351671176e-6
2.37033983835383e-6
2.77780171119959e-6
3.14269814208977e-6
3.45007070860936e-6
3.69464603988226e-6
3.87798571391304e-6
4.00544467615829e-6
4.08362743129212e-6
4.11858857345590e-6
4.11472958433236e-6
4.07421371783020e-6
3.99670725560737e-6
3.87930873616074e-6
3.71662427776906e-6
3.50109790361907e-6
3.22395802191886e-6
2.87755935297030e-6
2.46044277143093e-6
1.98649364865472e-6
1.49696544919062e-6
1.06555097566061e-6
7.78647566723441e-7
6.96398868819338e-7
8.37194963772948e-7
1.17262816532761e-6
1.61927605936194e-6
2.08212363536939e-6
2.49828350531623e-6
2.84015162624334e-6
3.10248267025342e-6
3.29064498506050e-6
3.41365264300857e-6
3.48085930572784e-6
3.50070005859262e-6
3.48041241551668e-6
3.42617111903597e-6
3.34337268245094e-6
3.23695961324005e-6
3.11174631497195e-6
2.97273980042152e-6
2.82545984611398e-6
2.67626481144717e-6
2.53268448237401e-6
2.40374975249541e-6
2.30028783092881e-6
2.23511571171749e-6
2.22300675080940e-6
2.28021868947525e-6
2.42325708789344e-6
2.66643100035179e-6
3.01772042295433e-6
3.47270644667222e-6
4.00714270350377e-6
4.57053963011834e-6
5.08584301236219e-6
5.46243615893701e-6
5.62737005499095e-6
5.56810111397437e-6
5.36082034723366e-6
5.14956574786393e-6
5.06819977358697e-6
5.15321695202562e-6
5.32001153401967e-6
5.42366124743204e-6
5.34919135142389e-6
5.06279341335440e-6
4.60528391688648e-6
