5.91725638230554e-5
6.62001132290315e-7
6.95251001076361e-7
1.10766406522485e-6
1.76873853330447e-6
2.55201020037381e-6
3.36005465254867e-6
4.13569801061718e-6
4.84305660299449e-6
5.45987482960725e-6
5.97211235670453e-6
6.37030378852804e-6
6.64706083206303e-6
6.79541517706024e-6
6.80788015387794e-6
6.67629015942029e-6
6.39270957132006e-6
5.95200218896676e-6
5.35692922795686e-6
4.62651396982121e-6
3.80689673889265e-6
2.97963852621377e-6
2.25645771110109e-6
1.75144423288682e-6
1.54454408582784e-6
1.66759028603539e-6
2.10628513854002e-6
2.79112330078489e-6
3.60646351332695e-6
4.43241781285166e-6
5.17955521625242e-6
5.79657843684130e-6
6.26191243507790e-6
6.57217596316718e-6
6.73323208426362e-6
6.75471238365492e-6
6.64724736363133e-6
6.42148091905590e-6
6.08823235879414e-6
5.65948576509669e-6
5.15013802859782e-6
4.58062970105345e-6
3.98073584954186e-6
3.39490042245240e-6
2.88948572049089e-6
2.56196793363875e-6
2.55094572174090e-6
3.04283681032560e-6
4.26466776150684e-6
6.44097528564792e-6
9.68008758638514e-6
1.37640112014297e-5
1.79114915440651e-5
2.08343750302297e-5
2.15869271294818e-5
2.08960097586889e-5
2.08051805655944e-5
2.17976106268777e-5
2.18786101023479e-5
1.95454203117012e-5
1.54252939036382e-5
1.09943701543103e-5
7.27134741106443e-6
4.59597625126358e-6
2.91776251496598e-6
2.07311460820142e-6
1.90816375099882e-6
2.28817947364435e-6
3.07003553327801e-6
4.09081855051157e-6
5.18560847701020e-6
6.21740354952622e-6
7.09722277139984e-6
7.78561532966992e-6
8.28039180537935e-6
8.59991022039532e-6
8.76868072797144e-6
8.80777752319143e-6
8.72966012201753e-6
8.53594826436754e-6
8.21683220191863e-6
7.75157858017829e-6
7.11095659743189e-6
6.26484597276942e-6
5.20227751420362e-6
3.97377627202208e-6
2.75004799079624e-6
1.82757952226672e-6
1.48867348197683e-6
1.85573525300049e-6
2.82042279833942e-6
4.02180343900046e-6
5.14400480470233e-6
6.04921509338499e-6
6.71024558296664e-6
7.14746957930789e-6
7.39432649848229e-6
7.48348311443931e-6
7.44291113676799e-6
7.29592215314927e-6
7.06252849240538e-6
6.76114108150739e-6
6.41030774598700e-6
6.03045538019384e-6
5.64567178594736e-6
5.28554068492748e-6
4.98694032832318e-6
4.79549661259452e-6
4.76597005401503e-6
4.96015514671514e-6
5.43984312489818e-6
6.25132289123152e-6
7.39795186919040e-6
8.80149019079702e-6
1.02659346602870e-5
1.14812261760710e-5
1.21216874168572e-5
1.20539353046941e-5
1.15265495012926e-5
1.10830215053110e-5
1.11244522699713e-5
1.15267038520212e-5
1.17735023431850e-5
1.14352915592178e-5
