5.34303567314733e-5
5.75053461639030e-7
6.06277716546176e-7
9.19875986319195e-7
1.46708515533138e-6
2.13265206364502e-6
2.83105329375483e-6
3.51096345852072e-6
4.13975685123196e-6
4.69692747092383e-6
5.16946828678745e-6
5.54875087372717e-6
5.82835988221628e-6
6.00261160909915e-6
6.06562518496103e-6
6.01093653417460e-6
5.83179161743247e-6
5.52244906071258e-6
5.08104483144461e-6
4.51468232314005e-6
3.84697311265345e-6
3.12639378290174e-6
2.42988932943123e-6
1.85275655874840e-6
1.48227720612943e-6
1.37248538759463e-6
1.53974495902469e-6
1.96355654505961e-6
2.57919449178359e-6
3.28971596547195e-6
3.99948411428175e-6
4.63853177582714e-6
5.16687504143525e-6
5.56764215354180e-6
5.83820207965765e-6
5.98327898437728e-6
6.01067989155281e-6
5.92907846560912e-6
5.74717307628710e-6
5.47373526422870e-6
5.11829260358692e-6
4.69237399313092e-6
4.21138674421454e-6
3.69730745706408e-6
3.18245319271703e-6
2.71462105170421e-6
2.36373310255393e-6
2.22953638935266e-6
2.44833587644994e-6
3.19321103760905e-6
4.65548110814550e-6
6.98562637548310e-6
1.01674517464672e-5
1.38293728410655e-5
1.71176221792968e-5
1.89624071239960e-5
1.89965218955323e-5
1.83575195447499e-5
1.86080854214361e-5
1.94702279275380e-5
1.91390788603056e-5
1.67632505925598e-5
1.30963331599422e-5
9.32723488650524e-6
6.20801735657757e-6
3.96999879740088e-6
2.55923279781475e-6
1.84212082517721e-6
1.69427056963228e-6
2.00628853817580e-6
2.66239248616177e-6
3.53075478147118e-6
4.47602637697072e-6
5.38241615167138e-6
6.17082169743249e-6
6.80216893088638e-6
7.26936454386421e-6
7.58458703421388e-6
7.76746806825778e-6
7.83667132481059e-6
7.80499433815783e-6
7.67704015690689e-6
7.44839575790985e-6
7.10567312180027e-6
6.62755315550130e-6
5.98832659578164e-6
5.16780634877812e-6
4.17456043933294e-6
3.08751075475081e-6
2.09487497465181e-6
1.45490493447690e-6
1.35771023636714e-6
1.84858947401686e-6
2.76891881936430e-6
3.80940573460383e-6
4.74722630262271e-6
5.49284505732293e-6
6.03399948020072e-6
6.39036905977117e-6
6.58975450253978e-6
6.65866749151754e-6
6.61975336707144e-6
6.49195197740564e-6
6.29158276196290e-6
6.03366411340675e-6
5.73325715156208e-6
5.40680784169943e-6
5.07351469984441e-6
4.75673685813435e-6
4.48539085661795e-6
4.29514326458099e-6
4.22894275646206e-6
4.33598455410704e-6
4.66751948145784e-6
5.26711914433825e-6
6.15266622350602e-6
7.28904432412348e-6
8.55721191316663e-6
9.73974441039826e-6
1.05601787582453e-5
1.08084782880463e-5
1.05163761296233e-5
1.00261111590256e-5
9.78601132171339e-6
9.97339556558989e-6
1.03331043059596e-5
1.04229231503004e-5
9.97450727120924e-6
