6.53022171759079e-5
7.67190738480781e-7
8.00012867749620e-7
1.32879960990127e-6
2.11902999584596e-6
3.03345304697052e-6
3.96167229476834e-6
4.84038007050250e-6
5.63034027837770e-6
6.30751489596323e-6
6.85675433083204e-6
7.26757900259510e-6
7.53132987847912e-6
7.63936113692617e-6
7.58219042806621e-6
7.34979721135589e-6
6.93362407919681e-6
6.33126720643294e-6
5.55506290024296e-6
4.64486416130452e-6
3.68139452259133e-6
2.78870128113225e-6
2.10997233055442e-6
1.76061280483382e-6
1.79772731137747e-6
2.22018247622784e-6
2.95990516595138e-6
3.88366051835722e-6
4.84182517667151e-6
5.71834849640099e-6
6.44535148902889e-6
6.99371549046589e-6
7.35818412500946e-6
7.54556250819223e-6
7.56751594703817e-6
7.43697412975388e-6
7.16689239143369e-6
6.77051576752162e-6
6.26272954043620e-6
5.66242581798447e-6
4.99608002825353e-6
4.30293933015940e-6
3.64235701542507e-6
3.10373219154860e-6
2.81885897401503e-6
2.97438513868212e-6
3.81680460148963e-6
5.63138355475308e-6
8.65869159653458e-6
1.28998640521119e-5
1.78078645413130e-5
2.20818858500396e-5
2.41710623610564e-5
2.38713916710914e-5
2.32663922826197e-5
2.41188864868394e-5
2.48605445901459e-5
2.30253793828116e-5
1.86494969531866e-5
1.34649585745073e-5
8.92331013794988e-6
5.59775627684901e-6
3.48542573167990e-6
2.39306089095832e-6
2.12770678486006e-6
2.52331822331282e-6
3.40664815828722e-6
4.57975330227908e-6
5.84123649550259e-6
7.02461949653102e-6
8.02393423539691e-6
8.79477104974596e-6
9.33772913076561e-6
9.67690312281794e-6
9.84204835047728e-6
9.85719509843409e-6
9.73481953847123e-6
9.47354425846765e-6
9.05775176695743e-6
8.45875546544585e-6
7.63938926212434e-6
6.56787758554780e-6
5.25259361412501e-6
3.80776232382023e-6
2.51604926143885e-6
1.75816974908870e-6
1.79366300462954e-6
2.64253357001211e-6
3.97270961996200e-6
5.32820487354511e-6
6.46577750244317e-6
7.31633686129646e-6
7.89203118124442e-6
8.23115084031798e-6
8.37426260312165e-6
8.35674655538995e-6
8.20800831197484e-6
7.95299065448972e-6
7.61430568700631e-6
7.21446464944432e-6
6.77811788855566e-6
6.33434605707907e-6
5.91902506322012e-6
5.57715193655180e-6
5.36471869848313e-6
5.34914704078954e-6
5.60630571217754e-6
6.21067905271153e-6
7.21380270935775e-6
8.60655568406968e-6
1.02680302541604e-5
1.19245160599953e-5
1.31763538420824e-5
1.36641374415589e-5
1.33556738869740e-5
1.27122297989831e-5
1.24033313439969e-5
1.26859815400010e-5
1.31437269866124e-5
1.31266117284279e-5
