0.000110621652098836
1.99816142761028e-6
1.91424759624993e-6
3.61603508347356e-6
5.56124323486188e-6
7.57875346211689e-6
9.45540213265285e-6
1.10867194345093e-5
1.24118447400632e-5
1.33940226624939e-5
1.40064523883047e-5
1.42238311684538e-5
1.40185259399837e-5
1.33622252999697e-5
1.22361538970025e-5
1.06553373278385e-5
8.71166246523512e-6
6.62653283079082e-6
4.76546453121365e-6
3.54116258417705e-6
3.24116711984545e-6
3.95047991384049e-6
5.52001593744451e-6
7.55487296306742e-6
9.61135022549873e-6
1.13861067150428e-5
1.27353857670275e-5
1.36202725109263e-5
1.40538737471392e-5
1.40690371735822e-5
1.37032974399175e-5
1.29945966743507e-5
1.19835649062833e-5
1.07207086983583e-5
9.27881186433304e-6
7.77232028187853e-6
6.38645421908124e-6
5.41838235390618e-6
5.32789643591246e-6
6.77756113439020e-6
1.05959202543296e-5
1.75050843186893e-5
2.73679579019619e-5
3.79869588789540e-5
4.49343102862128e-5
4.55909921529503e-5
4.46508820525356e-5
4.69924122230916e-5
4.68264356172931e-5
3.90765491561672e-5
2.75102427823165e-5
1.71211493131252e-5
9.88916668655036e-6
5.74237545176404e-6
4.06185039884988e-6
4.29502255593306e-6
5.94139813244911e-6
8.43162697610750e-6
1.11655661672500e-5
1.36587973817341e-5
1.56390324523242e-5
1.70320604764555e-5
1.78835417952133e-5
1.82790088286935e-5
1.82910638196457e-5
1.79537989417885e-5
1.72542174037243e-5
1.61326287601576e-5
1.44928296790333e-5
1.22396839956736e-5
9.38983305191022e-6
6.30361455497845e-6
3.87421584264138e-6
3.13218362514322e-6
4.54716333875417e-6
7.42102450567639e-6
1.03175984303261e-5
1.26087527003238e-5
1.41855400592863e-5
1.51231729837159e-5
1.55367462225646e-5
1.55310793263873e-5
1.51923359714664e-5
1.45926766594112e-5
1.37983138317879e-5
1.28782046989452e-5
1.19130211634700e-5
1.10045339773223e-5
1.02850674757974e-5
9.92510367658359e-6
1.01336580283658e-5
1.11395926422190e-5
1.31326903723770e-5
1.61379437473685e-5
1.98208106689496e-5
2.33263805009763e-5
2.54525534747891e-5
2.54801714699399e-5
2.42114088934382e-5
2.35693965623268e-5
2.43260291523444e-5
2.50523958476776e-5
