0.000106268963185088
1.84249454620244e-6
1.78004889390932e-6
3.34701193808585e-6
5.16808058956445e-6
7.07150799957125e-6
8.85445087500847e-6
1.04160606600269e-5
1.16973906936985e-5
1.26630261718267e-5
1.32877436268798e-5
1.35483922476153e-5
1.34198879757257e-5
1.28758455922962e-5
1.18962352282798e-5
1.04866211470403e-5
8.71380870849146e-6
6.75365266355365e-6
4.91711212534868e-6
3.58807308120155e-6
3.06999679438931e-6
3.48811977785016e-6
4.76838415809095e-6
6.60162714334330e-6
8.56936442970872e-6
1.03453599786857e-5
1.17551016157990e-5
1.27372561676059e-5
1.32919746060698e-5
1.34454174939633e-5
1.32314661464000e-5
1.26849289791519e-5
1.18416663052851e-5
1.07433889363592e-5
9.44679068762487e-6
8.03809596567575e-6
6.65515557758020e-6
5.51955837398313e-6
4.97922031767363e-6
5.55293931756360e-6
7.94192439758325e-6
1.29125533794069e-5
2.08613465204860e-5
3.08878972350916e-5
3.98545539429542e-5
4.36818875264240e-5
4.27055927711403e-5
4.30719540514683e-5
4.53505401808498e-5
4.24577860528793e-5
3.31821348448140e-5
2.23232533408517e-5
1.35360493673468e-5
7.78664233852469e-6
4.72013854080562e-6
3.76600367824610e-6
4.44735396099822e-6
6.29210071365692e-6
8.75768425747709e-6
1.13084187680300e-5
1.35474120354744e-5
1.52763776704212e-5
1.64620131932336e-5
1.71609590448876e-5
1.74525546621408e-5
1.73974491179818e-5
1.70186805435657e-5
1.62959613581487e-5
1.51672303064510e-5
1.35402315238248e-5
1.13332344063882e-5
8.58950783251314e-6
5.69967156353017e-6
3.53644915294779e-6
3.01974424811791e-6
4.50492605576808e-6
7.24724974394871e-6
9.95350881761833e-6
1.20845284559480e-5
1.35500749900188e-5
1.44225868444765e-5
1.48084207038161e-5
1.48041710613371e-5
1.44892989541263e-5
1.39303664548148e-5
1.31882932134252e-5
1.23261762890676e-5
1.14173385533122e-5
1.05537359926409e-5
9.85447401254940e-6
9.47289036447317e-6
9.59782400016968e-6
1.04393470374658e-5
1.21812556104219e-5
1.48768120198606e-5
1.82799344952965e-5
2.16830484320565e-5
2.39985547076360e-5
2.43995294868528e-5
2.33116607383043e-5
2.24318934796744e-5
2.28916664876212e-5
2.37691670655164e-5
2.33432153383980e-5
