0.000119647986845186
2.34807564284458e-6
2.21168277464924e-6
4.20704396830057e-6
6.41738417091387e-6
8.67573403053822e-6
1.07472617282440e-5
1.25202009409623e-5
1.39297551996187e-5
1.49361837950931e-5
1.55089685074290e-5
1.56177793935238e-5
1.52293803406048e-5
1.43122742642597e-5
1.28540190524035e-5
1.08987266665539e-5
8.60729512112705e-6
6.31370507024939e-6
4.49486425789567e-6
3.59218443287329e-6
3.83435626609142e-6
5.19194399863354e-6
7.31891584273475e-6
9.67703889426181e-6
1.18265658966356e-5
1.35307234460450e-5
1.47066257957967e-5
1.53540178954897e-5
1.55066910214233e-5
1.52080649511730e-5
1.45026589023421e-5
1.34370128360198e-5
1.20671097960075e-5
1.04721386886320e-5
8.77650963829648e-6
7.18348938549270e-6
6.02377116068837e-6
5.81716115529136e-6
7.32552268543084e-6
1.15191934070419e-5
1.92628454361727e-5
3.04094725254647e-5
4.23313230404207e-5
4.97910703408695e-5
5.01408641094016e-5
4.95024768122410e-5
5.23792035487190e-5
5.08048314810445e-5
4.06280570955856e-5
2.74415460037874e-5
1.64833671221940e-5
9.30306888309406e-6
5.50380162366418e-6
4.34410227156133e-6
5.20623619238248e-6
7.47972316276507e-6
1.04635811136164e-5
1.34818299695909e-5
1.60594356512936e-5
1.79847571634712e-5
1.92474975721946e-5
1.99338229816186e-5
2.01420833539851e-5
1.99358500188020e-5
1.93250584293076e-5
1.82623135976365e-5
1.66494676332341e-5
1.43664803551248e-5
1.13656750040985e-5
7.90320324416764e-6
4.83997048172976e-6
3.43023820094217e-6
4.46343372064284e-6
7.50773242699100e-6
1.08432227330891e-5
1.35394308831561e-5
1.54164153058369e-5
1.65442085372304e-5
1.70566183939097e-5
1.70781138475015e-5
1.67111612517826e-5
1.60411761913923e-5
1.51462876118141e-5
1.41080126618598e-5
1.30223245892778e-5
1.20112622838877e-5
1.12345679436686e-5
1.08986474754415e-5
1.12553087683121e-5
1.25737356831519e-5
1.50567278650480e-5
1.86682940359565e-5
2.28854573483121e-5
2.65542555163396e-5
2.82863018201487e-5
2.76748718662011e-5
2.62714332215540e-5
2.61916123966956e-5
2.73041657920080e-5
2.74311617743758e-5
