0.000102022810190299
1.69867828931940e-6
1.65485834989612e-6
3.09460977307456e-6
4.79700994595118e-6
6.59054145656783e-6
8.28234535240106e-6
9.77517234784539e-6
1.10119612362692e-5
1.19585551811940e-5
1.25911466180920e-5
1.28885160296519e-5
1.28279408188237e-5
1.23850474020320e-5
1.15394250471151e-5
1.02897262607213e-5
8.68281285663448e-6
6.85591070023367e-6
5.06874543499210e-6
3.66975285188505e-6
2.96852327913093e-6
3.12304733091793e-6
4.11822060571495e-6
5.72930979537258e-6
7.58056105191323e-6
9.33370170754990e-6
1.07852646956735e-5
1.18499251296218e-5
1.25130041895497e-5
1.27927423923733e-5
1.27188942558459e-5
1.23234188404347e-5
1.16385817722751e-5
1.06997349627843e-5
9.55187763210847e-6
8.26048157627952e-6
6.92810874580034e-6
5.71899142523970e-6
4.89319913934885e-6
4.84774913972113e-6
6.14771385412213e-6
9.49373556176697e-6
1.55013849773473e-5
2.41017214349177e-5
3.35690275253631e-5
4.02387745193621e-5
4.14133267441065e-5
4.02643534804816e-5
4.18838277333272e-5
4.28829384457631e-5
3.76205729742799e-5
2.78347828317556e-5
1.80742332695113e-5
1.07666308517363e-5
6.23756422670353e-6
4.02673654691431e-6
3.63439227372741e-6
4.63839485410198e-6
6.58792922677978e-6
8.97465899382343e-6
1.13295714188359e-5
1.33324767578244e-5
1.48426011561167e-5
1.58544495933452e-5
1.64291026432934e-5
1.66383734131541e-5
1.65323448930802e-5
1.61252794548578e-5
1.53918589090594e-5
1.42695404088401e-5
1.26711918042590e-5
1.05278096878567e-5
7.90359972476386e-6
5.20447495082560e-6
3.26654061361511e-6
2.90961909075955e-6
4.40399371264038e-6
7.00206266273078e-6
9.53758981332637e-6
1.15328271745154e-5
1.29084195497453e-5
1.37319717406477e-5
1.41016131729900e-5
1.41066316696541e-5
1.38205905123279e-5
1.33050441088492e-5
1.26160396297346e-5
1.18111378263318e-5
1.09566197900423e-5
1.01350006566009e-5
9.45268937512650e-6
9.04660062101279e-6
9.08624089387131e-6
9.76344748324902e-6
1.12552394124445e-5
1.36393089463039e-5
1.67505313204384e-5
2.00235149914121e-5
2.25002604336906e-5
2.32924235726802e-5
2.24745971731716e-5
2.14315231806401e-5
2.15361443272491e-5
2.24281483449163e-5
2.25082860886271e-5
2.08594811426987e-5
