9.78827825110811e-5
1.56599109945553e-6
1.53819297967326e-6
2.85807713885991e-6
4.44716574744209e-6
6.13495250937569e-6
7.73823169620559e-6
9.16332786064057e-6
1.03550410115383e-5
1.12804019419355e-5
1.19168757089681e-5
1.22449699577946e-5
1.22441310094136e-5
1.18920095645758e-5
1.11684560628017e-5
1.00672448569459e-5
8.61963052126734e-6
6.93064211658355e-6
5.21332245624652e-6
3.77659549953863e-6
2.92636269549715e-6
2.84692040353238e-6
3.56878877537549e-6
4.94355958629870e-6
6.65210461035352e-6
8.35753199917742e-6
9.83126716335553e-6
1.09631204271761e-5
1.17217412411952e-5
1.21160375078048e-5
1.21709270265462e-5
1.19155087898254e-5
1.13792016116116e-5
1.05927502054807e-5
9.59272274573377e-6
8.42946889957938e-6
7.17951956498559e-6
5.96414937404396e-6
4.97596326805860e-6
4.51359030683258e-6
5.01728397066707e-6
7.07752999908575e-6
1.13424130313018e-5
1.81786647596286e-5
2.69439831755902e-5
3.51776300956821e-5
3.93274196173532e-5
3.88060688572721e-5
3.84619223103612e-5
4.05720166784078e-5
3.96653471208289e-5
3.27746724915296e-5
2.31955892047229e-5
1.46607025650733e-5
8.64503726621461e-6
5.10463092579174e-6
3.56812594731749e-6
3.60431286855746e-6
4.82935587497478e-6
6.81274008628027e-6
9.08622914804989e-6
1.12452508900293e-5
1.30343241449055e-5
1.43561894581174e-5
1.52234685257822e-5
1.56975433449946e-5
1.58424333658254e-5
1.56992113603294e-5
1.52753986631478e-5
1.45425349278710e-5
1.34390690556623e-5
1.18836464026226e-5
9.81855832751502e-6
7.32248512081508e-6
4.80274923458202e-6
3.04846449125732e-6
2.79293101047964e-6
4.24805401859861e-6
6.69618463642988e-6
9.07916392129105e-6
1.09600424350724e-5
1.22640515757268e-5
1.30524962308560e-5
1.34157601808951e-5
1.34366290001706e-5
1.31834765477871e-5
1.27133896215179e-5
1.20779572538715e-5
1.13295620066515e-5
1.05278210730655e-5
9.74628455784360e-6
9.07930860339722e-6
8.64821724019407e-6
8.60406752066205e-6
9.12086798180026e-6
1.03675447145638e-5
1.24412035232373e-5
1.52479810666333e-5
1.83560847549856e-5
2.09491499278385e-5
2.21288078473702e-5
2.16671448408812e-5
2.05707602862937e-5
2.03006002923691e-5
2.10566196457885e-5
2.15313809055752e-5
