0.000154628383801288
4.06577216405330e-6
3.61522784788238e-6
6.91839374187967e-6
1.02440773506023e-5
1.34794894559024e-5
1.63026374420829e-5
1.85757995227697e-5
2.02183156128520e-5
2.11748790529053e-5
2.13937760741932e-5
2.08187043939338e-5
1.93969133520813e-5
1.71144329357812e-5
1.40749625518859e-5
1.06227130310201e-5
7.42630089312827e-6
5.32493420828522e-6
4.93355054771394e-6
6.41740922957604e-6
9.36362085895427e-6
1.28586806099393e-5
1.60846306065303e-5
1.86081602754573e-5
2.02866332907463e-5
2.11256257761686e-5
2.11867543323839e-5
2.05451324713025e-5
1.92776631295359e-5
1.74694213933489e-5
1.52336516814744e-5
1.27471719987878e-5
1.03075425317418e-5
8.42035755663004e-6
7.91801036625646e-6
1.00740882703228e-5
1.65588375133662e-5
2.88112083023249e-5
4.61335909711676e-5
6.28673023669168e-5
7.00914379059180e-5
6.87917954631961e-5
7.16735174263287e-5
7.31106164543878e-5
6.01753647320169e-5
4.01581507500309e-5
2.32502123599300e-5
1.25027159519674e-5
7.18444387493000e-6
5.98983725246115e-6
7.85353454269845e-6
1.16739546463772e-5
1.62160541421370e-5
2.04227287161571e-5
2.36972896348528e-5
2.58923376516564e-5
2.71162413556981e-5
2.75416511480349e-5
2.72915909439377e-5
2.63931112563561e-5
2.47680882981802e-5
2.22478867901926e-5
1.86400582616381e-5
1.39503199901026e-5
8.89343793492252e-6
5.29332385269324e-6
5.09956857405235e-6
8.79357083731393e-6
1.38538733291997e-5
1.80302902343889e-5
2.09310107133177e-5
2.26316908848551e-5
2.33567725422186e-5
2.33138515329321e-5
2.26730354663053e-5
2.15771269965769e-5
2.01612811942213e-5
1.85744256813654e-5
1.70019120002561e-5
1.56892695383039e-5
1.49637800587743e-5
1.52418994877083e-5
1.69922084578136e-5
2.05941399386746e-5
2.60146848585229e-5
3.23172512836577e-5
3.74126074968263e-5
3.90615404178237e-5
3.74545523545715e-5
3.60921329054477e-5
3.72486150616640e-5
3.82916203423615e-5
