0.000261103328471889
1.32684818525975e-5
1.05448439969466e-5
1.93357707544361e-5
2.66950125185512e-5
3.30887968555997e-5
3.78965642579341e-5
4.09039283992410e-5
4.19420067838903e-5
4.08392718143658e-5
3.74344202459213e-5
3.17191853594071e-5
2.41948666334202e-5
1.63822739768890e-5
1.08153230441621e-5
9.75880615493201e-6
1.39269217034074e-5
2.15825014360413e-5
2.95178433697598e-5
3.58037488424788e-5
3.98209651223312e-5
4.15591959514156e-5
4.12150043107617e-5
3.90256074203338e-5
3.52445293573055e-5
3.02000134764687e-5
2.44300412497252e-5
1.89248155750740e-5
1.55247960718356e-5
1.74613931370649e-5
2.96618395951443e-5
5.72310671648420e-5
9.85413570729397e-5
0.000134022565495619
0.000141408126938287
0.000146926120558759
0.000152565916450877
0.000114227815215987
6.49335302666306e-5
3.18755611645949e-5
1.56580567825230e-5
1.17001408818424e-5
1.62881450572992e-5
2.57658048741186e-5
3.61629025310629e-5
4.46382302676611e-5
5.01972718579527e-5
5.30570981899208e-5
5.37557574350463e-5
5.26359807184879e-5
4.96729470857216e-5
4.44802692695754e-5
3.64968032305275e-5
2.57295882563398e-5
1.46503432294339e-5
9.20220491719733e-6
1.45012453409544e-5
2.65395211050021e-5
3.58951829367637e-5
4.19966590645117e-5
4.50403215803199e-5
4.57296459504040e-5
4.46272237191825e-5
4.22023160822124e-5
3.88909697431627e-5
3.51889872723141e-5
3.17528567935386e-5
2.95054995348333e-5
2.97097394829985e-5
3.38809967230458e-5
4.32285281314456e-5
5.71787440528213e-5
7.12846324040912e-5
7.79758961621372e-5
7.53445499902114e-5
7.36226544610770e-5
7.73423961793087e-5
7.51616589580541e-5
