0.000297846597306137
1.80097844491083e-5
1.39565000904868e-5
2.51286686157286e-5
3.40355047043635e-5
4.15010030137088e-5
4.67855957729532e-5
4.96380750383797e-5
4.98323456596201e-5
4.71344226356285e-5
4.13906967459916e-5
3.28736170925501e-5
2.29637429237525e-5
1.46458395784232e-5
1.13786954815084e-5
1.49583307598598e-5
2.39818597396824e-5
3.40676490229300e-5
4.21998870554825e-5
4.74098284703817e-5
4.96455912497349e-5
4.91672072552353e-5
4.62949152906160e-5
4.13766468668324e-5
3.48821357805819e-5
2.76193918514728e-5
2.11285226863439e-5
1.83253067221757e-5
2.43001245581486e-5
4.63063957374037e-5
8.94040677411662e-5
0.000142371815565801
0.000170039302200553
0.000172667353043241
0.000188931684796157
0.000157101778020986
9.15290451124899e-5
4.44327254688634e-5
2.06710376719495e-5
1.39207202442865e-5
1.88522449290054e-5
3.05137642530841e-5
4.34756613780549e-5
5.38723602418987e-5
6.04547636725605e-5
6.35985171089034e-5
6.40205922395093e-5
6.20997027420380e-5
5.76856608692606e-5
5.01618344913282e-5
3.88792218208389e-5
2.47368537141791e-5
1.31259760738876e-5
1.25095595774145e-5
2.56464627778633e-5
3.91341884103555e-5
4.80998855565841e-5
5.30051664434921e-5
5.45855312999391e-5
5.36700622722702e-5
5.09101902722607e-5
4.68991503358005e-5
4.22965289444204e-5
3.79767528624852e-5
3.51861463710690e-5
3.56543239929695e-5
4.14553643669389e-5
5.41109665618482e-5
7.22483619745519e-5
8.87091410523890e-5
9.36407643846071e-5
8.93010936245237e-5
9.06781770569324e-5
9.39898741564003e-5
