0.000328832613112786
2.27064590619925e-5
1.72823054977765e-5
3.06481749997846e-5
4.09006986742096e-5
4.92327049947631e-5
5.47948874591157e-5
5.72958306315924e-5
5.64477065854532e-5
5.19678248088824e-5
4.37912644367592e-5
3.27023900673824e-5
2.13056506325780e-5
1.39659121264301e-5
1.43118697071502e-5
2.27820310275537e-5
3.48896763949791e-5
4.55751679406807e-5
5.29019351113499e-5
5.65426960655545e-5
5.67582674440954e-5
5.39432397438121e-5
4.85244960780837e-5
4.10552945563341e-5
3.24755403220369e-5
2.46047476895676e-5
2.09739191797041e-5
2.79028721412123e-5
5.45542713942629e-5
0.000107052362773203
0.000169353090813977
0.000197185181580754
0.000203733103483208
0.000219743578879198
0.000162163785706208
8.56857213934928e-5
3.90700391924300e-5
1.88875336260950e-5
1.69491811276738e-5
2.69789133802837e-5
4.22635906923519e-5
5.64745063186784e-5
6.63966627737683e-5
7.17676503454649e-5
7.34561713987937e-5
7.21618380192912e-5
6.79430915871217e-5
6.01982438151956e-5
4.80362710615348e-5
3.18084968476646e-5
1.67682579013435e-5
1.33676368076836e-5
2.75447830011857e-5
4.40985013485429e-5
5.48229538141439e-5
6.07166859134940e-5
6.25261033069426e-5
6.13175070065894e-5
5.78957929763061e-5
5.30143804552418e-5
4.75357353431234e-5
4.26357813584084e-5
4.00142286451870e-5
4.20079219097124e-5
5.12365891586299e-5
6.89317807184972e-5
9.11993425151080e-5
0.000106490765072414
0.000106050330294873
0.000102773868276451
0.000108306351501421
0.000104229743422551
