0.000394606294252301
3.49908391520484e-5
2.58208203516694e-5
4.43942771147114e-5
5.75794400378481e-5
6.75630710002152e-5
7.32244705476999e-5
7.41477586456531e-5
6.98819234573459e-5
6.01489095848494e-5
4.56468661360240e-5
2.96381846552495e-5
1.85630488565353e-5
1.85008044491236e-5
3.05802688629121e-5
4.74697037878498e-5
6.14979435827539e-5
7.03654733609852e-5
7.38808732770677e-5
7.25474892879569e-5
6.69929580502485e-5
5.79422718669304e-5
4.65127725183927e-5
3.48719502616692e-5
2.74513061191046e-5
3.27783795122617e-5
6.44803388940802e-5
0.000134116026838497
0.000221379586126695
0.000260085486597188
0.000277613545918064
0.000288086522452241
0.000179669930403783
8.31505756325619e-5
3.52347544544694e-5
2.07478287052215e-5
2.82882733139431e-5
4.78279833161837e-5
6.85987989677098e-5
8.38270779653413e-5
9.22215931356851e-5
9.50023249225644e-5
9.33276808559526e-5
8.73330670909732e-5
7.60913658754712e-5
5.83555955485514e-5
3.55986646534475e-5
1.81071616847701e-5
2.19901166296743e-5
4.72498797448436e-5
6.52352411236492e-5
7.62681862239269e-5
8.06118536628503e-5
8.01065823671212e-5
7.60281926888147e-5
6.95616776938347e-5
6.20187269367740e-5
5.51994275478879e-5
5.17662038953735e-5
5.54449114733255e-5
7.03000828592426e-5
9.73487067482354e-5
0.000127607975941025
0.000141477853099228
0.000136382760066782
0.000140033906300235
