0.000361123672929293
2.83271498687822e-5
2.12126588593401e-5
3.70423073393995e-5
4.87254833357104e-5
5.79065994860691e-5
6.36105417609006e-5
6.54922644832313e-5
6.31877076279021e-5
5.63869852771463e-5
4.52684743285726e-5
3.15539200210154e-5
1.95857226843669e-5
1.48949506692155e-5
2.05173795492007e-5
3.38417644948275e-5
4.76024589918818e-5
5.78367429415861e-5
6.36088397111607e-5
6.50770470075351e-5
6.27092130469555e-5
5.70249069940166e-5
4.86604572250359e-5
3.86602092344129e-5
2.90621358403157e-5
2.39272370382472e-5
3.07681364017551e-5
6.09155633418552e-5
0.000122538017176097
0.000196057031108464
0.000227084312539105
0.000239075868172092
0.000251806272375250
0.000168661524137603
8.27233855000902e-5
3.61062214188979e-5
1.90755728312805e-5
2.19351285036509e-5
3.68457342088762e-5
5.50938563422123e-5
6.99502102508557e-5
7.91368184160755e-5
8.32286871160446e-5
8.33362839460076e-5
7.99490471671423e-5
7.26729611810966e-5
6.04584697595848e-5
4.28052090439966e-5
2.35651311755789e-5
1.43636274144679e-5
2.62983280998993e-5
4.73771997830065e-5
6.08144594009523e-5
6.86369716865468e-5
7.12445531160428e-5
7.00937249383931e-5
6.61801467046651e-5
6.04534916079903e-5
5.39979410944223e-5
4.83094249971053e-5
4.55757109316223e-5
4.88074934396858e-5
6.12509118649032e-5
8.38172981903910e-5
0.000109819134773835
0.000123631423397112
0.000119904754402728
0.000120214744349793
0.000125721275390745
0.000111457782696702
