0.000411756163961047
3.87528401991288e-5
2.84031470566991e-5
4.84558775109984e-5
6.24134545409591e-5
7.27701227463634e-5
7.83236004746512e-5
7.86150549756402e-5
7.31490138245900e-5
6.17045011137279e-5
4.53958105059555e-5
2.85268946757193e-5
1.86064654551712e-5
2.16584508003206e-5
3.70211645398997e-5
5.50010073216889e-5
6.87209253392413e-5
7.65859335200088e-5
7.87100241847985e-5
7.57251105568142e-5
6.83477401171896e-5
5.74804234798792e-5
4.46755546909815e-5
3.30887861304830e-5
2.91611741129339e-5
4.47491411866355e-5
9.61097010299632e-5
0.000186478990191418
0.000265222307272675
0.000281962197489878
0.000318584415007680
0.000256412855253538
0.000128409426815075
5.47073230746914e-5
2.51618251495254e-5
2.46302742491238e-5
4.19700108593344e-5
6.51186450541969e-5
8.42009277059280e-5
9.57799271795222e-5
0.000100644810494528
0.000100299545418418
9.52987587028057e-5
8.49448715650458e-5
6.77976979594563e-5
4.41066428574828e-5
2.22515188186359e-5
1.98116843450968e-5
4.48304981675273e-5
6.65387876799606e-5
7.96335974065778e-5
8.54122367344804e-5
8.55544825963488e-5
8.15971892696597e-5
7.48509064555334e-5
6.67438685365127e-5
5.92115351234514e-5
5.51295404785360e-5
5.85789289611001e-5
7.41288011408984e-5
0.000103161231174052
0.000136012052305077
0.000150975652627473
0.000145630563569029
0.000150490915856593
0.000152173213664557
