0.000344821849664506
2.53940275343313e-5
1.91674363083053e-5
3.37307535423443e-5
4.46887467469535e-5
5.34491748999421e-5
5.91020498523543e-5
6.13310565731040e-5
5.98119510675305e-5
5.42439353183602e-5
4.46579787054089e-5
3.22427204109930e-5
2.04112426587490e-5
1.41657485339300e-5
1.69531543794031e-5
2.79408287091701e-5
4.10621942494538e-5
5.16430916923666e-5
5.82820264759627e-5
6.09126713929937e-5
5.99097374177029e-5
5.57268545502762e-5
4.88747694407587e-5
4.01003618498222e-5
3.07817549417888e-5
2.36497613387374e-5
2.39232480212568e-5
4.03641742411647e-5
8.32143617167875e-5
0.000150535382997671
0.000204219433559646
0.000212992177008889
0.000234993638515357
0.000208946499898593
0.000120460889704435
5.64149421491943e-5
2.51733584347177e-5
1.70645325331237e-5
2.44394781380886e-5
4.00997163516517e-5
5.64165058404013e-5
6.86052671032682e-5
7.56417564041874e-5
7.83507149855840e-5
7.76370091280624e-5
7.37426046429146e-5
6.61377779055579e-5
5.38300089759607e-5
3.67610877784915e-5
1.96464787765115e-5
1.37274063440593e-5
2.73708918650783e-5
4.60193649523273e-5
5.79551534743819e-5
6.46703015306654e-5
6.67902013671775e-5
6.55543190353079e-5
6.18577876547247e-5
5.65473569581395e-5
5.05949822528497e-5
4.53363183347048e-5
4.27133970752742e-5
4.53927106408056e-5
5.62903800403376e-5
7.64561517685268e-5
0.000100588101497244
0.000115055362261971
0.000112682991523886
0.000111098430965733
0.000117111367375825
