0.000510106035632240
6.54133520419906e-5
4.64440320042191e-5
7.59321787506184e-5
9.42482475937740e-5
0.000106045641620186
0.000109535178325011
0.000103925325988376
8.86369034547984e-5
6.49905960233099e-5
3.96523114757175e-5
2.54008033411642e-5
3.27459745894679e-5
5.85338097421072e-5
8.41077354826909e-5
0.000101128863733234
0.000108598402459531
0.000107266636562416
9.83248058003468e-5
8.31897307013001e-5
6.42135205634585e-5
4.63650083606241e-5
4.04275947152720e-5
6.72829878772394e-5
0.000155120989109204
0.000298590084786027
0.000389878863289668
0.000429767966813348
0.000447434521883578
0.000233084711546167
9.24268116541829e-5
3.77754556713796e-5
3.33419657760633e-5
5.91328354606677e-5
9.37679464947333e-5
0.000120561553682297
0.000135118911960262
0.000139543974568565
0.000136040624069785
0.000124664106528345
0.000103457159369043
7.10607032823977e-5
3.60336718580806e-5
2.54251361218735e-5
6.10685381003961e-5
9.36895643579748e-5
0.000111608326166624
0.000118637503228876
0.000117069476295045
0.000109510214898899
9.82399672244197e-5
8.61048686226592e-5
7.73382447304279e-5
7.83601703307041e-5
9.73412017895790e-5
0.000138869963264919
0.000189446210040214
0.000212314367362822
0.000206600757361993
0.000219962027051519
