0.000491789234920698
5.97429762629541e-5
4.26362373255367e-5
7.02455242835931e-5
8.77694564192112e-5
9.94078574921152e-5
0.000103498605484256
9.93216019951469e-5
8.62687303668210e-5
6.51394423102942e-5
4.10638596734878e-5
2.50939662284361e-5
2.77952436462287e-5
4.95080788351045e-5
7.45063463974594e-5
9.24225446800849e-5
0.000101579136058716
0.000102396187844183
9.59206089549190e-5
8.33446008110918e-5
6.64367293083467e-5
4.87266086293858e-5
3.78617388502803e-5
4.93239149150849e-5
0.000107916066198972
0.000228006355223147
0.000346927719205518
0.000379488750172247
0.000439636646922432
0.000313630910133981
0.000135109290383008
5.31933745390256e-5
2.88608547586014e-5
4.11004727198908e-5
7.16500333532631e-5
0.000101698809651121
0.000121434953052742
0.000130504134045590
0.000131332377882633
0.000125175318875154
0.000111219798226501
8.73623131049572e-5
5.43145841487576e-5
2.62941524620846e-5
3.08577515531912e-5
7.04961124240933e-5
9.43824338074823e-5
0.000108539124024400
0.000112344499879744
0.000109184562882425
0.000101030420841226
9.00574648291482e-5
7.90596052284265e-5
7.22616071336809e-5
7.59176889768976e-5
9.73951967344462e-5
0.000139048374729638
0.000184391686526725
0.000199719708113065
0.000194365336327385
0.000207472358354428
0.000190193914269211
