0.000446791653572254
4.72187587754939e-5
3.41747339698033e-5
5.74037312709022e-5
7.29359674296079e-5
8.39571754498272e-5
8.90811792995319e-5
8.77466882028596e-5
7.93794044394333e-5
6.40135088989621e-5
4.40412277179653e-5
2.64096132224508e-5
2.04877657366778e-5
3.12352435903607e-5
5.22499018560228e-5
7.10893726803771e-5
8.34043119572586e-5
8.86509659257304e-5
8.74425624805022e-5
8.06271782490163e-5
6.91931194758435e-5
5.47008075721060e-5
4.02884103999764e-5
3.25648713727225e-5
4.43856384787699e-5
9.53596433161508e-5
0.000195539928571678
0.000294988890682947
0.000320963500327674
0.000366147869330735
0.000294725029197330
0.000141012171221597
5.80642947231346e-5
2.70732848109895e-5
2.95237092481652e-5
5.16206376625427e-5
7.83358162848085e-5
9.87548132695215e-5
0.000110135082516521
0.000113972932307602
0.000111900238350948
0.000104125128657072
8.93786680144858e-5
6.61520155246310e-5
3.76464634229521e-5
1.99394838945476e-5
3.39749087363388e-5
6.60386225331322e-5
8.43001790056233e-5
9.46877659969928e-5
9.70852061504835e-5
9.40330323001566e-5
8.70842271498849e-5
7.79267804865292e-5
6.87197288630719e-5
6.26761528692943e-5
6.45159549706215e-5
7.99691296217885e-5
0.000111960230023915
0.000151035718072426
0.000171228071116155
0.000166095410203423
0.000172176305106037
0.000173084349451267
