0.000556534690748459
8.14012686032473e-5
5.71218901260709e-5
9.16168325446619e-5
0.000111863488330867
0.000123770489415722
0.000125183089198531
0.000115124501799237
9.32931951015993e-5
6.31284408624032e-5
3.63423980436790e-5
2.96096574785787e-5
5.09811697309917e-5
8.41973891324551e-5
0.000109249802434106
0.000122765711976094
0.000124957578082737
0.000117242324910434
0.000101264797865425
7.95118892221107e-5
5.71407415610787e-5
4.57242222704854e-5
6.90103291981138e-5
0.000162758755420959
0.000331152307185558
0.000450331966348077
0.000504498959375846
0.000523588848184804
0.000250296993599893
9.39313588583142e-5
3.92996442208817e-5
4.21707127782432e-5
7.73640027847634e-5
0.000117468470114775
0.000145057072608574
0.000158023299146559
0.000159659367874438
0.000151884763006742
0.000133654355821274
0.000102208096532695
5.97381602321067e-5
2.89693825810816e-5
4.79190898467343e-5
9.81706935506625e-5
0.000122028646180483
0.000135152588677204
0.000135673621200354
0.000128282457069565
0.000115586635363420
0.000101036188687585
8.96494497232448e-5
8.92155089520343e-5
0.000110081712651582
0.000158841436961691
0.000219471446911202
0.000245868681044695
0.000241008744180697
0.000259139833116475
