0.000528577428825002
7.14885536130473e-5
5.05107252136760e-5
8.19490954063968e-5
0.000101048334576517
0.000112943145706463
0.000115706665645320
0.000108473280930262
9.07324853220660e-5
6.44946262779610e-5
3.82380303120313e-5
2.64096459626465e-5
3.90220519098442e-5
6.83364806221576e-5
9.40009194356564e-5
0.000109837749426277
0.000115379628862151
0.000111671607134532
0.000100058888935732
8.22767260870873e-5
6.15168245411261e-5
4.47734447013646e-5
4.70491897767949e-5
9.54549982396286e-5
0.000216835864524340
0.000368253703044736
0.000424201505662364
0.000496222875792459
0.000388927891823564
0.000163841299485894
6.27960976914500e-5
3.24228283462662e-5
4.60894569575294e-5
8.14331815879544e-5
0.000115605266811067
0.000137295693844315
0.000146593290811042
0.000146415858662274
0.000137959007814730
0.000119894355503394
8.98250591405473e-5
5.10349489922817e-5
2.59110251368065e-5
4.70829537473690e-5
9.10415516094365e-5
0.000112808201467861
0.000124409746714182
0.000125032197657332
0.000118552606282188
0.000107284662326595
9.41523482166584e-5
8.33413571623500e-5
8.13131536162071e-5
9.68726166752761e-5
0.000136905730383885
0.000192047329708315
0.000224456093904229
0.000219909148530432
0.000232097073035832
0.000224680975459833
