0.000594183005016351
9.62116616444326e-5
6.69542307826780e-5
0.000105760942473117
0.000127458250401541
0.000139082595697323
0.000138132730335258
0.000123502225959520
9.54661147234823e-5
6.03110529404857e-5
3.48912555847700e-5
3.79662553772484e-5
7.13182874799977e-5
0.000106943141352576
0.000130006977793057
0.000139409971008949
0.000136241033279309
0.000122337160291308
0.000100028328844085
7.36701745328494e-5
5.31503478150722e-5
6.03129094219211e-5
0.000134439946778918
0.000306167883200639
0.000482384000506976
0.000542938758171886
0.000631622608105586
0.000338360283776343
0.000121586026552508
4.74922168457113e-5
4.45103196630976e-5
8.27848475764597e-5
0.000129066700325050
0.000161104351718848
0.000175943989094839
0.000177511093626273
0.000168020719427797
0.000146082303297078
0.000108552828589558
5.98921068111499e-5
3.09070419271409e-5
6.54356124692645e-5
0.000117335825981682
0.000140961791567884
0.000151719486607967
0.000149293530465995
0.000138528242263085
0.000122761465613638
0.000106673959911746
9.74852771315834e-5
0.000106137921726988
0.000144857888577754
0.000212545077559639
0.000268848697396005
0.000271892694248597
0.000283915537487795
