0.000547185272459791
7.79872229277651e-5
5.48480314901770e-5
8.83068555402528e-5
0.000108175536016388
0.000120097816879281
0.000121997861967638
0.000112935468740147
9.25225238377789e-5
6.36630296159623e-5
3.69247715484828e-5
2.82884997904939e-5
4.66597933834232e-5
7.87765926024365e-5
0.000104122806049144
0.000118485139947905
0.000121855777941141
0.000115536322802813
0.000101058227354744
8.06120505828694e-5
5.85845474336048e-5
4.47783549872674e-5
5.96894543136319e-5
0.000136593116590330
0.000291082544406804
0.000426800831463841
0.000470777105345650
0.000532648014403369
0.000295916736439455
0.000113246648231710
4.44399441581392e-5
3.66606680569674e-5
6.56841164549864e-5
0.000105483504276508
0.000135799619439591
0.000151696271472867
0.000155873289393034
0.000150802892503942
0.000136233034426704
0.000109662400737355
7.05714803668548e-5
3.36666176770051e-5
3.41398877797576e-5
8.32683407145898e-5
0.000112134631199355
0.000129019434501348
0.000132813614767676
0.000128014705079388
0.000117168372131453
0.000103289717953906
9.04808341609905e-5
8.51180991660143e-5
9.64073201271320e-5
0.000133369275245280
0.000191639580890104
0.000235119961590720
0.000234604730911118
0.000243621196612948
