0.000565911421833049
8.49283114649660e-5
5.94679019907558e-5
9.50159429545688e-5
0.000115635173817684
0.000127505987348544
0.000128391689702780
0.000117279992679066
9.39761077345237e-5
6.25201706725700e-5
3.58306228737572e-5
3.12156790704633e-5
5.56242438913706e-5
8.97347567850652e-5
0.000114410065766998
0.000127006745334962
0.000127956432599621
0.000118784728624243
0.000101268403519516
7.82479462623876e-5
5.57918339031924e-5
4.75297997703321e-5
8.07821140237169e-5
0.000192892185575041
0.000371685586754012
0.000471031996773228
0.000543914322024177
0.000494429831156342
0.000209626563231357
7.79240729354775e-5
3.67977932327834e-5
4.97655688328463e-5
8.98604670757421e-5
0.000129146263190236
0.000153704998087010
0.000163775005987454
0.000162831757362896
0.000152089056055573
0.000129723964636338
9.31894283587451e-5
4.91560812141709e-5
2.86455925948029e-5
6.69158201358298e-5
0.000110000631054084
0.000131387537160760
0.000140100222385306
0.000137654595385913
0.000127807145249580
0.000113559218650261
9.89410494209705e-5
9.01290131885046e-5
9.64602304667624e-5
0.000128714423726068
0.000187915640758356
0.000242951344260185
0.000250687784206683
0.000254670465099849
0.000265128581224434
