0.000670224914586909
0.000131886334239035
9.04838653002561e-5
0.000138650810300867
0.000162788130826994
0.000172499606950813
0.000164441438461781
0.000137508828308903
9.49905437314678e-5
5.31867740664306e-5
4.02703043491677e-5
7.28873146032791e-5
0.000122407100626712
0.000155828207390610
0.000170932439443144
0.000168584957256133
0.000151376516620957
0.000122556189390105
8.83929379468822e-5
6.37289274017555e-5
8.22735195687820e-5
0.000202843876808364
0.000449349032552025
0.000633829356085905
0.000756836661308208
0.000688905747252426
0.000240445366050297
8.32297083622720e-5
4.81620329946357e-5
8.46810426380714e-5
0.000145758978475588
0.000192122329745923
0.000214590593387351
0.000218248805088816
0.000206730325164187
0.000178438381194953
0.000129288521158658
6.72252857228674e-5
3.84742046277558e-5
9.97196535869322e-5
0.000154211610987078
0.000179777889111891
0.000186657510443056
0.000178597777829862
0.000161039397342663
0.000139518086785270
0.000122446946617267
0.000123315932119546
0.000160173917854359
0.000241158208828391
0.000325316147392722
0.000341389711218529
0.000356979042947252
0.000358220727741985
