0.000622620052265207
0.000108599963051106
7.51458791494011e-5
0.000117354047144844
0.000140053554259982
0.000151196603148029
0.000147988839344060
0.000129264478989570
9.60642692894164e-5
5.76883190271513e-5
3.52420199993600e-5
4.80260115223583e-5
8.92190381531909e-5
0.000124872839736964
0.000145598176776668
0.000151153272125079
0.000143252620552707
0.000124095013171084
9.69272016558720e-5
6.86101743040121e-5
5.51020169891166e-5
9.00249319831876e-5
0.000222562846303785
0.000441673521973521
0.000562281067048078
0.000673873841172235
0.000544097578009934
0.000198253854303840
7.14036589131504e-5
4.23697661420536e-5
7.25478057737077e-5
0.000124535799196126
0.000165892817293370
0.000187395201317943
0.000192685337112151
0.000185256060670342
0.000164537397336255
0.000127020355518172
7.44324768075788e-5
3.50504051404457e-5
6.04782453019600e-5
0.000123516872293068
0.000149936983002660
0.000163877620955286
0.000161924099082176
0.000150499789411110
0.000133220565736436
0.000115435550589909
0.000105402896734183
0.000115735702953731
0.000160350457554866
0.000236428119008095
0.000294758804263578
0.000295457873468788
0.000314967691711874
0.000299140270468469
