0.000632125661664883
0.000112986564356695
7.80406029823688e-5
0.000121412688356215
0.000144425479159138
0.000155349281808446
0.000151285745786990
0.000131061659975565
9.60573582551522e-5
5.67677374054411e-5
3.57416972558473e-5
5.21812252498398e-5
9.55724997435131e-5
0.000130976098609880
0.000150753466949098
0.000154879196757014
0.000145260280234183
0.000124246857633827
9.55094102185594e-5
6.70533577447219e-5
5.75238008349638e-5
0.000105258903923379
0.000260541634751129
0.000486640261271333
0.000587161300805285
0.000718313233712861
0.000480770053943997
0.000165462595083927
6.08494547848399e-5
4.60945979079361e-5
8.54267531529900e-5
0.000138855897431674
0.000176999858256137
0.000194859243290968
0.000197003591896406
0.000186185917892322
0.000160800972992007
0.000117288922300789
6.22190464757309e-5
3.43758864857684e-5
8.32745341873302e-5
0.000135853459706705
0.000160179625817331
0.000168765522132805
0.000163476185916271
0.000149317076802860
0.000130613132493667
0.000113692514668742
0.000108605611760815
0.000129830350501205
0.000189310478204226
0.000269973767464777
0.000307917297010874
0.000305916578621050
