0.000746387311341209
0.000176719778263402
0.000119869538000825
0.000178181410827798
0.000203729649154284
0.000209044662066485
0.000189796595714849
0.000145923357359072
8.83961245315472e-5
4.98704635629625e-5
6.67101583815594e-5
0.000130672970370965
0.000180526284111312
0.000205847588410521
0.000207279313563193
0.000188102992917290
0.000152610366153879
0.000108965957849137
7.71912296136398e-5
0.000104581164200022
0.000274166518469349
0.000601398155228867
0.000803781920460570
0.00103236223090652
0.000655775340109920
0.000182189382011899
6.83481585385284e-5
7.37805385588954e-5
0.000145071502119007
0.000215533397779670
0.000254537454835092
0.000265754936438842
0.000255874320179401
0.000224596788815612
0.000166549663589953
8.83117956465946e-5
4.63589814822217e-5
0.000122846400355123
0.000191172061666722
0.000220389632793034
0.000226305445493602
0.000213225027278637
0.000188872694692157
0.000161717279343705
0.000145543352287211
0.000162282336395837
0.000236137248427229
0.000355081706103886
0.000422492221759710
0.000429288236183847
