0.000727387419664693
0.000164579822213487
0.000111926353547574
0.000167645200305000
0.000192968693978781
0.000199666849692991
0.000183661062305997
0.000144461397984193
9.05063323818023e-5
4.98479238408551e-5
5.74434065438108e-5
0.000114672778511727
0.000165586211790722
0.000193490662433286
0.000198884157929886
0.000184421977960565
0.000153812438028329
0.000113372291039545
7.80565024496600e-5
8.38482498129998e-5
0.000200881956013171
0.000482062186908780
0.000733058538149216
0.000890451645014940
0.000834356736024704
0.000261280786542123
8.81005443849239e-5
5.77009740273445e-5
0.000109972677562315
0.000182669041301750
0.000231540219309113
0.000251684774495928
0.000250245475035186
0.000229888817763267
0.000186805552088171
0.000118523260475170
5.29545214370417e-5
6.66374768348456e-5
0.000162984955075935
0.000196250392185935
0.000216346628747508
0.000211451688917764
0.000193521424938824
0.000168143464908046
0.000145122173118421
0.000140205542857558
0.000176216382113272
0.000268400425833123
0.000374618258940287
0.000401124653764527
0.000423978964566793
0.000420108801787293
