0.000755869813201033
0.000183034585766251
0.000123998236121165
0.000183617486615588
0.000209240318658331
0.000213783570898781
0.000192793136133785
0.000146478569913858
8.72605779534666e-5
5.01911206804268e-5
7.20880992010148e-5
0.000138937266642550
0.000188074103010263
0.000211945129764824
0.000211258116658185
0.000189596660834667
0.000151619379454626
0.000106646410323471
7.78145117359925e-5
0.000119023760846012
0.000318504974115680
0.000661299871661253
0.000841688410356210
0.00108770300334087
0.000555349703599725
0.000154578301239072
6.31590507300848e-5
8.58554912760115e-5
0.000163756441519235
0.000231009034903507
0.000264876537034060
0.000271677681164954
0.000257204160973586
0.000219586066943960
0.000153580878987938
7.41698125621874e-5
5.28438679740797e-5
0.000153628668291973
0.000202741534944969
0.000230312275835812
0.000229594714185069
0.000212618713668374
0.000185716554818092
0.000159109954954436
0.000149274292258759
0.000181239153232482
0.000275720012998971
0.000395901318136361
0.000434107552062478
0.000457812120815813
