0.000736892681682502
0.000170569079437348
0.000115846170391810
0.000172857640828422
0.000198305648102672
0.000204338252694842
0.000186751003049275
0.000145249993437752
8.94811939114291e-5
4.97637677291055e-5
6.18325076645837e-5
0.000122576245982727
0.000173028384849234
0.000199692829196905
0.000203151127370267
0.000186374702034909
0.000153341524917048
0.000111221998447361
7.73254025510152e-5
9.29799908934272e-5
0.000235019620119967
0.000541168207729131
0.000768783632955006
0.000962573296931447
0.000752583042078386
0.000217100356227658
7.67153886826215e-5
6.43173241498820e-5
0.000127013295216081
0.000199378933100168
0.000243426638075830
0.000259083588075907
0.000253521317094536
0.000227977251527386
0.000177645790246577
0.000103456818070381
4.69457337713657e-5
9.18744294664675e-5
0.000178901017203830
0.000208719994875494
0.000221971844482973
0.000212844257289448
0.000191526718269660
0.000164851907400329
0.000144402094750567
0.000148915540945355
0.000202839615708552
0.000311264689965454
0.000403364003502886
0.000411152554170630
