0.000717873092876815
0.000158749347961975
0.000108108319568592
0.000162543088230729
0.000187719099879507
0.000195032844511791
0.000180531387933745
0.000143560807091761
9.14630635787294e-5
5.01008204693103e-5
5.35268674904841e-5
0.000106990185151550
0.000158205129202598
0.000187250898851558
0.000194488776179059
0.000182255263255124
0.000154024793473211
0.000115382399280813
7.92450056631875e-5
7.68417940718863e-5
0.000171472240936849
0.000425339756680162
0.000694225211360031
0.000824895986555697
0.000890472071265331
0.000316360189895606
0.000102467348891365
5.41146504623814e-5
9.43347301522286e-5
0.000165582735282839
0.000218882654795883
0.000243567779630910
0.000246128600942786
0.000230487811993998
0.000194073089388363
0.000132694429411773
6.29560794826392e-5
5.02242210582094e-5
0.000140952153264648
0.000184091682307785
0.000209058702770349
0.000209071040426312
0.000194729512515446
0.000171299115249153
0.000147089383850219
0.000135217933261626
0.000155978021830715
0.000229451959533609
0.000338015852454176
0.000391643578914776
0.000397021504173769
0.000428911152260438
