0.000877514975955911
0.000281285940253402
0.000188086640754796
0.000264899269030834
0.000288463677761138
0.000276989151729192
0.000225040118240092
0.000142435974091832
7.39582011848063e-5
8.61389801266185e-5
0.000183192076055900
0.000254849059581786
0.000286908386048205
0.000281449694692367
0.000244320343301806
0.000184339027919200
0.000122102976353845
0.000112208067071396
0.000275403868223233
0.000722566650683080
0.00111538976779719
0.00152195205770482
0.000928310604441422
0.000191949969547071
8.34298617236570e-5
0.000131281268048388
0.000246871101763586
0.000330258352054977
0.000362891593268060
0.000358384082289053
0.000320692959707947
0.000242609134398465
0.000129420432405613
6.38843241456628e-5
0.000186099797977292
0.000273292883943171
0.000308533803774935
0.000307212549967226
0.000279927127063270
0.000239675996648357
0.000205288705484933
0.000209150951888253
0.000295876333110425
0.000471152038063056
0.000593544009164693
0.000622465996575294
