0.000803053622223627
0.000217164114667314
0.000146284783575836
0.000212514767837840
0.000238075647366265
0.000237869615610584
0.000206870173698670
0.000147407178838532
8.12250819689666e-5
5.58878779408031e-5
0.000106523992762994
0.000182065229085418
0.000226311943270845
0.000241230468639695
0.000228526678038992
0.000193220745620639
0.000142979954849052
9.62667231316999e-5
9.96268035387823e-5
0.000248139136717765
0.000612596349715962
0.000914982624344967
0.00118643125393659
0.000864322501043057
0.000212621622495853
7.89341199626549e-5
8.74663143665736e-5
0.000174453180063625
0.000255304714058294
0.000296490825835191
0.000305080662657619
0.000288250699696413
0.000243832946974585
0.000166025240828610
7.65351397522160e-5
6.63275743586708e-5
0.000191196395970561
0.000233872134988594
0.000261225514158313
0.000254490836402143
0.000231080283286716
0.000198592380423767
0.000171578156560059
0.000173835822300033
0.000237942834828337
0.000372421951756644
0.000483382931852475
0.000496233188155354
