0.000812436502606767
0.000224519977629301
0.000151083481400029
0.000218643670885405
0.000244094495594882
0.000242744249093594
0.000209469673513867
0.000147214787074480
8.00398219629812e-5
5.80379587503748e-5
0.000114847873972171
0.000190952530275490
0.000233999115792976
0.000246777536183594
0.000231376366783983
0.000193121612989225
0.000140609852161181
9.50409395414336e-5
0.000109580618156771
0.000288185827495514
0.000681534405297156
0.000957504285232583
0.00127271163743982
0.000741036631723346
0.000180144143743852
7.31568794692458e-5
0.000101531345628549
0.000195229721431192
0.000271772078424223
0.000307140395900796
0.000310737489585695
0.000288353486352206
0.000236082350516749
0.000149818776351787
6.51921358822810e-5
8.83964324183622e-5
0.000213835060049275
0.000247419894323077
0.000268031493328201
0.000255907163059146
0.000228546390550966
0.000194847924154433
0.000171981838269994
0.000187801131232315
0.000275327100206027
0.000422480482730515
0.000504104141570349
0.000523556353498169
