0.000859033681557153
0.000264097988891721
0.000176886071387567
0.000251077958361931
0.000275398790249907
0.000267220458236326
0.000221110244707219
0.000144387640184183
7.51098047742704e-5
7.54831033996568e-5
0.000162226617522262
0.000236318695017641
0.000272065553677101
0.000272395333082707
0.000241980864548364
0.000188272184897005
0.000127183321775402
0.000100647032686649
0.000206614570219140
0.000573027747272627
0.00100838863974188
0.00129921945136388
0.00121561391972085
0.000271461429886393
9.55770456696964e-5
9.80825333363655e-5
0.000200803812995279
0.000295419481026465
0.000341172177296436
0.000348143175558125
0.000324206035102745
0.000265453916748528
0.000167049003710194
7.14625167787898e-5
0.000106390708334018
0.000247715213012423
0.000280447383530514
0.000299620082685217
0.000281833132957519
0.000247912460426924
0.000209843694696842
0.000191217666779175
0.000229474925354935
0.000359002946951904
0.000524855845792056
0.000571872083800237
