0.000886720919702032
0.000290181512460753
0.000193883043368014
0.000271993867422667
0.000295107125636811
0.000281852769863805
0.000226830057271763
0.000141301888326897
7.36424821676359e-5
9.23596523834811e-5
0.000193959337623264
0.000264186295998438
0.000294201687113908
0.000285675451228305
0.000245042961246278
0.000181979863553943
0.000119941610863342
0.000121046017492727
0.000317941365599316
0.000802051965208530
0.00116787854620245
0.00162399078086420
0.000772914910343190
0.000166734256114392
8.25595345729055e-5
0.000151502957510500
0.000269777614797763
0.000346274834340428
0.000372464748613141
0.000361965026328185
0.000316465514257211
0.000227913135093624
0.000111124289357164
7.12774764029390e-5
0.000226864488269279
0.000284897470618183
0.000319518931024204
0.000309324251424172
0.000277437812717718
0.000235307239556537
0.000205584517928767
0.000225860574017525
0.000341060944907119
0.000527848018709304
0.000613467917758097
0.000666878280731088
