0.000959578226436310
0.000368941682573513
0.000245217925403373
0.000333219950243825
0.000350692255928959
0.000319673499869471
0.000236386843858468
0.000129472542306912
8.06790014522102e-5
0.000164870521892900
0.000283431662213504
0.000339819990054004
0.000347980946675277
0.000310655866274997
0.000239269387114982
0.000157322574320279
0.000130426420010048
0.000315037081371848
0.000877046039865070
0.00138787373364628
0.00201285289695130
0.000911073548039224
0.000168075483091882
9.98151847570389e-5
0.000207546439344801
0.000347449144400335
0.000424099961166062
0.000441270332622521
0.000413796398056752
0.000338083703135641
0.000207762990269251
8.59555623059558e-5
0.000161724983811943
0.000332673342574849
0.000364147276729240
0.000375400257353761
0.000341405297179565
0.000290735079716508
0.000247411603493981
0.000257806951918289
0.000384161409815034
0.000616555720437520
0.000738450586752242
0.000821848869107659
