0.000905063897097235
0.000308589413862623
0.000205877753536885
0.000286553347607844
0.000308608165103247
0.000291517001646366
0.000230037175571474
0.000138749818863644
7.36485451121125e-5
0.000106677548038301
0.000215902567098472
0.000282983536877568
0.000308475189410101
0.000293464403692229
0.000245553283479515
0.000176569129243710
0.000116943413040524
0.000146525865688541
0.000421059943926086
0.000963740994645609
0.00129155835189054
0.00172809506595113
0.000503235452093972
0.000132596130165820
9.28720917946303e-5
0.000197087714945751
0.000313920657728330
0.000375511378122367
0.000388968023708326
0.000365568831722331
0.000302265082284049
0.000192592518729816
8.16365381713368e-5
0.000118139445662936
0.000281811931533905
0.000313874321182417
0.000333771288925858
0.000310516750912745
0.000270032369347032
0.000227778818615191
0.000215058169303187
0.000279876539485270
0.000452388203983375
0.000621212422895978
0.000654735101213200
0.000745613158066316
