0.000932411961171357
0.000337783743172422
0.000224903831789687
0.000309324183198331
0.000329368651172054
0.000305787823896336
0.000233852957769108
0.000134336926047226
7.56360430748092e-5
0.000132964431226983
0.000249466733360082
0.000311387638379333
0.000328933882731534
0.000303309031439548
0.000243893282971513
0.000167166329825288
0.000117990440378706
0.000210186232338828
0.000623234023289054
0.00119115503654155
0.00159469770339514
0.00147977916889319
0.000262495014339072
0.000103104097159714
0.000137576355670834
0.000272375091987071
0.000373554447788455
0.000412519906756778
0.000406547538079540
0.000360154079490549
0.000264663354468705
0.000132055043057370
7.68306866204483e-5
0.000251788782024598
0.000318060967513082
0.000355938717137530
0.000342389265096733
0.000304300222583227
0.000256182200946987
0.000227242745015636
0.000265821041419939
0.000421786562699407
0.000631266510116133
0.000694066433861671
