0.000895903812919721
0.000299281767027097
0.000199812766901704
0.000279211747753401
0.000301822510153896
0.000286696861169575
0.000228497208726897
0.000140070699194598
7.35310949736394e-5
9.92013008839308e-5
0.000204872426291732
0.000273566242312575
0.000301394389067329
0.000289684383310163
0.000245456329495502
0.000179382054623081
0.000118178497006004
0.000132362708563737
0.000366399923370194
0.000882949719516068
0.00122486828402101
0.00169813289181825
0.000628373400423657
0.000147604869902773
8.56545889621220e-5
0.000173575449075398
0.000292201722950863
0.000361355607705405
0.000381165059543741
0.000364397575894856
0.000310375081488376
0.000211150083340485
9.47437890478591e-5
8.88271764248015e-5
0.000259466815601009
0.000298500646363525
0.000327829948046818
0.000310441499100896
0.000274079990515450
0.000231202056822200
0.000208553516026196
0.000249118209006834
0.000393749935956283
0.000579197945380717
0.000630757149410294
0.000714093474252294
