0.000950541280322259
0.000358333055556395
0.000238300150417682
0.000325129355083833
0.000343525417629892
0.000315095976845830
0.000235689935332942
0.000131124045100156
7.86074191640231e-5
0.000153641182610883
0.000272080535173357
0.000330357911783464
0.000341807647481544
0.000308504326704183
0.000241137691920683
0.000160550759565998
0.000124615895095605
0.000274735917119910
0.000787724796090707
0.00132399736431305
0.00187635149008320
0.00110734399129077
0.000189352071991475
9.70746076930208e-5
0.000182285652224753
0.000322955152865918
0.000408256066177287
0.000432631683262575
0.000412694855754559
0.000347554274193841
0.000228530327527130
9.75588719561432e-5
0.000120942304680074
0.000316232512663478
0.000347256946307817
0.000371214135685782
0.000342805914157711
0.000295742065855277
0.000248964998596997
0.000242578847210389
0.000335957730688759
0.000550086223852750
0.000712892839954451
0.000764661094688069
