0.000941486260613366
0.000347947966712066
0.000231529447525866
0.000317164152486544
0.000336416795486273
0.000310465738627921
0.000234844355588082
0.000132749845437214
7.69370958828225e-5
0.000142997471024789
0.000260757052200396
0.000320876447068131
0.000335454820571221
0.000306051478706770
0.000242680265406341
0.000163855739015539
0.000120559286703678
0.000239940671101808
0.000702831993400689
0.00125918440894000
0.00173194852658466
0.00130335579056191
0.000219649312077060
9.83785767436265e-5
0.000158789500205947
0.000297842731755214
0.000391413546074890
0.000423039385156870
0.000410239686935856
0.000354860596817887
0.000247617832631701
0.000113394465760483
9.27906119633967e-5
0.000289767195858827
0.000331455633618991
0.000364918564907264
0.000343114659410615
0.000300346523470824
0.000252080921951600
0.000232740897516096
0.000296656989107488
0.000483909890576457
0.000677784447955051
0.000721730220992426
