0.00106731164044671
0.000514638069710664
0.000340431893054392
0.000440072439353641
0.000440265701055363
0.000368561335142327
0.000232709684691170
0.000113647108042911
0.000149595986599185
0.000330070712027286
0.000422044977313618
0.000446889172949753
0.000403676778040651
0.000309567230829948
0.000198359147897112
0.000170453105018133
0.000471889069759897
0.00130022760186391
0.00194489295458047
0.00282279810342993
0.000467011130867373
0.000146709512409124
0.000187227583074948
0.000387676021889100
0.000521053322190932
0.000561153279735014
0.000534940400747053
0.000442001820552401
0.000272586224722892
0.000109362748100843
0.000226072240725512
0.000440185197347218
0.000468947870711632
0.000470056699633722
0.000413894974413943
0.000343849582888436
0.000307310387123318
0.000390846933363839
0.000664245378986243
0.000934330295313082
0.00103556062615127
0.00113058908613433
