0.00101351113778669
0.000437436104763049
0.000289924920667531
0.000384399121258323
0.000394775847909361
0.000345739388738805
0.000237336323749966
0.000119869911644963
0.000103472233559109
0.000242430643697239
0.000352100131882889
0.000395437658583041
0.000380591198239374
0.000316639667160862
0.000221860945200483
0.000145174961225623
0.000220675519755113
0.000693525869122938
0.00143189322902426
0.00201516715727920
0.00176313412983482
0.000232161269136514
0.000116326717191554
0.000205830638831802
0.000373409231473250
0.000473592288547423
0.000498795167851373
0.000469917519956286
0.000383844151668598
0.000233264254966247
9.51078840763387e-5
0.000200556131523447
0.000384266903465091
0.000415969869806985
0.000420245965816086
0.000375335855487423
0.000314925569334770
0.000273879558675320
0.000317199819805271
0.000515452409444924
0.000780547161356829
0.000861391564334403
