0.000986595401972346
0.000402135373100847
0.000266873616667961
0.000358244914139859
0.000372517876362352
0.000333038133117876
0.000237562655284750
0.000124508012457715
8.96400055859178e-5
0.000201729967012991
0.000317635387657229
0.000367959403846205
0.000365307278208562
0.000315191349449102
0.000231795049642402
0.000148991581333421
0.000161473164786710
0.000473234675403785
0.00115920201303714
0.00161787925525940
0.00218365607360950
0.000449352229957486
0.000132496702909677
0.000135215507237756
0.000289500356322422
0.000415429324249100
0.000465804571347248
0.000461010494920980
0.000407592748209420
0.000295658230755797
0.000142247559775833
9.24280750819002e-5
0.000312573596386670
0.000365305382966406
0.000404819147692429
0.000380055514579435
0.000330982918992805
0.000276586136907590
0.000259577341187041
0.000346671228896280
0.000575732937028943
0.000774238259069221
0.000836118943579462
0.000915733044354090
