0.00104935399280160
0.000487902485318517
0.000322924886695349
0.000421019542064838
0.000424988678404730
0.000361387996320750
0.000234853436337052
0.000115068524076898
0.000131183589067632
0.000300368949995177
0.000398578552049699
0.000430386959146490
0.000397209773205968
0.000313428631610975
0.000206239479638608
0.000154956917961033
0.000363966417497801
0.00108001348154125
0.00175559237774147
0.00270653608453752
0.000799319595297473
0.000155917812694988
0.000143434312509677
0.000325713659939670
0.000476244991570252
0.000536089021785020
0.000527926091364295
0.000459495385571950
0.000318882473310077
0.000140764698565798
0.000131361695839878
0.000405198651916438
0.000430736297353007
0.000463793014908470
0.000420149786049374
0.000355653409162410
0.000300810270621321
0.000323853876444140
0.000512143151393743
0.000816436148976230
0.000934379857298961
0.00111435738217869
