0.00100454690076026
0.000425430720441290
0.000282082735841951
0.000375555761059829
0.000387313146790747
0.000341588346272565
0.000237568718677360
0.000121350302976837
9.82590796747348e-5
0.000228517814694000
0.000340578015012836
0.000386375313539334
0.000375743974404064
0.000316514477290377
0.000225406555359996
0.000145707036830187
0.000197126954089012
0.000612969855603363
0.00134427131035041
0.00185837847353415
0.00196592747467533
0.000281920527709448
0.000119602612839827
0.000179353937417305
0.000345715781420515
0.000455318877765373
0.000488789036183525
0.000468315914715994
0.000393973061524557
0.000255896728429370
0.000106555434203533
0.000151250468343415
0.000370997981758673
0.000397890504561476
0.000417305411790291
0.000377997505560226
0.000320460987358662
0.000272465875636563
0.000291125391568736
0.000450173578471998
0.000717734193656135
0.000831280487144502
