0.00105832684621848
0.000501142990761879
0.000331592786643173
0.000430484507388282
0.000432615889194255
0.000365033531833253
0.000233854132476407
0.000114256736533646
0.000139987659404630
0.000315192406299853
0.000410295215841807
0.000438730299364787
0.000400607505189284
0.000311685029099284
0.000202246043605311
0.000161582399875704
0.000414509985585951
0.00118886781214234
0.00184357974748891
0.00280201156365166
0.000613833507726444
0.000150641179112711
0.000162912677580124
0.000356779480230108
0.000499256111213881
0.000549139820908629
0.000532141229873456
0.000451904471649955
0.000296689730330452
0.000122696116059217
0.000171569148729892
0.000427918128491401
0.000449476503584778
0.000467956278062832
0.000417563304213226
0.000349629301407429
0.000302274373792420
0.000352904083905190
0.000584573476389013
0.000881325456759993
0.000975287825811857
0.00114919571326236
