0.00113090565540247
0.000616435657646029
0.000407268895143740
0.000510571491216081
0.000494121920234510
0.000389504755372651
0.000221105936876421
0.000117297761100879
0.000240176673108745
0.000433721866406764
0.000504494337485057
0.000497751844818842
0.000414950779102607
0.000285182581038744
0.000183524506889844
0.000327340604607343
0.00108799087377602
0.00204089327369100
0.00331434180770151
0.00109636999617011
0.000162872741141026
0.000180655184890210
0.000421004451846254
0.000585477579918054
0.000640703672379571
0.000612391091864057
0.000503296721834137
0.000302829156177996
0.000119917919753070
0.000299285502893506
0.000510050337793996
0.000542535032266085
0.000526679601257251
0.000453295895762065
0.000373560626878605
0.000360741146702657
0.000533903632931109
0.000911816389271273
0.00112325898824233
0.00136356414953252
