0.00114015093202549
0.000632053932923333
0.000417550186515012
0.000521115491563581
0.000501809704549222
0.000391898353989630
0.000219027024230728
0.000119310876415630
0.000256349603774340
0.000448321486984557
0.000516150039241768
0.000503972283217235
0.000414973972829126
0.000280591517213387
0.000185001582541073
0.000368676714752287
0.00120593125799979
0.00214047115822809
0.00351553409401958
0.000831666694628259
0.000164430006890748
0.000205447358690694
0.000455003741856670
0.000609554117457452
0.000653279962613941
0.000614070285582410
0.000489619697754730
0.000274827577186564
0.000115337018909685
0.000374563949980892
0.000515046984153857
0.000560307227210137
0.000525509658354139
0.000447043846367152
0.000370261848671971
0.000381743887557194
0.000605512279183229
0.000998933097508133
0.00116644132983257
0.00143522057690573
