0.00110345344508329
0.000571213076406061
0.000377540774997624
0.000479640715450020
0.000471015225875903
0.000381385907722005
0.000226780593076238
0.000113749642038267
0.000196364536403143
0.000389568917330793
0.000469227740603537
0.000477420338000231
0.000412421255603596
0.000297514962470132
0.000185886227343908
0.000235557389802992
0.000776902755359475
0.00174049653813439
0.00260099113222550
0.00206073597774137
0.000191930917506237
0.000143104063611743
0.000315737021778631
0.000506107390549850
0.000596256270414059
0.000598123613935397
0.000529363871312815
0.000377070415155547
0.000170779625667025
0.000137694371930588
0.000460791088695957
0.000481929820120431
0.000520676545411275
0.000466497632215225
0.000390922265127223
0.000333671179328586
0.000384427229469739
0.000643592304390107
0.000980952969918848
0.00109859029447739
