0.00111256264045605
0.000586017516807359
0.000387266186764940
0.000489833030000418
0.000478720239937142
0.000384243618636799
0.000224992520805918
0.000114550679241510
0.000210156344420755
0.000404345759287340
0.000481017233358778
0.000484463130789192
0.000413665634976294
0.000293678747761116
0.000184166282294771
0.000261287721161206
0.000872953439971108
0.00184332682113902
0.00283402208584757
0.00173221307328692
0.000173285003357594
0.000149906973844585
0.000351080262551497
0.000533673716394161
0.000612183722022262
0.000604303956191466
0.000523024492629057
0.000354442808297715
0.000149174223364994
0.000176329348921329
0.000488767095208040
0.000501155573480527
0.000524874290602784
0.000463124307736029
0.000384457952734668
0.000337848076342889
0.000423797220611088
0.000729608510398038
0.00103833674300594
0.00117250253109952
