0.00109437863189290
0.000556675287952181
0.000367996652056831
0.000469567649466865
0.000463313163246343
0.000378383549437590
0.000228453571111199
0.000113288041532457
0.000183408591799965
0.000374739512736377
0.000457423690589401
0.000470128837735542
0.000410788965981431
0.000301040435770574
0.000188307306924613
0.000214047227289693
0.000688828820050981
0.00163398797849271
0.00239241524100779
0.00235844332267141
0.000225166431918938
0.000140645283574886
0.000280840918693738
0.000477582185665215
0.000579204856535176
0.000590646777124141
0.000533566358459143
0.000397205262621320
0.000195145186559029
0.000114119684853196
0.000416308318800847
0.000466394072509162
0.000513257111831862
0.000468854140529245
0.000397442515137844
0.000332990279188286
0.000354274095825526
0.000565374132176509
0.000911232273127043
0.00104710452933572
