0.00114945351784521
0.000647948007160078
0.000428020754447866
0.000531774445052655
0.000509482678662274
0.000394127690567596
0.000216872235168565
0.000121797684801801
0.000273247561410264
0.000462868078828876
0.000527727761461605
0.000509892998647452
0.000414574454505062
0.000275828826290255
0.000187980676463452
0.000416247245339991
0.00132971892119546
0.00224645092856052
0.00365364801848476
0.000616573617643100
0.000167235821336721
0.000236126572836961
0.000488217314552823
0.000632351532705145
0.000664698843194047
0.000613998697562344
0.000473252273888738
0.000246346607637613
0.000119869103546824
0.000447050946155871
0.000522654643962013
0.000574177340894196
0.000523378574772184
0.000440197999975156
0.000369312690880611
0.000410757481731603
0.000687651158815927
0.00107695914817724
0.00122573185746133
0.00145205619503531
