0.00123692988807583
0.000803756866493309
0.000531096344258352
0.000632641240488667
0.000577060347411226
0.000406141756945148
0.000196343159211247
0.000172155745617974
0.000448551370356565
0.000593000212203486
0.000625405805555508
0.000547535024438399
0.000391686349209559
0.000237104118545574
0.000333973799245298
0.00119849964981836
0.00249473780389617
0.00434458345317378
0.00115355142052821
0.000173695621959574
0.000266377453790052
0.000591770276992236
0.000749543596027727
0.000780076201013972
0.000703434333874767
0.000509785507867685
0.000230412537096574
0.000181479662881909
0.000639242330438142
0.000625420823122825
0.000666199606502273
0.000573950135247686
0.000469113428856091
0.000433963723322100
0.000635347483012797
0.00112503053025956
0.00141394303732963
0.00180128925752608
