0.00122678139768663
0.000785285999602372
0.000518834548724720
0.000621014795799244
0.000569745318788729
0.000405561940091049
0.000198532597426782
0.000163553034711555
0.000427798230133319
0.000578490024008258
0.000615351529041008
0.000544900486131724
0.000395892443381179
0.000239837970333294
0.000302556374176814
0.00107675580384972
0.00237232506170163
0.00402690509492776
0.00153004159508348
0.000162024795073577
0.000234066326260439
0.000555869615048080
0.000724567720030700
0.000768741100869556
0.000706107428551307
0.000532136988622627
0.000259900355783635
0.000151181143345966
0.000590844097911668
0.000607798771474308
0.000661047193446777
0.000579288344670409
0.000476110507031354
0.000421039526026547
0.000567440629238392
0.00101643206638072
0.00136160143120398
0.00168647763719231
