0.00124721524266877
0.000822523796547037
0.000543566668458704
0.000644366149285392
0.000584308858862924
0.000406524911176874
0.000194238266767556
0.000181659831527298
0.000469398816826091
0.000607547189723803
0.000635201813971735
0.000549739931444181
0.000387107926910331
0.000235224014932107
0.000370727447668231
0.00132874456914462
0.00261805277418443
0.00462450354395649
0.000839151202700144
0.000186936559892589
0.000306169267245142
0.000626038512627630
0.000773218876310652
0.000790057656557403
0.000698547550893649
0.000484610312114354
0.000203536621157640
0.000229151348318851
0.000666982465398903
0.000647691637036730
0.000667761622295758
0.000567729179995059
0.000463300467620533
0.000453684657538287
0.000715762247643309
0.00122944818955915
0.00147627198282670
0.00186435570905684
