0.00119706375912886
0.000731631226732152
0.000483281663541635
0.000586746238883301
0.000547456603455904
0.000402661606700389
0.000205412109992141
0.000142703293480975
0.000366765952813491
0.000535127739769623
0.000583810382791518
0.000534544612944237
0.000406101608133195
0.000251585075829850
0.000235366808118345
0.000765088433274927
0.00199059563533237
0.00311350437786702
0.00281520061986046
0.000168143957347115
0.000182299710839289
0.000437379569476063
0.000642663199791826
0.000727036969279534
0.000702389715673987
0.000582023786954545
0.000352110077893280
0.000136996561695410
0.000355304629082436
0.000587768037738147
0.000618594148177685
0.000590168577716864
0.000498790965345762
0.000411465333048315
0.000432761021357955
0.000712471532807620
0.00116328508525415
0.00135214085562411
