0.00120685730566741
0.000749225081341672
0.000494929092951950
0.000598065386711339
0.000554937984903451
0.000403819558199403
0.000203085791641947
0.000148872243875561
0.000386836922359980
0.000549561035003568
0.000594536270229841
0.000538392434013910
0.000403113521446334
0.000247219233153743
0.000253722689505347
0.000859982368856654
0.00212093661781449
0.00339215090654816
0.00239206751902792
0.000155514582771317
0.000192778510274568
0.000478565094414795
0.000671031640135380
0.000742194531772939
0.000705439492219444
0.000568209043769503
0.000321779247012273
0.000131536121415417
0.000440632410599069
0.000590234287446774
0.000637239674010766
0.000587418281772119
0.000491405535728675
0.000410837386743363
0.000467131252901968
0.000806338574642312
0.00124161699619208
0.00144067901509634
