0.00125764735157167
0.000841588572957900
0.000556247360219015
0.000656187384598903
0.000591485184034134
0.000406710128783716
0.000192238866757855
0.000192108688889936
0.000490279812931350
0.000622132846708430
0.000644723082635433
0.000551503252350147
0.000382181482626628
0.000234382763271155
0.000413346315505727
0.00146691728830457
0.00274659916178945
0.00483262628766733
0.000592397516927368
0.000199482999639964
0.000352273864557443
0.000658971579529173
0.000795533942246852
0.000798620205080728
0.000691284245948216
0.000456771911567523
0.000180649104643661
0.000295655501054349
0.000678227402915739
0.000672275583266917
0.000666657834441210
0.000560660789612440
0.000459345667322933
0.000481496923593343
0.000808408748711964
0.00132471669935165
0.00156192629730990
0.00184574425240602
