0.00132392447296965
0.000962325382915704
0.000636849445614061
0.000729005960898568
0.000632701024436737
0.000403654687721354
0.000183747017207387
0.000276716529631175
0.000613573683163626
0.000710247654200710
0.000695211944039265
0.000552229631584499
0.000347408996228318
0.000264243538876272
0.000822840063320071
0.00240224277796237
0.00403962595118981
0.00342956603077214
0.000125386641355586
0.000252736216525828
0.000659442871911096
0.000841170626785358
0.000899258025778943
0.000814616079412542
0.000589795537767428
0.000261307228450324
0.000221962998898121
0.000767421827856221
0.000721343099733952
0.000755896859353627
0.000634723361594121
0.000515774960462111
0.000525722585195668
0.000884277612685855
0.00148051278653683
0.00178219126715150
