0.00133569361303742
0.000983520631490905
0.000651052300016804
0.000741433589529054
0.000639207735183287
0.000402460605992690
0.000183151116804890
0.000294721951902184
0.000633478415099362
0.000724945799852027
0.000702383093332046
0.000550633241714752
0.000341242881442779
0.000277732081926542
0.000921559054748948
0.00256274153960363
0.00440619185522106
0.00284469723007347
0.000134443032051242
0.000274200080391389
0.000702356132096349
0.000869265475693832
0.000911388689669213
0.000810160550821101
0.000562505403699678
0.000232173976090624
0.000280489957831811
0.000788716777358931
0.000746420699235414
0.000754720222321663
0.000626689727143618
0.000512643579384545
0.000562587896619608
0.000995468673570691
0.00157259421832050
0.00192291732021110
