0.00130105458087663
0.000920860026205695
0.000609109832618877
0.000704389525689047
0.000619352736740252
0.000405462807681747
0.000185747092219477
0.000244132435862149
0.000573112396445165
0.000680812195566661
0.000679746460473424
0.000553924251383466
0.000359676739759945
0.000245846234184119
0.000653454828953073
0.00207928363768247
0.00345488562168929
0.00441260942443445
0.000152516154004278
0.000230225155490519
0.000562672228381878
0.000782731974741188
0.000870522503895564
0.000816835901035217
0.000635394021318796
0.000326892664752385
0.000160142426377634
0.000657019711012820
0.000686675634596786
0.000746827817265828
0.000648610329703267
0.000528303325955959
0.000479225580940486
0.000699232807211307
0.00126121825463818
0.00159985368453881
