0.00134770291790201
0.00100502607038204
0.000665479377009665
0.000753936964703824
0.000645594700479725
0.000401077131777736
0.000182862887249904
0.000313877840777693
0.000653150755037282
0.000739608487387593
0.000709161457250316
0.000548533030581227
0.000335164659913233
0.000294582792869724
0.00103011969346167
0.00272111590153607
0.00481533197989081
0.00225922833799461
0.000152806478724004
0.000305112765258546
0.000741529407173610
0.000896394295478643
0.000921983717584468
0.000803257482807280
0.000532391480482541
0.000207289371339088
0.000359481599224760
0.000793604493270501
0.000773343199978767
0.000751031704752719
0.000618054649861713
0.000512711399655923
0.000610357545591722
0.00111669277491040
0.00165149111392718
0.00209143886919944
