0.00127899329945023
0.000880618546275692
0.000582247097805414
0.000680109813425846
0.000605598230863957
0.000406483985112537
0.000188644862595015
0.000216003425412095
0.000531924961594859
0.000651415313770428
0.000662877716226771
0.000553660271875487
0.000371408462489219
0.000236659809496375
0.000518368318164733
0.00176357497598845
0.00304523603975567
0.00490719553931049
0.000283017765070020
0.000217838941953757
0.000456228048457050
0.000722053176630889
0.000835923140748688
0.000811150383288456
0.000668988013468057
0.000394402261774963
0.000152742580490381
0.000474379691485513
0.000678383920345041
0.000717944547288184
0.000659528742476002
0.000544634563191720
0.000460209766220765
0.000566696148523474
0.00102463424335359
0.00147691057358899
