0.00145414791241344
0.00118837655115636
0.000789152913711890
0.000856306089241294
0.000691644484438781
0.000383793507912082
0.000195553322890693
0.000506119934637427
0.000802776987642572
0.000853066907609256
0.000747652493698545
0.000514058589030581
0.000304013954363839
0.000605880082858709
0.00225055835247028
0.00412501554473720
0.00632775233339012
0.000101319885819624
0.000308582860574014
0.000801367735404560
0.000987270062285224
0.00106184863267050
0.000941763301902030
0.000643358933269979
0.000254370372876485
0.000382300365594693
0.000933553310501227
0.000874995026849688
0.000850335362553222
0.000687293111135646
0.000579805846477155
0.000766389453573060
0.00145303148666660
0.00198713165427477
