0.00142559404265407
0.00114063994168173
0.000756837847848150
0.000830371285595252
0.000681058576369992
0.000389059850549216
0.000189382096248894
0.000452102315653327
0.000766471644601273
0.000825672112629662
0.000740834356233295
0.000525484365243251
0.000306811559979454
0.000491429207583830
0.00189198402704623
0.00368540307711856
0.00673143992214912
0.000225530832724582
0.000289857131399540
0.000667041316185607
0.000928932038130541
0.00103055769577518
0.000949226982659110
0.000702003963645537
0.000318019284676659
0.000242320037829930
0.000902722421918731
0.000819850962865609
0.000858555514081514
0.000706595416191674
0.000574930162166864
0.000642341256396789
0.00117425094113347
0.00182368014181850
