0.00139842000694907
0.00109417439429165
0.000725461461361127
0.000804645902328525
0.000669822517591578
0.000393735361866175
0.000185410811447055
0.000401787693601211
0.000729527819516928
0.000797500089560748
0.000732078191996347
0.000535114062092745
0.000313833688955640
0.000404304214699885
0.00156573615844525
0.00334114183351915
0.00643431389251230
0.000568806072740828
0.000255241860897788
0.000524898910457190
0.000871002743906063
0.000992126430210680
0.000947712449217665
0.000747992057774094
0.000391247662009699
0.000181483354183438
0.000774010898717489
0.000786539952659356
0.000851138258245146
0.000724048434606013
0.000583947186829926
0.000566082997865747
0.000932142247588189
0.00162242697178489
0.00199783702828369
0.00238082214100217
