0.00143969012750412
0.00116434894974834
0.000772877374064806
0.000843314377945952
0.000686435809992466
0.000386496159066021
0.000192172365435617
0.000478681155704308
0.000784693142634959
0.000839479289058811
0.000744491907204654
0.000519985421602793
0.000304784850678231
0.000544949844471354
0.00206773428207266
0.00388847793705564
0.00662540274214673
0.000143522812386072
0.000300310328221376
0.000736400744524472
0.000957981186660234
0.00104711629227320
0.000946695655138464
0.000674229801487733
0.000284344234997857
0.000301248255834384
0.000928264383449743
0.000845945896569591
0.000855877376949982
0.000697106481633323
0.000575136311765220
0.000697730530926838
0.00131081525680441
0.00190663832086940
