0.00138530979960046
0.00107141602202209
0.000710121806193644
0.000791870815501847
0.000663975844240996
0.000395831635667614
0.000184152857666445
0.000378162014177592
0.000710766240661941
0.000783185005671074
0.000727005037238998
0.000539213142318781
0.000318476396090976
0.000369584413764868
0.00141669191944811
0.00318448671442053
0.00609765522539205
0.000859920924537622
0.000230980657919692
0.000458008601724646
0.000841328633574511
0.000970390377660587
0.000943947808380157
0.000766246956361462
0.000428498864134699
0.000173276596572406
0.000675324525872540
0.000781746047885025
0.000839347342672536
0.000731921519446407
0.000591464622170147
0.000542381920779195
0.000830751370541782
0.00150278370938811
0.00188020738663133
0.00244343677255322
