0.00156700409771477
0.00136554278278837
0.000909791976030374
0.000948270575348384
0.000722896644903130
0.000361905289706946
0.000239615431679986
0.000715225085427475
0.000927423537456559
0.000939942287877671
0.000754904070127398
0.000463606693041458
0.000355579264610104
0.00128790342154975
0.00361280210827645
0.00730069744060872
0.00149643954303491
0.000259290896695799
0.000576176761653805
0.00108344690203750
0.00118186078775050
0.00111107630424009
0.000826642864170510
0.000372637390428996
0.000287871517256490
0.00108487540093582
0.000945414169644342
0.000976462495016991
0.000782876507880474
0.000649416736266763
0.000844537089003581
0.00163552275700176
0.00227000935640379
0.00319839394401148
