0.00166270227685354
0.00150174953499139
0.00100328574503878
0.00101448128733998
0.000738935717499502
0.000344892036974357
0.000299699507434522
0.000870675809771913
0.00101671334599759
0.000990173295226426
0.000743007213088316
0.000425932884630678
0.000498757322917654
0.00210317938988765
0.00462136615744623
0.00937580204535827
0.000105897086670524
0.000413714477156423
0.00105038519117339
0.00120204488944712
0.00127604149194354
0.00107817948724215
0.000648574807613258
0.000236351926814772
0.000844891395362781
0.00105385885027121
0.00108944483227227
0.000926861477697124
0.000734941213832342
0.000772296643614300
0.00144118081364438
0.00233970834101985
