0.00154949901533768
0.00133926863340195
0.000891831088312412
0.000935052992807221
0.000719029456496625
0.000365262061096488
0.000230787941727116
0.000684175660361707
0.000909677302737888
0.000928582494223406
0.000755533285634353
0.000471432659757031
0.000339953599208748
0.00115943281176999
0.00341831633543447
0.00669624903312733
0.00212829873768406
0.000216461248299417
0.000499854317769338
0.00105820714496016
0.00115712706042974
0.00111020739107427
0.000852663338607896
0.000412450155394699
0.000241553750488214
0.00103648206672472
0.000922441764621823
0.000978553137865442
0.000793765637700916
0.000646450164058030
0.000772008248579267
0.00147892651330623
0.00217480644149057
0.00302638546561474
