0.00179863517778783
0.00167581417324586
0.00112367923803072
0.00109353321332658
0.000750367711835387
0.000326499121165031
0.000414308260275110
0.00104753441556721
0.00112520768437943
0.00103357775946923
0.000709560756497248
0.000400694527924168
0.000882279214023483
0.00341509515034291
0.00682096395047349
0.00541382002103299
0.000208383923677438
0.000519499981984978
0.00138698528741539
0.00137643746248271
0.00131002191642825
0.000937431407140009
0.000385540667023023
0.000452487706778033
0.00132110899148833
0.00113583575875685
0.00109725186314249
0.000852624252578224
0.000786269382658103
0.00134279034507594
0.00244210813861710
0.00333409070677050
