0.00196296679412877
0.00186134309101607
0.00125308206576941
0.00117101685670630
0.000752669481815645
0.000315025369559509
0.000584498113214404
0.00120517352277898
0.00123246219115608
0.00105550181963910
0.000658099671167637
0.000437998259073893
0.00161798972524944
0.00487447124211490
0.0114265208383103
0.000496518375802639
0.000508996291848422
0.00117331370207100
0.00146328814964777
0.00151786158062455
0.00124625301762553
0.000679478015798053
0.000277529418758912
0.00134334740848742
0.00120824275230931
0.00128129854731703
0.00100704276257335
0.000836106116959108
0.00120929492133237
0.00242178837624912
