0.00190464960444837
0.00179823861368630
0.00120894666498719
0.00114544200786402
0.000752938880218721
0.000317726832389702
0.000521238139954484
0.00115491451421986
0.00119716460450811
0.00105074829303484
0.000676858345517969
0.000414962295968977
0.00132578796020130
0.00438647944131498
0.00974022725799285
0.00150498337284175
0.000406069050460957
0.000893299785319382
0.00144327304831515
0.00147953877070294
0.00127959902652829
0.000775807122497908
0.000276680309858926
0.00103191149162214
0.00122792615932722
0.00125730114295533
0.00103788033675403
0.000825821122607879
0.00100693216699892
0.00203612289630961
0.00297067568370522
0.00442928292761582
