0.00223766899541979
0.00212611390437885
0.00143955138282640
0.00126960293208238
0.000741328650669912
0.000321446824154646
0.000899634228377015
0.00138730559322188
0.00136309217700099
0.00104726679346603
0.000578621581690723
0.000710712596638585
0.00330887948005769
0.00736761555493552
0.0108120212486373
0.000448790740163750
0.000594464936852549
0.00192687167188839
0.00165795794960061
0.00154328519816074
0.000973397173715173
0.000340144823042915
0.00110982817068666
0.00146135169061544
0.00143627682640900
0.00117705903457831
0.000940623265479040
0.00128623147530338
0.00266734357954806
0.00381709969707759
