0.00209148503043042
0.00199128431321881
0.00134434224102828
0.00122115701066990
0.000749022665100786
0.000314224827463756
0.000730342681694701
0.00129950113253177
0.00130044141169982
0.00105694678630229
0.000617921015663417
0.000530745401089513
0.00235914076833655
0.00590545451384643
0.0133813410392972
0.000144747701328016
0.000599929302386355
0.00168868296275488
0.00153981579071223
0.00155758002533430
0.00113853128976117
0.000482551378367480
0.000488511921529124
0.00159054997041554
0.00129749309268485
0.00125162885088877
0.000954613736089799
0.000954134256460971
0.00183258727076766
0.00308748202260740
