0.00212628625754751
0.00202453798467849
0.00136777648526472
0.00123344394547685
0.000747471659891059
0.000315183390029970
0.000770624414962480
0.00132197017855551
0.00131669145720479
0.00105558285331502
0.000607763170747445
0.000566265488396790
0.00257772629925578
0.00620511443739146
0.0132322156975099
0.000215641868875087
0.000594834616571729
0.00177719042298378
0.00156719971671082
0.00155909381601160
0.00110255383423675
0.000438547422896793
0.000604526689413999
0.00157309008733295
0.00133541276621417
0.00123452502184768
0.000945692727254323
0.00101299856047753
0.00202951973168476
0.00323263888321159
