0.00205778696768103
0.00195833628924108
0.00132115493728626
0.00120876426700801
0.000750320015687858
0.000313765732273849
0.000691540193540147
0.00127662174470667
0.00128385847914302
0.00105761398138130
0.000628120600566474
0.000500641430388359
0.00215381068296951
0.00563017035563368
0.0132230959529998
0.000106719138136894
0.000596278678411630
0.00158061930844966
0.00151529452604406
0.00155265414094407
0.00117084355454590
0.000529851403168174
0.000400961223989153
0.00158234427224925
0.00126283404774720
0.00126610167777031
0.000965744062664705
0.000908661089193198
0.00165022366781067
0.00293913819321197
