0.00227724680954572
0.00216057068596599
0.00146396337243152
0.00128139938316106
0.000738797935410473
0.000324802812358252
0.000945069508976898
0.00140852790832767
0.00137765994265761
0.00104307910901108
0.000569772338347992
0.000773419681258541
0.00357536981662243
0.00788974140249724
0.00944767424769440
0.000503855940532253
0.000624434295048876
0.00194398310457296
0.00168825873658747
0.00153121768731780
0.000923968831752349
0.000323579511685168
0.00130572730010178
0.00143025139001283
0.00145738453872483
0.00115805320644750
0.000949768365264448
0.00141420651667104
0.00287809124085374
0.00412910855189936
