0.00275071756908148
0.00252096509449539
0.00172108202788932
0.00139052956079643
0.000701875311039349
0.000405870758834215
0.00143633349685372
0.00161488380256984
0.00149043743029317
0.000963686159701532
0.000551879873055786
0.00196543224219304
0.00656803918869309
0.0178695755464726
0.000234029264821316
0.000873037260134205
0.00225985039397193
0.00188474819633666
0.00185926085463599
0.00121178827068782
0.000423033674697660
0.00122390184122310
0.00175361757524093
0.00164848638780864
0.00133414049653326
0.00108822791556844
0.00172638056745236
0.00352091810241423
