0.00269637080211547
0.00248367201064874
0.00169433548700820
0.00138044451214981
0.000706387215706680
0.000393031123807324
0.00138617602156131
0.00159428572533678
0.00148227478549145
0.000974475427932192
0.000544288361289664
0.00179031410317622
0.00625527575461929
0.0168035344243819
0.000195592698749809
0.000846694388015611
0.00206198716744483
0.00187515034436096
0.00185854939088464
0.00126024090032253
0.000457828718351749
0.00101317869519643
0.00180814458030902
0.00161519981500351
0.00135775822722400
0.00107484714384571
0.00156865074891769
0.00329404548291227
