0.00280678644700153
0.00255852558189493
0.00174805007187915
0.00140040486166163
0.000697221083831788
0.000419993960503269
0.00148622374968739
0.00163554654003770
0.00149781909184386
0.000952358658002769
0.000562667492102763
0.00215508139527513
0.00688639537198792
0.0187446432287088
0.000393528359184197
0.000879346130277292
0.00243214552796178
0.00190094305828196
0.00185530479059640
0.00115996347362945
0.000396604283840987
0.00144982059879221
0.00170508578698991
0.00167417235158159
0.00131141954399299
0.00111033752412737
0.00190592923647084
0.00373533007129795
