0.00264369895150482
0.00244664957906962
0.00166781300219839
0.00137015672308064
0.000710744472668350
0.000381407358307603
0.00133588355312428
0.00157373963593652
0.00147335251556759
0.000984691677962861
0.000539544146424661
0.00162924122999944
0.00594556429567494
0.0156248038672761
0.000333114722311717
0.000805266908776864
0.00184723278049115
0.00187261677331667
0.00185332140787055
0.00130513774431450
0.000499464649298931
0.000827636197678037
0.00186172159367308
0.00157639407745074
0.00138165002828622
0.00106873245429170
0.00143234482560440
0.00305770963740542
