0.00332329822343754
0.00286821400324639
0.00197141809000730
0.00147102829802916
0.000656593257459470
0.000587860389132651
0.00186193322437083
0.00180337833764970
0.00152668333505357
0.000848560913345839
0.000814544219581744
0.00422006481211765
0.0105610623938631
0.0123308494244338
0.00170448504408816
0.000801676517130684
0.00276615373445522
0.00211916770815917
0.00166043693746934
0.000681923056664637
0.000761562873367264
0.00232560029335637
0.00177176185714598
0.00159882279388818
0.00122561828086980
0.00180761396677542
0.00388916213624991
0.00620580328514158
