0.00304925864897271
0.00271137316410818
0.00185808158377810
0.00143766955565172
0.000677453877935740
0.000490742110630796
0.00168065962734710
0.00171895797879814
0.00151916052120431
0.000902562244096026
0.000645655202296866
0.00306561371922506
0.00832741401005586
0.0188511881945500
0.00136341722834548
0.000750424466457852
0.00280289316462718
0.00200760350799520
0.00179311723939956
0.000926125707942869
0.000412058279131485
0.00221589337998059
0.00163982212516735
0.00168842661012922
0.00123926929355673
0.00131955808376329
0.00282225102428255
0.00456488645062588
