0.00339714154786568
0.00290801891801992
0.00200024259568252
0.00147870784594345
0.000651338558252404
0.000616825208211744
0.00190459512701550
0.00182453548965552
0.00152632017327754
0.000835020507413134
0.000874172483716446
0.00454393381806749
0.0113615838619004
0.0100680838346782
0.00164271823310139
0.000908507400713957
0.00271897019256266
0.00214126475609748
0.00161660693719287
0.000626614464726951
0.000928277296602297
0.00226856400901184
0.00181686575890842
0.00157010580131830
0.00123811417870641
0.00198483613768750
0.00414163889505129
0.00685170106245305
