0.00318212152270019
0.00278930974072740
0.00191435017241843
0.00145486400428776
0.000667092567273471
0.000535703119895548
0.00177329207073360
0.00176108702618632
0.00152469897653867
0.000875785120628263
0.000717320569875731
0.00361334320041508
0.00928636849399418
0.0163056978042088
0.00166176964252622
0.000714275557048386
0.00282159944304246
0.00206688296802152
0.00173538140143835
0.000801742887605470
0.000530138401116111
0.00235616392948899
0.00168927892671843
0.00165138220155361
0.00122198856091893
0.00152189154944803
0.00335693671777224
0.00519702731563949
