0.00311467782852287
0.00275021851837010
0.00188611419241663
0.00144639224347825
0.000672299419624174
0.000512360954098447
0.00172743709642954
0.00173999417964241
0.00152236873527062
0.000889272621240761
0.000678565788695689
0.00333187440697711
0.00877597765244151
0.0177935290468820
0.00154264157175606
0.000721219910632212
0.00282323377066092
0.00203773941209855
0.00176641338165038
0.000863889335009861
0.000458989412258412
0.00231027054750062
0.00165890691283801
0.00167256406335953
0.00122849851384367
0.00141107671822559
0.00308703143703936
0.00484282276042842
