0.00347323004289662
0.00294805345209419
0.00202925560675905
0.00148611051776539
0.000646106991270556
0.000647811557411155
0.00194608631475569
0.00184566696899762
0.00152504453516312
0.000821676223314436
0.000941961913978276
0.00488024558628605
0.0122939643259068
0.00780399401566484
0.00154881955794082
0.00106246316934687
0.00266357460389570
0.00216019171399518
0.00156865734009797
0.000576094007887131
0.00112993132477039
0.00219818507725396
0.00185984595837584
0.00154128616463576
0.00125958291303407
0.00218570459616429
0.00438201775585812
0.00753938256123044
