0.00437078781433467
0.00336004092030687
0.00232878482502704
0.00154361932933725
0.000600063787548088
0.00108212567379366
0.00229376966244079
0.00204786092475539
0.00146196997136154
0.000733364259531207
0.00221829755961282
0.00866877374588513
0.0275512173306433
0.00206221477612154
0.00127943900848749
0.00394595896604561
0.00238908698685082
0.00210588776873266
0.000929355992277142
0.000717955409053684
0.00290941819268511
0.00200106895631862
0.00185548497751360
0.00141860700615545
0.00235383212747854
0.00497980795658122
