0.00371554799309568
0.00306949142332705
0.00211738420352704
0.00150659589444756
0.000630763853581809
0.000753585794485960
0.00206323561401516
0.00190860165920664
0.00151570443856462
0.000784136722222545
0.00120083954017808
0.00595186386979892
0.0159941072773586
0.00231740320024099
0.00129026600018916
0.00180474606671640
0.00248881008509480
0.00219535269379254
0.00140197270776322
0.000467432503807618
0.00188708429383093
0.00199544186850342
0.00194885903080046
0.00146283816648854
0.00139435212706307
0.00292285717934772
0.00508851348939663
0.00895352549128884
