0.00416989539515248
0.00327606280152768
0.00226762633525592
0.00153465069016425
0.000607764052948541
0.000976047986187918
0.00223376622527250
0.00200972805319957
0.00148180091379657
0.000739824679494658
0.00185907705999739
0.00787029497776000
0.0244838372888468
0.000810648316602446
0.00132917250592756
0.00347015990553417
0.00236355294097198
0.00216085175933413
0.00106886501254942
0.000537265338381919
0.00286119330929188
0.00193034205122550
0.00191475276039910
0.00140040695684681
0.00196474672980768
0.00440904963688152
