0.00355162134666586
0.00298831331519108
0.00205845304893502
0.00149323010701925
0.000640919428438114
0.000680889678791755
0.00198637153196386
0.00186674369406383
0.00152285174527492
0.000808653499885460
0.00101855595347938
0.00522786645058219
0.0133722137433630
0.00567903873088933
0.00144554840196953
0.00126467351252183
0.00260396809664723
0.00217568746149748
0.00151674576065239
0.000531741195501283
0.00136296063737927
0.00212426871985382
0.00189763138804290
0.00151329517597317
0.00129161121742025
0.00240993360165583
0.00461303071802257
0.00818923142059949
