0.00388940297584481
0.00315151716133770
0.00217700055088397
0.00151875844804647
0.000621055136972992
0.000835398728080953
0.00213511086507164
0.00194982032175769
0.00150487563245557
0.000762734146006779
0.00142655813495594
0.00670510316920210
0.0191914076299751
0.000580940544185708
0.00126219133556752
0.00247480191745963
0.00240343961906299
0.00219764672186050
0.00127477863518797
0.000446782277064446
0.00239295765364782
0.00192093047818483
0.00196129209936946
0.00142411544381741
0.00156122934224398
0.00350187391771698
