0.00447560457031990
0.00340229915836863
0.00235957025567289
0.00154760210465541
0.000596647673980257
0.00113889485567235
0.00232216713758733
0.00206624367721578
0.00145076310323423
0.000733581038012795
0.00242117396161173
0.00907906128648421
0.0286662320609065
0.00280218113182380
0.00120597937795841
0.00410400774545813
0.00241137633009778
0.00206931860802880
0.000861630007795081
0.000857005708191581
0.00286760195353756
0.00204714467698215
0.00182193193739199
0.00144168703529661
0.00258677596874588
0.00525010989241299
