0.00529750708960361
0.00370263846297886
0.00257836775089300
0.00156577359621362
0.000583818632948812
0.00160365218995468
0.00249619361948785
0.00217764080488255
0.00135054302994907
0.000831023712682438
0.00432183762639914
0.0127942469907377
0.0215664492866217
0.00572117257268075
0.000767190782072973
0.00411679063516259
0.00256307103449174
0.00167012231388778
0.000540778886308301
0.00271785118153229
0.00229549480370322
0.00226800368053369
0.00162824120298776
0.00202623074841630
0.00477284392581914
0.00830013155536763
