0.00469432575057191
0.00348732802222980
0.00242152499009516
0.00155454425896404
0.000590836439181269
0.00125984859122010
0.00237601284328866
0.00210139914590144
0.00142586833163177
0.000742455335161772
0.00287639709463177
0.00994292784208014
0.0295606132397826
0.00425480567124755
0.000997711305226356
0.00427475070228141
0.00246334689721342
0.00197942717795996
0.000735872699664766
0.00124871310464263
0.00270601864833179
0.00214276468982179
0.00175389167727081
0.00152374243381294
0.00312686509976059
0.00579868543673698
