0.00480837218161250
0.00353008804320237
0.00245268244760112
0.00155749633849942
0.000588505647720674
0.00132397966007319
0.00240157553376505
0.00211807443923754
0.00141223156803585
0.000751799091809107
0.00312973174307253
0.0104106277683869
0.0291751105652828
0.00488091960950262
0.000891054997944664
0.00430091085151448
0.00248916811491807
0.00192673245333070
0.000680375343829247
0.00150151906247631
0.00260866197527596
0.00218541563603946
0.00172176149525725
0.00158632445023616
0.00343020304630900
0.00611320187494106
