0.00556290697150951
0.00378974168269860
0.00264175197133943
0.00156776131753750
0.000584778986901149
0.00175624002620539
0.00253980947607206
0.00220249882139446
0.00131603804059438
0.000902041361173765
0.00502571799714280
0.0145353833359197
0.0151330052510791
0.00494889207668486
0.00101142393674994
0.00388210154391407
0.00257354089724003
0.00151879943436254
0.000544316080933931
0.00324152469065888
0.00223678429011061
0.00224815271166326
0.00161502531250632
0.00238656536525491
0.00544626142942406
0.0101748387075699
