0.00598882266864986
0.00392130250179720
0.00273734969088527
0.00156802279491411
0.000591269068828105
0.00199851458865661
0.00260200799093882
0.00223266965786551
0.00126103448402510
0.00105946385128621
0.00620870585864035
0.0183105191604180
0.00580767637555837
0.00325497017594668
0.00187355460317165
0.00345681179794533
0.00255230336167904
0.00127644249461854
0.000697047056195904
0.00361851273375638
0.00227630612177099
0.00216145121185571
0.00166150868949617
0.00313196139264817
0.00639797252948758
0.0129054053180248
