0.00570108906701494
0.00383348032322920
0.00267355552506866
0.00156821188273168
0.000586225471570885
0.00183534715222189
0.00256091299655502
0.00221354437594677
0.00129806577526832
0.000947163957728008
0.00540372139719177
0.0156169644483314
0.0117885486129181
0.00438755317697809
0.00122941478866243
0.00374282262698017
0.00257128477837926
0.00143925484826694
0.000572268746539647
0.00342871654890581
0.00223448805793672
0.00222533800400398
0.00162037193525142
0.00260714174506238
0.00576881713651355
0.0112037429750596
