0.00629226999893437
0.00400954506016090
0.00280134385303188
0.00156638008691616
0.000599491285212436
0.00216726081639212
0.00264198842287290
0.00224759844378430
0.00122311413307192
0.00120525702668007
0.00707285372846660
0.0218204029237345
0.00183869333808158
0.00245169013785667
0.00278936358263593
0.00321070560832773
0.00251470170899512
0.00111502379641170
0.000941746407792146
0.00357963040950892
0.00236188911326742
0.00208428608819082
0.00175378920396210
0.00376362779563788
0.00709519535970231
0.0132119676950649
