0.00584303355056957
0.00387733589141095
0.00270542386740313
0.00156829914809933
0.000588373732952355
0.00191615402800932
0.00258162676215052
0.00222361394871450
0.00127970528878318
0.000999440479613453
0.00579831784134630
0.0168687288413675
0.00861848399462468
0.00380147336784519
0.00151618910964738
0.00359841098124546
0.00256414983256163
0.00135816740369467
0.000621882984937382
0.00355482328934216
0.00224842415539947
0.00219588766208204
0.00163537831297347
0.00285563091318976
0.00608342450175205
0.0121598757750294
