0.000511816756315812
2.57561978087827e-5
2.13518176440542e-5
2.21205275225669e-5
3.00852150318071e-5
5.00706151460039e-5
8.86827850971935e-5
0.000153283447605103
0.000235092105907407
0.000263293689279251
0.000177349179954395
9.51838292473083e-5
3.43805742630083e-5
2.49619353406597e-5
4.19620953610719e-5
9.07915276741389e-5
0.000172613932989452
0.000229985115157615
0.000209300292696824
0.000163898726787496
0.000114088312759567
6.16425917570456e-5
2.64249013197413e-5
1.29761694500232e-5
1.43068372697603e-5
2.19136656806986e-5
2.97748086389662e-5
3.46594297663386e-5
3.55571934688118e-5
3.32394300954980e-5
3.00031822989427e-5
2.92180891804879e-5
3.41334352921341e-5
4.57366967926360e-5
6.05230694523965e-5
7.07366749174384e-5
7.03177920260538e-5
6.23268305378242e-5
5.41698761452582e-5
4.72607659750865e-5
4.08009480384376e-5
3.67413595804395e-5
3.67577815831438e-5
4.02464207790066e-5
4.49207831896167e-5
4.82916946201487e-5
5.00324540289187e-5
5.22969283964184e-5
5.47505064122449e-5
5.29226611921639e-5
4.53430750838220e-5
3.63164595280744e-5
3.08782323854662e-5
3.10024333379213e-5
3.57528690755582e-5
4.29004058885892e-5
