0.000502674500447631
2.53399880486287e-5
2.10019156157796e-5
2.16463245821308e-5
2.92138376962308e-5
4.83417026640631e-5
8.53675391728543e-5
0.000147529635095832
0.000227602531165140
0.000259892694297057
0.000178953232800306
9.75106230003828e-5
3.57011753149271e-5
2.42143718251623e-5
3.90459804750592e-5
8.39506401673798e-5
0.000162353469739767
0.000223675652392292
0.000209169690149166
0.000165038682339620
0.000117390631023167
6.54837275077372e-5
2.87025815934175e-5
1.33649397450523e-5
1.34054493805487e-5
2.04554204967806e-5
2.83328920051568e-5
3.35915534825433e-5
3.49975187911153e-5
3.30759657830246e-5
2.98569731686322e-5
2.85001618950235e-5
3.22828119593826e-5
4.26626373617463e-5
5.70343016432848e-5
6.83381729620894e-5
6.98021590860261e-5
6.27307146821032e-5
5.44808199094028e-5
4.76396120562821e-5
4.11751442113306e-5
3.65585447327465e-5
3.57390795658109e-5
3.85820789207001e-5
4.31223165356551e-5
4.68202085524495e-5
4.87219050593727e-5
5.06536088365668e-5
5.33286971174970e-5
5.29136474839762e-5
4.66588718939253e-5
3.76739644841406e-5
3.11635468601589e-5
2.98918270952346e-5
3.35402725718933e-5
4.01321889704568e-5
