0.000493650544244215
2.49281669357933e-5
2.06567585445118e-5
2.11832252855998e-5
2.83689596350777e-5
4.66705500810865e-5
8.21658877184312e-5
0.000141954880893779
0.000220212792662009
0.000256192817954907
0.000180548966957506
9.96508877082428e-5
3.71773638020503e-5
2.35906915982798e-5
3.63797521696814e-5
7.75651462434541e-5
0.000152330902333390
0.000216826115779142
0.000208733577732070
0.000166035229776934
0.000120429101804056
6.93406805499259e-5
3.11649090682072e-5
1.39450176258329e-5
1.26319515545526e-5
1.90518570437833e-5
2.68844175142690e-5
3.24757111492173e-5
3.43759460920770e-5
3.28748687649491e-5
2.97434423109837e-5
2.79199653564189e-5
3.06596072797284e-5
3.98017928587992e-5
5.35694937447380e-5
6.56912740756054e-5
6.89928581277209e-5
6.30737094285592e-5
5.48135215436178e-5
4.79783051263753e-5
4.15828914801811e-5
3.65259942943260e-5
3.49040804096556e-5
3.70423576489985e-5
4.13309143258094e-5
4.52870233767160e-5
4.74482116347638e-5
4.91168787479995e-5
5.17589801812184e-5
5.25085231752867e-5
4.77271889664777e-5
3.91281387328508e-5
3.17752645931005e-5
2.91438034778144e-5
3.15973133452807e-5
3.74931736914511e-5
