0.000539962323491054
2.70313345267852e-5
2.24308238387501e-5
2.36128835931315e-5
3.28664812534204e-5
5.56221095490935e-5
9.93441432571549e-5
0.000171648511007961
0.000258046535769939
0.000271563307545701
0.000172706181200468
8.71285800478144e-5
3.13773252344895e-5
2.80010573936042e-5
5.23886395698206e-5
0.000114169289215599
0.000204243721930040
0.000245302899558253
0.000208358318807616
0.000159316424282750
0.000102798657316414
5.04932297793208e-5
2.07829179177767e-5
1.29166483756742e-5
1.76973478967288e-5
2.65345367431220e-5
3.39938614461837e-5
3.75353364662447e-5
3.68714680920636e-5
3.35800165833177e-5
3.07898462173405e-5
3.23791650301842e-5
4.11305523091692e-5
5.60465489579758e-5
7.06544387668439e-5
7.61291467289436e-5
7.04236921735086e-5
6.10708519016733e-5
5.32279293493285e-5
4.59337196952631e-5
4.01462968238766e-5
3.83392620681991e-5
4.08624835036883e-5
4.57653143452075e-5
5.01317965268981e-5
5.24528821707197e-5
5.44923274605463e-5
5.74613839570261e-5
5.73243205712578e-5
5.06498051979858e-5
4.07436420529249e-5
3.35469863777858e-5
3.22184619289245e-5
3.63519315485413e-5
