0.000549586782743763
2.74652741841494e-5
2.28005476013727e-5
2.41346681080767e-5
3.38521013407045e-5
5.76004954728445e-5
0.000103148135012642
0.000178146907148170
0.000265816804401967
0.000273641636070163
0.000171262204492530
8.41357902081104e-5
3.06940361495827e-5
2.93019706956221e-5
5.64876204133247e-5
0.000122939244585342
0.000214845497141748
0.000249142706044665
0.000207738454845244
0.000157301549309579
9.86640776690437e-5
4.69848114257015e-5
1.93176785495185e-5
1.32479866604900e-5
1.90284309691494e-5
2.81299888727886e-5
3.53434641730135e-5
3.83739105617734e-5
3.71945081734079e-5
3.36748727598921e-5
3.12235432983803e-5
3.38264128733301e-5
4.39549790238182e-5
5.97537608663088e-5
7.37524391740950e-5
7.72714480864307e-5
7.01205052217278e-5
6.06951981692376e-5
5.28612421709010e-5
4.54781778738847e-5
4.01698519891314e-5
3.92507430232504e-5
4.25427641289359e-5
4.76955798879829e-5
5.17567465577729e-5
5.38393889554550e-5
5.62056518368627e-5
5.90316317973624e-5
5.74210160417348e-5
4.92742980193542e-5
3.92870927201455e-5
3.32430328542790e-5
3.34186039504051e-5
3.87223856375770e-5
