0.000521078211681159
2.61768137978858e-5
2.17065465286925e-5
2.26061425355566e-5
3.09838949227648e-5
5.18590839083075e-5
9.21149990181035e-5
0.000159219331778960
0.000242670715026976
0.000266380602865113
0.000175761026337139
9.26712596697962e-5
3.32192066707561e-5
2.58382279782436e-5
4.51455212427729e-5
9.81014420518793e-5
0.000183057721551975
0.000235711687643418
0.000209177394148269
0.000162585753082194
0.000110539610555290
5.78460983937132e-5
2.43411504611461e-5
1.27750401797445e-5
1.53281175048136e-5
2.34183602284500e-5
3.12033129729318e-5
3.56751112295798e-5
3.60552187945891e-5
3.33722745030043e-5
3.01967525761565e-5
3.00919871646131e-5
3.62210622248688e-5
4.90075979649811e-5
6.39891857564389e-5
7.28509961602921e-5
7.05674807650105e-5
6.18987373791589e-5
5.38679887460785e-5
4.68432322899557e-5
4.04868725907776e-5
3.70912086628011e-5
3.79568218649198e-5
4.20145177357189e-5
4.67017397258548e-5
4.97082544970054e-5
5.14139699269936e-5
5.40169975731764e-5
5.59392891245973e-5
5.25299950787582e-5
4.38598092716458e-5
3.51330817692086e-5
3.09491822730587e-5
3.24635227904755e-5
3.82018147979154e-5
4.57599244474623e-5
