0.000458719744656316
2.33244151461649e-5
1.93220180955421e-5
1.94359731310379e-5
2.52390876409805e-5
4.05291940116998e-5
7.04300435373073e-5
0.000121381469624596
0.000191832821873218
0.000238770161450323
0.000186267027048819
0.000106569008506008
4.44622387367066e-5
2.22698139346316e-5
2.78998533067267e-5
5.62403644718565e-5
0.000115460863294112
0.000185193180573836
0.000202916693369563
0.000169001960213233
0.000129821591042078
8.43090683118997e-5
4.26020682168139e-5
1.82134591708716e-5
1.09660075247252e-5
1.41500675167389e-5
2.11689850326426e-5
2.76314106835070e-5
3.12913155146019e-5
3.15925040046770e-5
2.93626219028020e-5
2.66189468173197e-5
2.61739715971523e-5
3.06409306993892e-5
4.07283234125537e-5
5.35197482739810e-5
6.26709386428638e-5
6.29609956308161e-5
5.63489511858596e-5
4.91149799069465e-5
4.31259314249385e-5
3.74535322297551e-5
3.33239897312688e-5
3.24260444275755e-5
3.47486507425661e-5
3.87108402203142e-5
4.21346872999315e-5
4.39447907009149e-5
4.54747595083168e-5
4.78877633481008e-5
4.85167559400831e-5
4.42065612030564e-5
3.64509701761600e-5
2.96755402035855e-5
2.70252567466694e-5
2.89596995825829e-5
3.41259593288286e-5
4.06036377578344e-5
