0.000401938227234907
2.06826878240817e-5
1.71518835179564e-5
1.67414647162624e-5
2.06143292190103e-5
3.16303493313389e-5
5.35461894358711e-5
9.14780514069059e-5
0.000147643038794990
0.000201434053953025
0.000189227123033192
0.000115895002878054
5.96978808809691e-5
2.43594741827205e-5
1.95531621186333e-5
3.21887369250203e-5
6.64885394280699e-5
0.000124291549455520
0.000172795397275988
0.000169222004375712
0.000137716378845702
0.000104320894449296
6.56753981436085e-5
3.27259255791407e-5
1.44318959987468e-5
9.55753600544085e-6
1.26478031506660e-5
1.86057823767288e-5
2.40445130630186e-5
2.72055905623000e-5
2.76205246768492e-5
2.58819261992739e-5
2.35028422076831e-5
2.26552921097238e-5
2.55054666800692e-5
3.30195249248006e-5
4.36086956243894e-5
5.27692000662400e-5
5.55427012217601e-5
5.14151249910091e-5
4.50400661056797e-5
3.97135394946383e-5
3.48976884112108e-5
3.06037502207349e-5
2.83072027491526e-5
2.88080422400332e-5
3.15029525833708e-5
3.48419427055825e-5
3.72302063246868e-5
3.84387393309885e-5
3.99001787213439e-5
4.19140238633709e-5
4.18301507592336e-5
3.76323769105086e-5
3.10480184236211e-5
2.55938232040728e-5
2.35830977423445e-5
2.52871308515210e-5
2.96282127805603e-5
3.50973513177439e-5
