0.000409720049003055
2.10474146731382e-5
1.74496561445382e-5
1.71006023439405e-5
2.12151288868175e-5
3.27722272900357e-5
5.57020365335043e-5
9.53113334748676e-5
0.000153490640221560
0.000207084209980101
0.000189591444256592
0.000114543326899155
5.75659185287518e-5
2.37118110361037e-5
2.03378670334908e-5
3.47848963719706e-5
7.22233546941260e-5
0.000132745088887796
0.000178635572055166
0.000169879755942618
0.000137017264292876
0.000102155490668096
6.23921609201113e-5
3.01818232302751e-5
1.34031344084685e-5
9.82703182564993e-6
1.36708397830601e-5
1.98713242237456e-5
2.51809954292430e-5
2.79961951674443e-5
2.80099250583002e-5
2.59941952626106e-5
2.36508368322470e-5
2.32893452100365e-5
2.70396722374425e-5
3.55295558068735e-5
4.65379371218914e-5
5.50115238540831e-5
5.63068238098950e-5
5.11626580802387e-5
4.47350543370784e-5
3.94724807847260e-5
3.45582672063276e-5
3.04667595605370e-5
2.87427079098181e-5
2.98805465175013e-5
3.29679242372306e-5
3.62837968106645e-5
3.83801943599417e-5
3.95296961204674e-5
4.12790984272385e-5
4.31096068087569e-5
4.19409845152112e-5
3.66399101900029e-5
2.98553324381926e-5
2.51133490905492e-5
2.41985283513318e-5
2.68852717942736e-5
3.18394347528206e-5
3.75013640747092e-5
