0.000559334047033557
2.79036899173469e-5
2.31754490060575e-5
2.46691819847634e-5
3.48684521780157e-5
5.96460974476637e-5
0.000107083214459155
0.000184837528598067
0.000273622209546523
0.000275371592703912
0.000169878207079729
8.10304047916358e-5
3.01653548966501e-5
3.07603712925164e-5
6.09323052659205e-5
0.000132201120213418
0.000225351630944055
0.000252350695889568
0.000207014166285908
0.000155000524980271
9.43963643608747e-5
4.36167339061075e-5
1.80650888069260e-5
1.37443648160638e-5
2.04457563133870e-5
2.97398722259165e-5
3.66548242339706e-5
3.91484402723498e-5
3.74656405350815e-5
3.37790452568691e-5
3.17726601365310e-5
3.54968067518596e-5
4.70205673185032e-5
6.35364377697003e-5
7.66292519348434e-5
7.80883901843858e-5
6.97248437455897e-5
6.03443282631340e-5
5.24518825477789e-5
4.50541240197475e-5
4.03516109864525e-5
4.03557745612489e-5
4.43510650655858e-5
4.96271065845517e-5
5.33194744984996e-5
5.52814758518942e-5
5.80135284006401e-5
6.03848369350244e-5
5.70959446178285e-5
4.77111345922973e-5
3.80068382616678e-5
3.33096794502416e-5
3.49811495604234e-5
4.13321678076577e-5
