0.000641841561105992
3.15742357106760e-5
2.63728571551060e-5
2.94476304682308e-5
4.42201530517090e-5
7.86860778379487e-5
0.000143735280387621
0.000245446815734195
0.000335178624934173
0.000277445464304390
0.000158947108393021
5.63404951014726e-5
3.10942571692730e-5
4.94451394800384e-5
0.000111520865408827
0.000222123918257094
0.000296517259195952
0.000259673056563430
0.000197068581975722
0.000125722478711684
5.94696034444413e-5
2.34865019354890e-5
1.55243637311022e-5
2.27263657495754e-5
3.38592420048346e-5
4.22594449924338e-5
4.52042365236422e-5
4.30214415396520e-5
3.85902311265403e-5
3.67356009628048e-5
4.25332978841089e-5
5.79255154981551e-5
7.79014135455404e-5
9.07632419627965e-5
8.83049033047762e-5
7.69071303536590e-5
6.63971994031598e-5
5.69334605377020e-5
4.89412213233752e-5
4.59131700956855e-5
4.87374183416508e-5
5.49201457379711e-5
6.04934060907488e-5
6.34506630708940e-5
6.62736765736771e-5
6.98075524360664e-5
6.78622320761784e-5
5.75833479646303e-5
4.53660520055618e-5
3.86676931716673e-5
3.99213761913967e-5
4.72182265700500e-5
