0.000781461053629902
3.76387416859592e-5
3.19254018777776e-5
3.86446211238594e-5
6.32385970456134e-5
0.000118203069808104
0.000219285032638159
0.000359024871293519
0.000406531475398841
0.000261474751554440
0.000119268728179664
4.00678720940224e-5
5.05001979412325e-5
0.000114735452418466
0.000250344919760519
0.000366031242201733
0.000327208363041163
0.000244183808860069
0.000149581268534310
6.56369807140645e-5
2.50159313280649e-5
1.99512431995231e-5
3.16533977512978e-5
4.56218563502622e-5
5.41679083185304e-5
5.50412575554929e-5
5.02474238730855e-5
4.53252912827854e-5
4.77840463139863e-5
6.30794681721114e-5
8.84284789332178e-5
0.000109613642973571
0.000111344571045485
9.76103631630487e-5
8.34622231937073e-5
7.07891459855289e-5
6.01296261363053e-5
5.65106834568890e-5
6.08590224336726e-5
6.92146986140566e-5
7.59862292071555e-5
7.95720695089375e-5
8.40019987650187e-5
8.69003271665275e-5
7.90568954455297e-5
6.28244283601858e-5
4.98813126060990e-5
4.73020218309132e-5
5.43861024105490e-5
6.64955771222903e-5
