0.000631079323064383
3.10993871748054e-5
2.59529376491622e-5
2.87978578350298e-5
4.29230659616176e-5
7.60250252097222e-5
0.000138614810005484
0.000237176799802847
0.000327757297918539
0.000278186904512608
0.000160573959405200
5.90850038080874e-5
3.04984466464393e-5
4.63020156726705e-5
0.000103538337868944
0.000209629755881329
0.000289542076399613
0.000260054752482054
0.000198919147624103
0.000130333821134613
6.36215607599069e-5
2.52466779352784e-5
1.51508686374678e-5
2.11946603545102e-5
3.20599036361653e-5
4.07931080049733e-5
4.43586186084315e-5
4.27473214595443e-5
3.84626514380556e-5
3.60000781311177e-5
4.04071840364889e-5
5.42304362775242e-5
7.37193145673804e-5
8.81169399148215e-5
8.79936491011680e-5
7.74047221253885e-5
6.67772885751490e-5
5.74915335051571e-5
4.91942875153022e-5
4.51917655815474e-5
4.70050987495482e-5
5.27144009754950e-5
5.85414883592133e-5
6.18506533321334e-5
6.43493984893574e-5
6.79950734002592e-5
6.77905377688653e-5
5.92201216470075e-5
4.69633620605539e-5
3.88010448207241e-5
3.83035998681885e-5
4.43541493203942e-5
