0.000620447123029273
3.06291533912115e-5
2.55390205275339e-5
2.81638874753533e-5
4.16646942328749e-5
7.34489562592148e-5
0.000133656230962118
0.000229104663279454
0.000320214952081745
0.000278686696055916
0.000162053732254989
6.19902525073772e-5
3.00378401140222e-5
4.34199028653557e-5
9.60699569768048e-5
0.000197407597093454
0.000281897044752942
0.000260180304834834
0.000200532847139717
0.000134718554827571
6.78908052530305e-5
2.72361552469122e-5
1.49639731260984e-5
1.97623652671423e-5
3.02789651038137e-5
3.92858673072879e-5
4.34437421640605e-5
4.24197705984722e-5
3.83545305281188e-5
3.54060779279890e-5
3.85353193064272e-5
5.07779134126176e-5
6.95471444676163e-5
8.51625513605110e-5
8.73852394576241e-5
7.78848367059509e-5
6.71497854615949e-5
5.80154558116491e-5
4.95554349289717e-5
4.46773981643755e-5
4.54561998413639e-5
5.05712796740737e-5
5.65297288691223e-5
6.02521954098551e-5
6.25517183058687e-5
6.60505577849186e-5
6.72655648865485e-5
6.05834697558438e-5
4.87027982579641e-5
3.93238286937659e-5
3.70819000631017e-5
4.17519674422792e-5
