0.000589321699895760
2.92459671706985e-5
2.43321695697062e-5
2.63526561548708e-5
3.81111369579134e-5
6.62068313169001e-5
0.000119712035847744
0.000206080678214608
0.000297082247713388
0.000278486547112241
0.000165996249504507
7.13764621636058e-5
2.94694515684268e-5
3.61807598985985e-5
7.65554880011878e-5
0.000162859900961518
0.000255489529665171
0.000258442053995370
0.000204299668325712
0.000146241982601707
8.11362456752567e-5
3.45280189433332e-5
1.55831583293325e-5
1.61502570050556e-5
2.51289943097546e-5
3.45802754004205e-5
4.03070436618547e-5
4.10765658882933e-5
3.80219921211617e-5
3.42832500476071e-5
3.42996821519696e-5
4.19699106284574e-5
5.75390259898054e-5
7.48828719033543e-5
8.35335322098082e-5
7.88354007067467e-5
6.83635221773939e-5
5.93145199558218e-5
5.09996524876810e-5
4.42464047532320e-5
4.20002758113139e-5
4.47753904650886e-5
5.03133265273739e-5
5.52063310177904e-5
5.77878966158760e-5
6.02207631527589e-5
6.34666810291163e-5
6.23861732960901e-5
5.38709539688629e-5
4.27961051035880e-5
3.58625183693840e-5
3.58548580818630e-5
4.16063394020979e-5
5.02193223154408e-5
