0.000732729511675568
3.55412486703316e-5
2.99628498450193e-5
3.52684368779106e-5
5.61300570201242e-5
0.000103341898315752
0.000191013877228484
0.000318451245599353
0.000387423281264557
0.000266735392274875
0.000136922901198408
4.19814283235817e-5
4.11522427960992e-5
8.62688003614652e-5
0.000195342927079452
0.000323351965071712
0.000326457700707862
0.000251623035492276
0.000170660369234765
8.49709298828945e-5
3.27817997024437e-5
1.76972999232231e-5
2.43061045624222e-5
3.74847100261419e-5
4.79917497206327e-5
5.19234473199457e-5
4.94689126796441e-5
4.41980921627885e-5
4.22448032377982e-5
4.99851562036408e-5
6.93816764829380e-5
9.29835142138478e-5
0.000105513753991564
9.92999056906963e-5
8.53568906547314e-5
7.33020509721698e-5
6.20042611457298e-5
5.41090932581773e-5
5.34150563435567e-5
5.90970395859374e-5
6.67795306854878e-5
7.19378554711058e-5
7.49760097300226e-5
7.93584910610232e-5
8.04040995811755e-5
7.09731997874372e-5
5.58791306038459e-5
4.54807060727453e-5
4.47609906445559e-5
5.22640238733108e-5
