0.000599569216294756
2.97024607127445e-5
2.47287449955533e-5
2.69416898998684e-5
3.92597771015923e-5
6.85421861911192e-5
0.000124208788418004
0.000213556558114184
0.000304856060304065
0.000278857868031150
0.000164728128287505
6.81690158348627e-5
2.95220768642234e-5
3.83741676798976e-5
8.25991117659986e-5
0.000173981557815390
0.000264806701466299
0.000259433210377749
0.000203190668261613
0.000142694482557006
7.66769200553834e-5
3.18838478619675e-5
1.51748079743325e-5
1.72314490614031e-5
2.68051463752275e-5
3.61729965672420e-5
4.14150178224737e-5
4.15873989357679e-5
3.81454813812443e-5
3.45661022350475e-5
3.54977636805998e-5
4.46430404308438e-5
6.14169078987515e-5
7.84970851166181e-5
8.51679285625238e-5
7.86450437052856e-5
6.79338317246125e-5
5.89263080761376e-5
5.04864831789562e-5
4.42217517716070e-5
4.29487026939863e-5
4.65783164131292e-5
5.23927538090070e-5
5.69472178460975e-5
5.92974945121956e-5
6.20999109132199e-5
6.50326982866615e-5
6.22103678741123e-5
5.22502419525323e-5
4.13774752981921e-5
3.58642684155585e-5
3.74727837291449e-5
4.43559538117356e-5
5.34034176977142e-5
