0.000579200602179246
2.87940190720235e-5
2.39411623729039e-5
2.57778112346555e-5
3.69970216923099e-5
6.39471511179564e-5
0.000115361404992702
0.000198802924169391
0.000289272674877135
0.000277788661628098
0.000167261215871969
7.46142832937732e-5
2.95568615242342e-5
3.41887838430158e-5
7.09444207317792e-5
0.000152174979867863
0.000245754997901677
0.000256963398820203
0.000205296948307057
0.000149477394677148
8.55981691458744e-5
3.73731976825725e-5
1.61991440183633e-5
1.52032477380329e-5
2.35046581025375e-5
3.29724177061795e-5
3.91414703981725e-5
4.05001730766198e-5
3.78728409808215e-5
3.40685050746239e-5
3.32918770413917e-5
3.95586390735717e-5
5.38304404372753e-5
7.11501078830556e-5
8.15521882481384e-5
7.88353946560008e-5
6.88165488218078e-5
5.96699748512982e-5
5.15106391640490e-5
4.44105692058359e-5
4.12554213187331e-5
4.31277317262964e-5
4.82618174908980e-5
5.34001023238600e-5
5.63103981462705e-5
5.84550162304133e-5
6.17166914439697e-5
6.21211035579193e-5
5.52688467551587e-5
4.43812137092103e-5
3.62428196535021e-5
3.46144753654732e-5
3.91043446094469e-5
4.71197175154169e-5
