0.000652734742589885
3.20537163705869e-5
2.67988948530927e-5
3.01136342462612e-5
4.55570687729818e-5
8.14345799433795e-5
0.000149021669661402
0.000253913437162935
0.000342456061152822
0.000276492188765948
0.000157134479826398
5.37797745733685e-5
3.18267293314177e-5
5.28666502407068e-5
0.000120034603712082
0.000234830136145106
0.000302784514939898
0.000259086764675606
0.000194946610121139
0.000120917891874377
5.54581258167682e-5
2.19583516480207e-5
1.60774950442218e-5
2.43485307598735e-5
3.56689439027036e-5
4.36792128017534e-5
4.59792004678049e-5
4.32476878958739e-5
3.87515531947309e-5
3.76321721858743e-5
4.49251020375195e-5
6.18459589737140e-5
8.20425872151705e-5
9.30692285057092e-5
8.83583450603787e-5
7.64172862739180e-5
6.59924203645777e-5
5.63585909085590e-5
4.88235522284871e-5
4.68484075913492e-5
5.06384052142587e-5
5.71605924544207e-5
6.23781635854586e-5
6.50876138559898e-5
6.83100606064453e-5
7.13950214594690e-5
6.74697620435187e-5
5.57609041660063e-5
4.39905353578866e-5
3.89478252886723e-5
4.19155425694857e-5
5.03056755192434e-5
