0.000569205019107039
2.83465990975386e-5
2.35556218245733e-5
2.52167763101997e-5
3.59164468305860e-5
6.17609531748852e-5
0.000111153059931094
0.000191722317488663
0.000281446576797296
0.000276752798114963
0.000168548730606890
7.78447203896549e-5
2.97875887876316e-5
3.23858083592735e-5
6.57440012812268e-5
0.000141949871368704
0.000235681977054977
0.000254946972557190
0.000206199317650306
0.000152395947543474
9.00295751519497e-5
4.04074524123233e-5
1.70258099857740e-5
1.43986415468853e-5
2.19407080749223e-5
3.13565148003423e-5
3.79225124698813e-5
3.98574537864241e-5
3.76897588486645e-5
3.39055329777612e-5
3.24558174583476e-5
3.74037981909847e-5
5.03174215259374e-5
6.73510860872766e-5
7.92414218639558e-5
7.85995329728834e-5
6.92786554092015e-5
6.00076743944582e-5
5.19993771803007e-5
4.46889057526333e-5
4.07089795266658e-5
4.16506668929488e-5
4.62655823743773e-5
5.15354657006723e-5
5.48305497654194e-5
5.68119122819169e-5
5.98720880613000e-5
6.14378256736425e-5
5.63647979033214e-5
4.60494571618704e-5
3.69727176878948e-5
3.37647294540229e-5
3.68853636071775e-5
4.41441764593482e-5
