0.000609944055769225
3.01635170134458e-5
2.51309929530101e-5
2.75453009194589e-5
4.04439513618832e-5
7.09554613285944e-5
0.000128855545069231
0.000221231159687908
0.000312573959661494
0.000278918099520988
0.000163425738708763
6.50287384725593e-5
2.97121261800562e-5
4.07824166046395e-5
8.90969201461955e-5
0.000185509906573292
0.000273631948300765
0.000259992916859592
0.000201945261848310
0.000138847039069317
7.22518359433565e-5
2.94505779258649e-5
1.49700534830138e-5
1.84383664557762e-5
2.85246092742035e-5
3.77437259368644e-5
4.24616565435809e-5
4.20342917613288e-5
3.82527701716864e-5
3.49343434804687e-5
3.69040124998638e-5
4.75798169257288e-5
6.54321173266265e-5
8.19404480955367e-5
8.64496196704417e-5
7.83124743417011e-5
6.75311242898771e-5
5.84947230598099e-5
4.99958427459084e-5
4.43590889329157e-5
4.41017057624060e-5
4.85176424640965e-5
5.44731740964154e-5
5.86250679419780e-5
6.08749108094486e-5
6.40610847330832e-5
6.63255793750279e-5
6.15987942200221e-5
5.04961870939500e-5
4.01992397535397e-5
3.62679922113754e-5
3.94475011733182e-5
4.73152379536043e-5
5.66328489746769e-5
