0.000697635016729090
3.40183090101961e-5
2.85666513094347e-5
3.29489136774496e-5
5.13262492286462e-5
9.33544015485831e-5
0.000171907678696829
0.000289700211703367
0.000369661121998419
0.000271231031307713
0.000147374441935239
4.56718243056039e-5
3.61939720029647e-5
6.97178128713308e-5
0.000159655077358055
0.000286338210090187
0.000320479909214752
0.000255423768723170
0.000183203668086435
0.000100502819502575
4.12001140632203e-5
1.81698138877033e-5
1.99310207286926e-5
3.15622327222226e-5
4.28568651508473e-5
4.87928319779078e-5
4.83702765451615e-5
4.38245221931412e-5
4.00584783508138e-5
4.32141096636078e-5
5.72733472647000e-5
7.92404246449754e-5
9.71275700537315e-5
9.86207798142043e-5
8.69413945002264e-5
7.46713401210746e-5
6.39162131304712e-5
5.44026261626464e-5
5.01508600804321e-5
5.27190636501184e-5
5.95151252795636e-5
6.59523813882051e-5
6.94306466139967e-5
7.26248886226115e-5
7.65236360960533e-5
7.39261577176906e-5
6.19686315417376e-5
4.85130233736955e-5
4.18933990911916e-5
4.42851972334413e-5
5.30573752964475e-5
6.40736055101582e-5
