0.000806674070429822
3.87164887442869e-5
3.29526473355247e-5
4.04640694671563e-5
6.71198929466738e-5
0.000126350926761533
0.000234689312745138
0.000380113088685198
0.000413849600170093
0.000259387928697698
0.000109514390174300
4.02596588160339e-5
5.65828391834225e-5
0.000132139975807084
0.000280450228070397
0.000383133967759540
0.000325657072162906
0.000238767568788971
0.000137764056798102
5.70103649047648e-5
2.26643175376905e-5
2.21792530083438e-5
3.58076973886259e-5
4.96469396014876e-5
5.68738125301109e-5
5.61466269538315e-5
5.04906440325659e-5
4.64715196689293e-5
5.20271048942877e-5
7.14108302526152e-5
9.85601835094086e-5
0.000116250062710104
0.000112093625890130
9.64585778288465e-5
8.24358783411622e-5
6.93396579151188e-5
6.00222108994917e-5
5.91306108373217e-5
6.56983329436164e-5
7.44709241216383e-5
8.02018003534690e-5
8.38105613333062e-5
8.88670776240294e-5
8.84462990092697e-5
7.56559634529274e-5
5.86219337060081e-5
4.90779663501150e-5
5.09467789055992e-5
6.11817971438069e-5
7.43959216718221e-5
