0.000872235781608634
4.14966350638413e-5
3.56653392840959e-5
4.54339239052887e-5
7.78755711040204e-5
0.000149023691657384
0.000277132346546664
0.000434393498516613
0.000425244189523116
0.000254888926979546
8.58186246057269e-5
4.36764107295120e-5
7.69649240103427e-5
0.000186284847035997
0.000359530961316347
0.000410918639423864
0.000319292536652136
0.000218330222709234
0.000107137260629237
3.95519775776973e-5
2.11248829313571e-5
3.03932690545919e-5
4.70011619180394e-5
5.91086951753072e-5
6.22902293004753e-5
5.77778902979260e-5
5.14687392088099e-5
5.23242152492366e-5
6.78898899631091e-5
9.65724113970629e-5
0.000122374121528479
0.000125838286163272
0.000110249335034580
9.38062625527214e-5
7.89007050585827e-5
6.68153492402168e-5
6.36379499251095e-5
6.96929696945940e-5
7.95716122818936e-5
8.67316174201267e-5
9.08433350590277e-5
9.64283826556722e-5
9.68895080728209e-5
8.33240408562048e-5
6.42159759161992e-5
5.33057617976942e-5
5.53206343236512e-5
6.67394109876454e-5
