0.000955808217873067
4.49973343077499e-5
3.92191283609568e-5
5.22855977214175e-5
9.30086300171211e-5
0.000181081438021880
0.000335908563094990
0.000500132943633828
0.000427266897008680
0.000244689767527186
6.51690020225682e-5
5.31996239818052e-5
0.000114133428497859
0.000273043995128442
0.000449160833866081
0.000418623710853776
0.000307290323194276
0.000181172523560847
7.35474711113319e-5
2.75304293670925e-5
2.66063798521783e-5
4.38648270691008e-5
6.06973398632796e-5
6.84584829938270e-5
6.61066319809955e-5
5.86616125514933e-5
5.58029606192125e-5
6.78422563384993e-5
9.72137854793939e-5
0.000129720143750329
0.000140684982658909
0.000125892010520196
0.000106660779916066
8.94957179664853e-5
7.48054898893020e-5
6.99695802980548e-5
7.61880544981969e-5
8.74124116379658e-5
9.58103768633410e-5
0.000100637643144191
0.000107000301863121
0.000106701517503143
9.01297973641818e-5
6.87433247894670e-5
5.81420349043096e-5
6.23512319938186e-5
