0.000899491101734437
4.26434074001332e-5
3.68119630702278e-5
4.76037826767770e-5
8.26335160045792e-5
0.000159087305066147
0.000295749524408940
0.000456406811012270
0.000427158045126776
0.000252570127105586
7.76762960275108e-5
4.61680294804824e-5
8.76027788346812e-5
0.000212524264917143
0.000390956258562146
0.000416145726883241
0.000316040035936681
0.000207269773610048
9.52693093792611e-5
3.44215772732598e-5
2.21340685017697e-5
3.45366954226102e-5
5.16134748519781e-5
6.25172582970573e-5
6.38812321818862e-5
5.81092500934898e-5
5.23488927713065e-5
5.62952910738277e-5
7.64767210418161e-5
0.000107712979530591
0.000130118649167999
0.000126907036596795
0.000109005378815333
9.26267340674808e-5
7.72643826830109e-5
6.68994181280497e-5
6.68539503882287e-5
7.52189159011175e-5
8.52316285323024e-5
9.12330584810074e-5
9.58214324060122e-5
0.000101303509921774
9.67281618841429e-5
7.85962090211187e-5
6.05536408829674e-5
5.43407916884485e-5
6.09675790604856e-5
7.49341338571794e-5
