0.000845573006906280
4.03697767776525e-5
3.45546141135962e-5
4.33706464516458e-5
7.33848032825214e-5
0.000139542625728904
0.000259464261494944
0.000412485739857326
0.000421861113575226
0.000256723652216392
9.49082612741032e-5
4.18256556672649e-5
6.78307541501606e-5
0.000162712713252113
0.000327625114151314
0.000402421318757419
0.000322133024359982
0.000227763325288620
0.000119369396673956
4.57717548544180e-5
2.10189383605580e-5
2.67013391257285e-5
4.24307433834945e-5
5.54609738238450e-5
6.03667644947614e-5
5.72935893766290e-5
5.09385046976016e-5
4.93663791668427e-5
6.05940347859064e-5
8.58930791229440e-5
0.000113393873453090
0.000123255936459310
0.000111371836431237
9.48509148058688e-5
8.04789250324672e-5
6.74758406263355e-5
6.14534762329795e-5
6.48344073853163e-5
7.38602485139523e-5
8.20343381775772e-5
8.63961111216863e-5
9.11617223238531e-5
9.48677555537887e-5
8.68144101726238e-5
6.87861550413437e-5
5.42195574744518e-5
5.13987246152633e-5
5.94493179896904e-5
