0.000819495557016175
3.92626769711480e-5
3.34783212094296e-5
4.14086637662661e-5
6.91475543647035e-5
0.000130615471336109
0.000242721668409133
0.000390818611826055
0.000416917585204879
0.000258461570495660
0.000104586315553375
4.06165194031752e-5
6.00310845429814e-5
0.000141715122903570
0.000295975154559763
0.000390436914125629
0.000324603454279598
0.000235507319514312
0.000131679438877313
5.30234471029828e-5
2.18684079827961e-5
2.35384856371586e-5
3.79723580081173e-5
5.16218518274640e-5
5.81165879942069e-5
5.65929638052037e-5
5.06149292648157e-5
4.72589026546478e-5
5.45763399140804e-5
7.59934885776301e-5
0.000103609487284631
0.000119000866774123
0.000112048686018636
9.59026114568081e-5
8.18463746824257e-5
6.86453919137899e-5
6.02683700919770e-5
6.08023987115693e-5
6.83255623066940e-5
7.70535646438296e-5
8.22526441357341e-5
8.61318441005801e-5
9.11399539413286e-5
8.84371789427561e-5
7.35028204112134e-5
5.68238690941843e-5
4.93686710203136e-5
5.34060420570388e-5
