0.000999655056190370
4.68162660243890e-5
4.11307097886643e-5
5.61196654042502e-5
0.000101602026251749
0.000199332867225429
0.000368639880052492
0.000531984140597628
0.000425086126804209
0.000234346045480562
5.94409484614431e-5
6.05234065655804e-5
0.000139419876898967
0.000325017821098928
0.000485697733423818
0.000415847794336784
0.000297330603396071
0.000159472554668977
5.96861488212157e-5
2.52914241486036e-5
3.18214686147992e-5
5.14661562579814e-5
6.71442613382117e-5
7.20349544894836e-5
6.70586802029177e-5
5.94274601489568e-5
6.05533656023527e-5
8.00347307699718e-5
0.000115116378016817
0.000144144249678240
0.000144013584829961
0.000123952292138426
0.000104754720101710
8.67120249034283e-5
7.47062791807276e-5
7.51122741157924e-5
8.52157824481982e-5
9.66329358077717e-5
0.000103201142360906
0.000108994293491381
0.000114284651916953
0.000104863032716098
8.20183542184257e-5
6.40489343809411e-5
6.16758931776039e-5
7.28777819546136e-5
