0.00101458193337518
4.74328787019248e-5
4.17893041577808e-5
5.74633319131866e-5
0.000104631918944829
0.000205772533492348
0.000380052476940635
0.000542297437005433
0.000424131939162947
0.000229873089388365
5.82111589062594e-5
6.34179857986585e-5
0.000149014477352208
0.000343426992482855
0.000496084248184730
0.000414427922636349
0.000293134464067776
0.000152091460833976
5.56090091321624e-5
2.50842900886700e-5
3.38623546041381e-5
5.40644565202056e-5
6.91860677144802e-5
7.30482876491951e-5
6.72735506393198e-5
5.98412416683111e-5
6.26631955842178e-5
8.47950299783140e-5
0.000121325759301280
0.000148257679297572
0.000144358802312412
0.000123283179408442
0.000103998250030021
8.58352977891132e-5
7.51506868386970e-5
7.73633767115442e-5
8.84807162075074e-5
9.95923554931481e-5
0.000105698271955394
0.000112032176647263
0.000115961596851917
0.000103118824836779
7.92738787993000e-5
6.33803251393564e-5
6.38889552555937e-5
7.70520617937324e-5
