0.000970269095243205
4.55985156164200e-5
3.98458476228516e-5
5.35316023384527e-5
9.57924498119116e-5
0.000186991397924582
0.000346568340366278
0.000510877964328384
0.000426694194194940
0.000241732218530661
6.29110187872725e-5
5.54277147487863e-5
0.000122005776560227
0.000289784942494774
0.000462165192084454
0.000418012403184129
0.000304371251454511
0.000174061760727738
6.86676901391007e-5
2.65096707233553e-5
2.81835092146267e-5
4.63569539650959e-5
6.28932554642910e-5
6.97387368228326e-5
6.64829798979830e-5
5.88562109292965e-5
5.71443953349600e-5
7.15581571089141e-5
0.000103014787923420
0.000134823871698861
0.000142212098846466
0.000125283642245647
0.000106069329316543
8.85744692908764e-5
7.45566025328336e-5
7.14095901899936e-5
7.90414043567847e-5
9.05241964830515e-5
9.82927733503708e-5
0.000103274536244512
0.000109697559151544
0.000106689018797970
8.75577561571160e-5
6.67866022927241e-5
5.87923109553283e-5
6.54852464347051e-5
