0.000832461567943120
3.98137666615997e-5
3.40122525818833e-5
4.23773145302253e-5
7.12353193581389e-5
0.000135011561666077
0.000250978864191691
0.000401614282326469
0.000419587582014322
0.000257584145420564
9.96992609340149e-5
4.11398420228239e-5
6.37741122100550e-5
0.000151899857101533
0.000311725618087687
0.000396869425251495
0.000323419832528658
0.000231844451274061
0.000125534127488517
4.92733112932042e-5
2.13214490799295e-5
2.50489849143904e-5
4.01830725518691e-5
5.35621321231395e-5
5.92817111380101e-5
5.69735682098018e-5
5.07591717743466e-5
4.82168292404559e-5
5.74285711116470e-5
8.08294252314516e-5
0.000108573397836384
0.000121339813214355
0.000111790571295801
9.53686701195999e-5
8.11940345954234e-5
6.80131020354331e-5
6.07406202607669e-5
6.27073034315595e-5
7.10558694317905e-5
7.95787569676048e-5
8.43050750944385e-5
8.85903931259506e-5
9.31737927425970e-5
8.78861978457914e-5
7.11779028992469e-5
5.53347147111734e-5
5.01417956764297e-5
5.62519293750644e-5
