0.00104490795901511
4.86816904170448e-5
4.31399869763581e-5
6.02540853652239e-5
0.000110952577669615
0.000219210472153084
0.000403630309410697
0.000562322663539623
0.000422129315079887
0.000219347626499635
5.66956609054873e-5
6.99775407520615e-5
0.000170109760305911
0.000381561084514383
0.000513838565232346
0.000411170589044182
0.000283267893515017
0.000137386930155690
4.83292952102260e-5
2.54433915534475e-5
3.83372538351796e-5
5.93025550217206e-5
7.30717402441589e-5
7.48043166673748e-5
6.76048681712481e-5
6.10253034863806e-5
6.77924023481313e-5
9.53250813316345e-5
0.000133796949216011
0.000155187232593909
0.000144178362547330
0.000121988570948654
0.000102247910630729
8.43701996665935e-5
7.68618808896445e-5
8.26075823747453e-5
9.52128511711306e-5
0.000105284102174421
0.000110972034730950
0.000118174916970881
0.000117649078032493
9.83291635253464e-5
7.43587608097695e-5
6.36240855180311e-5
6.97442048632184e-5
8.61278334798943e-5
