0.00102966593607901
4.80546792910444e-5
4.24589836298193e-5
5.88411893135650e-5
0.000107748043852136
0.000212397004138432
0.000391716168195513
0.000552418442550675
0.000423132758125755
0.000224870607677559
5.73011836167945e-5
6.65638301852726e-5
0.000159235835570296
0.000362295584261132
0.000505477055039436
0.000412855754825783
0.000288451787609866
0.000144715024063256
5.18208249626184e-5
2.51372458727249e-5
3.60376877473047e-5
5.66795977249857e-5
7.11638030356083e-5
7.39712214971123e-5
6.74520462645232e-5
6.03668831975693e-5
6.50700339240831e-5
8.98957426998054e-5
0.000127571678000782
0.000151949238634874
0.000144395786372402
0.000122628888866697
0.000103162704869081
8.50424862537799e-5
7.58651015674648e-5
7.98668840930706e-5
9.18235750340091e-5
0.000102475574670416
0.000108276473247282
0.000115119251273538
0.000117104934918507
0.000100910010655717
7.66884628157513e-5
6.32310220215565e-5
6.65883337772535e-5
8.14845309781605e-5
