0.000913343220521447
4.32243108953023e-5
3.73992144563387e-5
4.87303974450220e-5
8.51171138325147e-5
0.000164346776145883
0.000305420522850895
0.000467406546333619
0.000427610431101320
0.000251090297289785
7.40462719207324e-5
4.76610010352427e-5
9.35422615911688e-5
0.000226656558085014
0.000406240404005790
0.000417658548671794
0.000314195570836488
0.000201187116249708
8.95492920367971e-5
3.22755960545475e-5
2.29582894335287e-5
3.67532476766996e-5
5.39141478837419e-5
6.41186305321610e-5
6.45536247306733e-5
5.82425228852940e-5
5.29691591879401e-5
5.87079006510824e-5
8.12395328630970e-5
0.000113333930763844
0.000133415707636101
0.000126970549980145
0.000108397656618741
9.19466287935672e-5
7.64969750683046e-5
6.72804090618731e-5
6.88410058179892e-5
7.81687923623423e-5
8.79844237936904e-5
9.34782611033397e-5
9.85208103867539e-5
0.000103340616049738
9.57974161768134e-5
7.60228725251145e-5
5.92578325268170e-5
5.56158812564137e-5
6.43573387583119e-5
7.92576664313297e-5
