0.00140306675347303
6.30970856257504e-5
6.05409979677388e-5
9.97244095053903e-5
0.000203020887876158
0.000413652358660415
0.000704236010654287
0.000687066727178929
0.000415220174449482
8.81848609521571e-5
9.52886082362904e-5
0.000243284420176635
0.000569093197241709
0.000709494489727308
0.000520145591106193
0.000311570569999794
0.000115007506174936
3.92382093539420e-5
4.32647014753889e-5
7.37519449116166e-5
9.76708849690145e-5
0.000102914749375556
9.28590513161035e-5
8.31395205810036e-5
9.54711681621633e-5
0.000140832125215901
0.000196654430830763
0.000213938438740183
0.000186759079867190
0.000155127815813656
0.000124750091188582
0.000106396408712685
0.000110639866826104
0.000129151281306632
0.000145724315066581
0.000155360055905595
0.000166300314058194
0.000159514774610864
0.000124327663903969
9.29499517830754e-5
8.81986049353854e-5
0.000106450689175240
