0.00112351962756922
5.18957219546680e-5
4.67236006831616e-5
6.78750941915124e-5
0.000128380711888609
0.000256262245286381
0.000466900272565814
0.000607749910835238
0.000418297060116109
0.000185153915222094
5.76598471676451e-5
9.17237237946839e-5
0.000235101974523153
0.000481066254983401
0.000539987814392582
0.000401428902338312
0.000250067675190459
0.000102772823803765
3.54827195906809e-5
3.04876096784579e-5
5.13394695275418e-5
7.22319695099243e-5
8.13950455480350e-5
7.77028201332524e-5
6.84440156932147e-5
6.70834715577495e-5
8.66460426546703e-5
0.000126605796504966
0.000162466187501081
0.000164279117083733
0.000141114358347934
0.000118475207080540
9.70529497216622e-5
8.39664451103503e-5
8.62200694118205e-5
9.90995115349506e-5
0.000111871574163872
0.000118923360121507
0.000126577003183296
0.000129289822130260
0.000111122576495696
8.37182269298105e-5
6.90918601455952e-5
7.37389743539014e-5
