0.00134729978054786
6.08871399402627e-5
5.76407780515652e-5
9.27581708538741e-5
0.000186510956407810
0.000379123436097484
0.000656728530435322
0.000680473208405869
0.000419822513965296
9.75580623448433e-5
8.40425944299998e-5
0.000202174448818908
0.000494106257154855
0.000687775945655358
0.000527917733497029
0.000339026931332058
0.000137961579241108
4.45930710625112e-5
3.69007452543530e-5
6.37277471186113e-5
8.95075052801570e-5
9.90062556473794e-5
9.21784001239856e-5
8.09382098438378e-5
8.49916704303481e-5
0.000119474689199699
0.000173856254799382
0.000205302891393711
0.000188796837606934
0.000157851208847746
0.000128984813811577
0.000105721928679952
0.000102095723632169
0.000116198629642143
0.000134136465572193
0.000144816827865545
0.000154636812618316
0.000159015189726763
0.000135352995854826
9.99441544558061e-5
8.31971464972385e-5
9.18651805661075e-5
