0.00124046216662024
5.66210161158506e-5
5.22898305968083e-5
8.02759147700815e-5
0.000157157610865852
0.000317286319739906
0.000565162227372080
0.000656063780597515
0.000419134487942389
0.000131318969610224
6.78589406027499e-5
0.000139328552624567
0.000358763189620110
0.000610704338694385
0.000541199091080803
0.000378439761713106
0.000189910368377697
6.46318299136648e-5
3.04110898156464e-5
4.56526503777059e-5
7.19135391671558e-5
8.83970224123082e-5
8.91110849922367e-5
7.92726164676434e-5
7.29693401397438e-5
8.73271721385463e-5
0.000128324575643815
0.000174320733104332
0.000186247706368163
0.000162551384934231
0.000135931737519181
0.000110711216313643
9.39675470125376e-5
9.53071642111826e-5
0.000109823215374968
0.000124754517617806
0.000133114656246526
0.000142114519856516
0.000143783438178734
0.000120506723459352
8.96164083542804e-5
7.61407158332546e-5
8.46985062661323e-5
0.000105750170973046
