0.00125783941928220
5.73180068658365e-5
5.31423505447882e-5
8.22300621902818e-5
0.000161730538815603
0.000326952265338804
0.000580016633132738
0.000661244865388562
0.000419619041224427
0.000124474553670223
7.00531344451156e-5
0.000148202406771877
0.000379594508719953
0.000626361106603617
0.000539391177552199
0.000373367386040804
0.000180934926859781
6.04366991230828e-5
3.08493012486343e-5
4.84113700913346e-5
7.49089335016315e-5
9.04057653683061e-5
8.98284888944657e-5
7.94287306128504e-5
7.42952485441752e-5
9.16720035091616e-5
0.000135526515978576
0.000180517269883101
0.000187650676155752
0.000161778178239638
0.000135016880707479
0.000109530824203380
9.45058746998449e-5
9.81542781901816e-5
0.000113819752977287
0.000128218434492182
0.000136312486512416
0.000145714793811035
0.000144115860076747
0.000117209899978171
8.72311752417992e-5
7.73082557240191e-5
8.89472603431341e-5
0.000111268667343214
