0.00110747411528971
5.12423056788413e-5
4.59822048065225e-5
6.62736478150878e-5
0.000124699905599638
0.000248439558881799
0.000453761223949799
0.000599288016979141
0.000418806777902112
0.000192692314241738
5.69876514058883e-5
8.66826712058323e-5
0.000220615192749797
0.000461045426650158
0.000536781511087932
0.000403588026192781
0.000257604118398802
0.000109318948348264
3.74289856378723e-5
2.90399040512515e-5
4.85725942034911e-5
6.96985524877468e-5
7.99062535004116e-5
7.72796899143832e-5
6.82162400029790e-5
6.54274791989553e-5
8.21406795712118e-5
0.000119902842328760
0.000157265049005304
0.000163372871159080
0.000141841005071002
0.000119284129176688
9.80851019417296e-5
8.35590463980156e-5
8.37722390089782e-5
9.55176229413489e-5
0.000108652515300470
0.000116141169853791
0.000123234019908838
0.000127980886329932
0.000113537830586212
8.64909568092261e-5
6.91178635638088e-5
7.06769569384387e-5
