0.00118934423402348
5.45631873408857e-5
4.98207265657113e-5
7.46959191293230e-5
0.000144153411294581
0.000289746276542640
0.000521762636140316
0.000637855622480916
0.000417952942720963
0.000153763101127557
6.23733214852186e-5
0.000116032866281498
0.000300955470823647
0.000558548769311951
0.000544377564920103
0.000390547716355154
0.000216720077953514
7.91799741597864e-5
3.07919691041932e-5
3.81795206774229e-5
6.29357880072105e-5
8.18727877240636e-5
8.63904936000452e-5
7.88012560930298e-5
7.01921818189079e-5
7.65994975367939e-5
0.000108403118257489
0.000154290388864821
0.000179037073715066
0.000164477273106731
0.000138259880997552
0.000114373386870453
9.40482211345381e-5
8.85756321620551e-5
9.85425792090062e-5
0.000113917507879455
0.000124058933006907
0.000131367858573107
0.000138842842625078
0.000127946612598954
9.86578461035986e-5
7.62536760535096e-5
7.47443847582982e-5
9.02162482381689e-5
