0.00129310611464568
5.87287335408499e-5
5.48935460905325e-5
8.62863131298584e-5
0.000171250697341063
0.000347039456708915
0.000610248626787690
0.000670256440111711
0.000420372243047998
0.000112122413344077
7.50173550359423e-5
0.000167783453790867
0.000423454946303022
0.000654508310041399
0.000535129657567261
0.000361455276172243
0.000163236166293570
5.30638625989488e-5
3.25255922260314e-5
5.42656151712854e-5
8.08496700992196e-5
9.41454619527018e-5
9.09991139678659e-5
7.98322593979558e-5
7.76898414297214e-5
0.000101572677632000
0.000150545636958841
0.000191819856025805
0.000189132157893507
0.000160208690744700
0.000132888938910446
0.000107468784600895
9.65378616473949e-5
0.000104673679047854
0.000121971543143218
0.000134933106339840
0.000143173200426243
0.000152336191999778
0.000142593017437135
0.000110094057980313
8.38880379195391e-5
8.14508681494240e-5
9.85820082390346e-5
0.000122511597520992
