0.00127538710932453
5.80205694661928e-5
5.40101458068837e-5
8.42331450047989e-5
0.000166427267935530
0.000336868521359127
0.000595049047835703
0.000665975332918551
0.000420054797801323
0.000118058384260760
7.24368510882245e-5
0.000157677743088741
0.000401169679606291
0.000640990062013079
0.000537345683321638
0.000367713218959026
0.000172027788646934
5.65792999419435e-5
3.15570577710245e-5
5.12859533056492e-5
7.78905716951230e-5
9.23233043643459e-5
9.04563175085101e-5
7.96096139727882e-5
7.58607940998718e-5
9.64186587313309e-5
0.000142948563506748
0.000186369252287852
0.000188597799047668
0.000160992377675438
0.000134004874740479
0.000108436216211532
9.53585217244890e-5
0.000101282378349985
0.000117880129763330
0.000131606720491878
0.000139658724101931
0.000149161902412140
0.000143717881509557
0.000113697423254264
8.53003445991396e-5
7.90826295561503e-5
9.35909504493604e-5
0.000116872571261682
