0.00113972850839295
5.25544925756398e-5
4.74778693391290e-5
6.95170543417882e-5
0.000132163941522372
0.000264299842195620
0.000480274881908063
0.000615856396457035
0.000417954738676371
0.000177407189127061
5.85441391278221e-5
9.71550442465994e-5
0.000250368585439159
0.000500940704686860
0.000542275512385657
0.000399098381642627
0.000242159002770667
9.64669074513999e-5
3.38483478592585e-5
3.21356093860653e-5
5.41692188360908e-5
7.47233580940440e-5
8.27896072999981e-5
7.80586115978209e-5
6.87359178280909e-5
6.90070560527768e-5
9.15289375592425e-5
0.000133449331496891
0.000167286913972239
0.000164791656348224
0.000140388828872966
0.000117580939565075
9.60947716690054e-5
8.46603020087565e-5
8.89381849781573e-5
0.000102762294963695
0.000115012407284518
0.000121810248355786
0.000129912970039261
0.000129969411239954
0.000108313396231747
8.12281776456371e-5
6.96389362970128e-5
7.72644247731864e-5
