0.00138430149936482
6.23546557967909e-5
5.95566505551841e-5
9.73452873426521e-5
0.000197373456787818
0.000401864230029654
0.000688311663175985
0.000685235917678574
0.000417348100441078
9.07307853926292e-5
9.12653388766128e-5
0.000228787170612217
0.000543746815890026
0.000703542688741184
0.000522817308548356
0.000321216828835176
0.000122358378953360
4.06793923455712e-5
4.09402340840476e-5
7.03655472697275e-5
9.50170506841369e-5
0.000101719497159142
9.26707815297547e-5
8.22468681965977e-5
9.15919327639981e-5
0.000133358120715983
0.000189221913313180
0.000211612235544843
0.000187538578052740
0.000156113546648075
0.000126140546603708
0.000105858175948796
0.000107473058475171
0.000124728212762602
0.000141940879832453
0.000151707756358601
0.000162542321936483
0.000160124410076060
0.000128225174536713
9.47882482162243e-5
8.58986050521159e-5
0.000101200103916839
