0.00136571279813671
6.16180183988164e-5
5.85900348029796e-5
9.50236381500788e-5
0.000191871217583000
0.000390355928509514
0.000672470397026338
0.000683046588846799
0.000418854181659523
9.38525557613907e-5
8.75228001484417e-5
0.000215093132697470
0.000518721858920126
0.000696308423460212
0.000525398880828905
0.000330385283962104
0.000130016942855103
4.24635158261627e-5
3.88152715665437e-5
6.70206914169743e-5
9.22935627048932e-5
0.000100416553553370
9.24476522111931e-5
8.15208194016525e-5
8.81048343291073e-5
0.000126231345634629
0.000181599906339604
0.000208735199277208
0.000188233671563723
0.000157013744750162
0.000127565556981961
0.000105640736051481
0.000104621159010975
0.000120399492218517
0.000138078080814496
0.000148204907445462
0.000158617143480549
0.000159950096204731
0.000131943070605047
9.71437555351433e-5
8.42279536195169e-5
9.63220892449518e-5
