0.00117263992556629
5.38881991149453e-5
4.90261447293283e-5
7.29264563978576e-5
0.000140047718653789
0.000281037426835204
0.000507711704298705
0.000630926259709663
0.000417789683527944
0.000161624614410281
6.09083221849014e-5
0.000109284553570992
0.000283288502627619
0.000539798105751866
0.000544386200347077
0.000393715679299110
0.000225429410261077
8.46542428879616e-5
3.15065104945489e-5
3.59919430689559e-5
5.99772634459720e-5
7.95507032845151e-5
8.52883822052728e-5
7.85987481512199e-5
6.95894136769588e-5
7.37444061833659e-5
0.000102416116546511
0.000147349405151746
0.000175606164938435
0.000164834873027481
0.000138967796675299
0.000115522564735659
9.45551070564726e-5
8.69576761549929e-5
9.51200828482029e-5
0.000110201963167623
0.000121086862657166
0.000128019295089648
0.000136160920901815
0.000129295021121160
0.000101961911242766
7.74290721422311e-5
7.24731265697905e-5
8.55473965408293e-5
