0.00109159108270919
5.05942187473643e-5
4.52534092408476e-5
6.47117549427434e-5
0.000121119070556637
0.000240827391505302
0.000440861679311138
0.000590491747369249
0.000419469346912310
0.000199945121336936
5.65402007018196e-5
8.20089857272084e-5
0.000206892293771733
0.000440985979370090
0.000532598889578533
0.000405617487675743
0.000264724319618303
0.000116081867065520
3.96879007655886e-5
2.78023165147293e-5
4.58787202655419e-5
6.71308100845849e-5
7.83259462922174e-5
7.67829646117948e-5
6.80346328897771e-5
6.40164930864383e-5
7.80103967595763e-5
0.000113386159600184
0.000151737517994843
0.000162033317976523
0.000142547727870448
0.000120020650288014
9.91533714189089e-5
8.34200863130717e-5
8.16064477976250e-5
9.20483846043301e-5
0.000105360349680650
0.000113424387335226
0.000119960847548409
0.000126114556127333
0.000115462537837354
8.94484501700759e-5
6.96970245231641e-5
6.81115943925748e-5
8.15735602082070e-5
0.000100841402507007
