0.00107586963992326
4.99514365925673e-5
4.45369473732357e-5
6.31884748069663e-5
0.000117635801924842
0.000233421375644982
0.000428204956970465
0.000581383274916764
0.000420263178578389
0.000206843029634643
5.63318175435702e-5
7.76807109985988e-5
0.000193914633219986
0.000420989893786387
0.000527396583121293
0.000407548073401494
0.000271391784126424
0.000123034872853495
4.22589928342114e-5
2.67843552676927e-5
4.32680408190685e-5
6.45367128885883e-5
7.66574313245797e-5
7.62074492938508e-5
6.78823977983984e-5
6.28276696064142e-5
7.42490340650762e-5
0.000107095794536137
0.000145942370311710
0.000160231589731518
0.000143202232776052
0.000120703038257892
0.000100222630230172
8.35272266704352e-5
7.97306919714073e-5
8.87220603272793e-5
0.000102008568749223
0.000110732751036900
0.000116810698221578
0.000123784876816573
0.000116819522175724
9.24834566964265e-5
7.07965958839068e-5
6.60696842410638e-5
7.72787152244156e-5
9.58543748293936e-5
