0.00181677197521233
7.92206483125101e-5
8.45963389486380e-5
0.000161595006433785
0.000351879741779477
0.000713098946116044
0.00100804721791848
0.000710822397595220
0.000219576799210099
0.000118374446579792
0.000274574669648276
0.000723991820734650
0.000963158236497117
0.000679091844192837
0.000367134483287621
0.000112619980400976
4.53342391028613e-5
7.14702898241389e-5
0.000114349839554653
0.000135872867334302
0.000129408482368089
0.000111998792815246
0.000116881129483938
0.000170811937158632
0.000252744096748035
0.000286488482092629
0.000250353029853514
0.000204712806360279
0.000159853521804546
0.000139453351289914
0.000153655183571027
0.000182374990013957
0.000202172523159296
0.000218065791465478
0.000223367795443653
0.000181201976450931
0.000129171311580192
0.000114640264882103
0.000137427430137997
0.000174132223891077
