0.00168480129178155
7.41198794131708e-5
7.64110730767353e-5
0.000139850752085378
0.000299256718726806
0.000610018434448192
0.000924731917795959
0.000697230870733927
0.000298952782012967
9.83890221737755e-5
0.000194719372202764
0.000541868700213847
0.000892196247820706
0.000700149705236735
0.000440171006106758
0.000162471001843945
5.02812315737090e-5
5.16046497097635e-5
9.04434397057052e-5
0.000120106818028587
0.000124577966702992
0.000110278917374739
0.000101015800470447
0.000126589058155123
0.000193837238530193
0.000256186836520638
0.000252988891462146
0.000211680675241947
0.000171071524914511
0.000136217398138240
0.000129992412272084
0.000149860059077655
0.000174447158960275
0.000189043195608603
0.000203672981904239
0.000199425470949970
0.000154701526175686
0.000113103043546271
0.000107579148459578
0.000132070252840311
