0.00142200942815812
6.38453420878177e-5
6.15434572515804e-5
0.000102162320425703
0.000208816777936672
0.000425724239034964
0.000720226201194603
0.000688568676738808
0.000412391758032566
8.61994613282009e-5
9.96125927172316e-5
0.000258611832551994
0.000594664004174559
0.000714197944872400
0.000517341926390430
0.000301503646214996
0.000107982434707207
3.81364950723614e-5
4.57775773439713e-5
7.71696378225644e-5
0.000100248341877459
0.000104002755959846
9.30249454747494e-5
8.42226319880727e-5
9.97586556881017e-5
0.000148624705433450
0.000203829629218416
0.000215731177985589
0.000185933202160116
0.000154037705302807
0.000123437483270958
0.000107272994083378
0.000114106435096655
0.000133634727196316
0.000149437643189202
0.000159185110668645
0.000169766190644739
0.000158131404553923
0.000120380489261701
9.16872088448001e-5
9.11083059600751e-5
0.000112022848128027
