0.00174992304961799
7.66408448049168e-5
8.03873673629074e-5
0.000150339037408495
0.000324613788856335
0.000660106652525946
0.000967855368131099
0.000702532583643935
0.000258676660674091
0.000107568743470270
0.000231008266105711
0.000629573637117064
0.000934912806913998
0.000689741109112929
0.000406150207875862
0.000135673858973748
4.61515458933604e-5
6.07344087679405e-5
0.000102394203126999
0.000128472951599351
0.000127463724224519
0.000110874213092123
0.000107385266866423
0.000146542698538736
0.000223159163644720
0.000274107493569187
0.000252605099115986
0.000208638116062251
0.000165338909907823
0.000136102907334028
0.000140248933004201
0.000165806793965869
0.000188528702145287
0.000202745999982666
0.000216205517303546
0.000193576443857810
0.000140630664609518
0.000110559021788867
0.000120049539205197
0.000152472324383357
