0.00179429570026162
7.83540918724967e-5
8.31666005300132e-5
0.000157754683747204
0.000342572003413674
0.000695112620338162
0.000995015023098897
0.000707727439203047
0.000232245119619129
0.000114588329518417
0.000259186481451792
0.000691883404490959
0.000955373395101792
0.000682724653794218
0.000380572029960894
0.000119871161403222
4.52484677122736e-5
6.77334378485605e-5
0.000110380888669024
0.000133521782045754
0.000128855663352329
0.000111531205111911
0.000113326434910360
0.000162255030134066
0.000242966704249905
0.000283003962847091
0.000251219416897843
0.000206160838637694
0.000161571362902662
0.000137923527786910
0.000148868038586607
0.000176840300087499
0.000197628853743128
0.000212820224903081
0.000221786743005015
0.000185869235000591
0.000132517129238220
0.000112531369642340
0.000131170587856632
0.000166867878621414
