0.00166347394200283
7.32924041961093e-5
7.51349102611270e-5
0.000136516972402097
0.000291209316273495
0.000593966318936463
0.000909820336837715
0.000696062511807090
0.000311980007153754
9.57046671908920e-5
0.000184079195062583
0.000514367981460331
0.000874942031122527
0.000703591162834075
0.000450126445067108
0.000172160343280506
5.24159221340968e-5
4.89746634243739e-5
8.65092126937611e-5
0.000117129716562433
0.000123388354018921
0.000110111484954804
9.94666513344100e-5
0.000120900113344173
0.000184410118337215
0.000249138364467103
0.000252416938882731
0.000212615465345384
0.000172835310494919
0.000136912420008386
0.000127337978304259
0.000144846450393473
0.000169597900848503
0.000184803406925889
0.000198942830963329
0.000199600657771941
0.000159381084053418
0.000115301660942292
0.000104705442646065
0.000125816873683696
