0.00147991062888815
6.61254243653140e-5
6.46634241344098e-5
0.000109842321555774
0.000227128673667627
0.000463679993612357
0.000768405932507027
0.000691456257098358
0.000399050423918511
8.33678590941214e-5
0.000114610978215810
0.000309824816007338
0.000671627542454835
0.000721415483420988
0.000507552551636312
0.000269434100469831
8.89983773349049e-5
3.68194614287518e-5
5.43340553597839e-5
8.75101884813564e-5
0.000107461165516351
0.000106640411614259
9.35317571711956e-5
8.88604345026614e-5
0.000115192590506658
0.000173538945181180
0.000223167486130543
0.000218259162739129
0.000183385324880927
0.000150061695561081
0.000120406341599676
0.000112041412554618
0.000126101505362029
0.000147125461561353
0.000160394080188910
0.000171655068734092
0.000177144660973904
0.000149908203857011
0.000109471904735139
9.17295981569975e-5
0.000103186086479745
0.000130137344888306
