0.00160061979599514
7.08478694739253e-5
7.14472476822449e-5
0.000126978797044114
0.000268225945605325
0.000547725727421834
0.000863827581359813
0.000693895003836063
0.000348065585845474
8.89480088104390e-5
0.000156050775318979
0.000437494465187450
0.000815332356988044
0.000713236760663897
0.000475460106288157
0.000203114778044048
6.11334390969856e-5
4.24895431058203e-5
7.50047029892518e-5
0.000107727319318271
0.000119112889896677
0.000109485372109255
9.61777658578487e-5
0.000106596402200984
0.000157852986653964
0.000225552555881868
0.000247804835366078
0.000215339006619222
0.000177346876589645
0.000140458752993071
0.000121735757442961
0.000131165562661474
0.000154728985980211
0.000172540446768834
0.000184747738192652
0.000194982300103583
0.000171430860454927
0.000125107649465461
0.000100273813278358
0.000109473368310570
