0.00225538392709876
9.60204079320650e-5
0.000115623052475715
0.000248240136174756
0.000562186838064797
0.00108813297730035
0.00116384146048878
0.000742144083658057
0.000141357110367620
0.000240075363214228
0.000733274110350875
0.00126738689215858
0.000926615812694176
0.000511963031423511
0.000143063435616831
5.66657653148459e-5
9.63396050756921e-5
0.000151686032751455
0.000172845452101419
0.000157234994283686
0.000137821441930383
0.000166282058557233
0.000263720651123396
0.000357428668180731
0.000346539828818587
0.000284764957978910
0.000220061947084152
0.000178452224084990
0.000189928952153742
0.000229120933257834
0.000259037039792367
0.000282249206587235
0.000285345675238656
0.000219001313017273
0.000154161730193458
0.000148851227290539
