0.00215222709625274
9.20814424431484e-5
0.000107771337552732
0.000225814353173700
0.000507809706046135
0.000997184982140087
0.00114250527595681
0.000754300716970820
0.000132647125175915
0.000200364301483032
0.000598938459970090
0.00117261854310551
0.000947204235067360
0.000572734981955043
0.000182022714061106
5.72774678588293e-5
7.85617080792510e-5
0.000133324300620135
0.000162947741945918
0.000155582138200714
0.000133757253282842
0.000143053540925143
0.000217573517965282
0.000319058189945653
0.000342655432702656
0.000289466019035256
0.000230629112009352
0.000178226122661871
0.000171057025295511
0.000201990448104187
0.000235928045755782
0.000257030983106271
0.000275789727132808
0.000241781574901525
0.000169404686979109
0.000136719304216695
0.000157605649000044
0.000202517437200622
