0.00205236332014842
8.82636113857191e-5
0.000100502542828576
0.000205321165314275
0.000458046900813602
0.000910190236409695
0.00111389453517487
0.000748829192070449
0.000137410799515559
0.000169663603380211
0.000483685071360003
0.00105486150205140
0.000966848895312448
0.000619166712550203
0.000229236959648679
6.44314106615182e-5
6.37894153112935e-5
0.000114684718147137
0.000150963914930554
0.000152422170021534
0.000132055568577387
0.000127564868249073
0.000178517321662653
0.000275148365768189
0.000329290397991318
0.000293377932782784
0.000238871085008461
0.000184030180784635
0.000159316414818715
0.000177417029695559
0.000211885403846023
0.000234910016771819
0.000254925603971050
0.000252213599650943
0.000191898996941322
0.000137830529369518
0.000134922866825549
0.000170007753352404
