0.00188537056737159
8.18606876681278e-5
8.90527546321459e-5
0.000173668677707080
0.000381169007347692
0.000768976716175388
0.00104469651787558
0.000721793637834401
0.000185273306157387
0.000130948540279129
0.000326339463279569
0.000823066704404751
0.000977132135992225
0.000666866763198273
0.000325263337353668
9.35209980646947e-5
4.76490823588241e-5
8.34848967200561e-5
0.000126043743205952
0.000142188503798103
0.000130588943249109
0.000114231930784061
0.000130158139588704
0.000199058014546965
0.000280691140254631
0.000293240066425646
0.000247474096526754
0.000199395159535463
0.000155974066402029
0.000146599439058509
0.000169613101911419
0.000198723835913627
0.000216272051150830
0.000233654948664503
0.000222414581781017
0.000165660499792352
0.000122930194470468
0.000125262000056074
