0.00197959563174401
8.54770362757225e-5
9.54066287193859e-5
0.000191130224065366
0.000423572929853046
0.000847867631111183
0.00108719770057097
0.000738251761677117
0.000151697139483601
0.000151148702836438
0.000409601544599118
0.000957339846044919
0.000976923050169039
0.000644121035736932
0.000269041415199306
7.42701798230871e-5
5.51852133889820e-5
0.000100934356023384
0.000140803394641786
0.000148809584543534
0.000131449973360936
0.000120083923447454
0.000154653537142986
0.000241484369161397
0.000312091054321635
0.000295158724202388
0.000243158043477181
0.000190565074873634
0.000155358333350768
0.000161968219435663
0.000193401051320078
0.000219537911426428
0.000237457786334693
0.000249202539695595
0.000208438634684456
0.000146679525186048
0.000125105011779120
0.000148109149536644
