0.00195574115673139
8.45624563638437e-5
9.37722070970282e-5
0.000186612672973632
0.000412599465853882
0.000827684794659248
0.00107729657015001
0.000734176109988377
0.000158585978524058
0.000145669671158581
0.000387172433176317
0.000923928583028487
0.000978663698554426
0.000650777797414468
0.000282894151211612
7.84206395681323e-5
5.28559449052803e-5
9.64541752594091e-5
0.000137228084265534
0.000147349792767387
0.000131272434174379
0.000118233910898523
0.000147758375525274
0.000230498390275115
0.000305059661295977
0.000295267532231764
0.000244330635506508
0.000192861877733449
0.000154922209995730
0.000157529329335276
0.000187291564165499
0.000214424909207143
0.000231860483282416
0.000246313984795309
0.000213068275816088
0.000150850064875013
0.000123375148653932
0.000141605331996486
