0.00186230858063597
8.09738915256839e-5
8.75388437977750e-5
0.000169550071055358
0.000371173896846764
0.000750032778106712
0.00103290771006522
0.000717896071294814
0.000195978354575673
0.000126541749884245
0.000308118314850689
0.000789684935791878
0.000973978439107557
0.000671246488176686
0.000339391157666685
9.94428274104259e-5
4.65431199279101e-5
7.93580664027785e-5
0.000122190588894656
0.000140209172370055
0.000130265827546815
0.000113325070639089
0.000125275734692235
0.000189239378838822
0.000271680108262198
0.000291577799671980
0.000248460816046577
0.000201329259611263
0.000157006924660658
0.000143789962607056
0.000164057532747829
0.000193337240615394
0.000211450564319079
0.000228595960845231
0.000223710943233939
0.000170948608581330
0.000124316618192831
0.000121032978569521
