0.00207702334341641
8.92069632108264e-5
0.000102267576210184
0.000210271527695098
0.000470071428312357
0.000931535892409250
0.00112178523907314
0.000751390252889792
0.000134754802896464
0.000176627345992344
0.000510708794227086
0.00108593636601374
0.000962344017655924
0.000609008334806529
0.000216729657725418
6.20117417856996e-5
6.71547204640837e-5
0.000119333838930106
0.000154139374963959
0.000153380185966640
0.000132343368974359
0.000130793381471310
0.000187527216097998
0.000286379138072604
0.000333650296277101
0.000292489077299692
0.000237100862506013
0.000182159655752039
0.000161554810880974
0.000183195272647967
0.000217998420452041
0.000240183892427737
0.000260671604952097
0.000251127264557195
0.000186020849451910
0.000136328581384562
0.000139648146287078
0.000177903148013864
