0.00241640469642614
0.000102166735310983
0.000128598593783445
0.000285849194106910
0.000653062525135627
0.00123032208648555
0.00118637700370905
0.000677319992432970
0.000170293149003903
0.000322463886413531
0.000967741261979712
0.00135131438699270
0.000897007400252609
0.000404642723943928
0.000100884248118646
6.70275265903122e-5
0.000126822055330651
0.000177335786882060
0.000183418384925857
0.000158485637016814
0.000152084527629964
0.000217944394109152
0.000340000133517774
0.000395996071711046
0.000342751325383458
0.000273283912038956
0.000206596161233685
0.000193390332692623
0.000228993528631640
0.000269938911377907
0.000296070964708810
0.000316707593716900
0.000267102776136650
0.000182635221127097
0.000155287607816883
0.000188302829547341
