0.00236188465334654
0.000100085369160315
0.000124105276160439
0.000272755826806013
0.000621479354401788
0.00118230747244586
0.00117967495394495
0.000705635970525619
0.000159227272077901
0.000291474010136721
0.000885636001696034
0.00133169877649381
0.000907188949812040
0.000441442491492865
0.000112812954926797
6.21666443041841e-5
0.000116288032853291
0.000169134412832752
0.000180469322573837
0.000158072067574439
0.000145937707304944
0.000198396966761681
0.000314289512906443
0.000386073677196786
0.000344652362877045
0.000277979436245862
0.000210117391883044
0.000186379502903277
0.000214835212245099
0.000256567483325866
0.000282984149286378
0.000307121552268994
0.000277316424615525
0.000193419498732443
0.000151378564396664
0.000172821783363752
