0.00238903821784491
0.000101121906910900
0.000126330236258250
0.000279230652826000
0.000637105662930261
0.00120625079450915
0.00118308449749756
0.000692312174856030
0.000164629629786736
0.000306489134121387
0.000926245669223808
0.00134255683828006
0.000902211979910445
0.000423076421501883
0.000106587914095172
6.44301148669410e-5
0.000121518725922556
0.000173285593737348
0.000182014708690836
0.000158264379209060
0.000148812952002116
0.000207880346932494
0.000327169825310847
0.000391411342313183
0.000343744042143939
0.000275749818400857
0.000208187464362940
0.000189632428608217
0.000221800556140485
0.000263289656176933
0.000289411897316348
0.000312291426357999
0.000272640547321833
0.000187752587318548
0.000152889039728571
0.000180319164325357
