0.00252801523640521
0.000106430765197094
0.000138123036186288
0.000313816009588169
0.000720286660495439
0.00132752741521123
0.00119955446218499
0.000602105144179131
0.000194726050147217
0.000396895433237188
0.00114088314972251
0.00136642253873338
0.000871532948849826
0.000332340986352324
8.31284985753166e-5
8.05116535922367e-5
0.000148521404656019
0.000192379313340930
0.000187685887809137
0.000160079549754334
0.000169696109545182
0.000263759470402753
0.000389225355737618
0.000407228332086457
0.000338221859020773
0.000261430298316453
0.000204513871963813
0.000213262493926916
0.000259283485293670
0.000296100632398480
0.000324627714976915
0.000323976715933770
0.000239564049674627
0.000169472402371969
0.000173307915896670
0.000223822378027662
