0.00285297330837789
0.000118899326081702
0.000168437651368504
0.000404334823258571
0.000935067374011901
0.00159314958673243
0.00126263568932807
0.000344086448162513
0.000269969234482526
0.000707348910982541
0.00162000756627401
0.00130185623024808
0.000719302270854005
0.000176206403495740
7.30359932962680e-5
0.000137047694359139
0.000207230867276442
0.000221873233217387
0.000191802097162567
0.000181541510869550
0.000265179660392741
0.000419598645543554
0.000476927860146074
0.000403549536646689
0.000312166872301505
0.000236495619343954
0.000242686054886173
0.000297635155801954
0.000342765881309840
0.000378336002753486
0.000367911967321740
0.000258895188869579
0.000187955221127007
0.000207109410964594
