0.00233494322432680
9.90570348624195e-5
0.000121922885571058
0.000266422009949500
0.000606178977676874
0.00115850868663298
0.00117609442578043
0.000717267036602164
0.000154138544159347
0.000277371543737052
0.000845979985723684
0.00131872857997312
0.000912040548348438
0.000459627696387138
0.000119566810929020
6.02483099734561e-5
0.000111142263962655
0.000164890297547491
0.000178780335504778
0.000157889893440260
0.000143429889860048
0.000189498043270319
0.000301434922094719
0.000379985117806722
0.000345439063036809
0.000279976471400725
0.000212330770183238
0.000183636145394263
0.000208133188581530
0.000249774645704600
0.000276769363825838
0.000301367923370124
0.000281003126548185
0.000199517671006537
0.000150762042373516
0.000165871099060765
