0.00267241136698347
0.000111958606095644
0.000151110165314484
0.000352349314701653
0.000812290447659570
0.00144959725672872
0.00122075518593021
0.000484471758942930
0.000227477593060367
0.000517013333272076
0.00136492890497466
0.00134899701452763
0.000820344728087111
0.000251497861961088
7.17777681695582e-5
0.000103318171962182
0.000175871158863712
0.000208120933528621
0.000190458772858856
0.000165477518128813
0.000203780334580132
0.000331464223290247
0.000440207590819595
0.000409059613576614
0.000330046493921235
0.000245784995698920
0.000213601551048813
0.000247566206369038
0.000297906629003309
0.000330492235480246
0.000357664361190533
0.000305733926666631
0.000205875315549284
0.000173158605523782
