0.00279189378820185
0.000116547166726152
0.000162438578924088
0.000386271758124546
0.000892596624877853
0.00154594869332944
0.00124614875375162
0.000387876504953469
0.000255224404057900
0.000637917839910478
0.00153876614871077
0.00131869021398657
0.000757836771248119
0.000198450222277355
7.08857841122562e-5
0.000125206992458002
0.000197076792225943
0.000217933923515559
0.000191419186823983
0.000174665830454403
0.000242140155943284
0.000390213044740138
0.000467921953082721
0.000405767855567842
0.000319183765402630
0.000237738873461019
0.000230873216411612
0.000280311805540915
0.000327874575119224
0.000361862542329317
0.000369719321104040
0.000275459116701142
0.000190239757014564
0.000192598854006873
