0.00282232140404048
0.000117718325575796
0.000165409345353719
0.000395208737128112
0.000913635964488951
0.00156965161563928
0.00125405407243137
0.000365409307010826
0.000262502063660135
0.000671864470941991
0.00158001625058009
0.00131028945177682
0.000739132814347330
0.000186970852756379
7.17501297931671e-5
0.000131064483903297
0.000202199198901603
0.000219984184626039
0.000191603945522398
0.000177888050360993
0.000253340215199708
0.000404971596539155
0.000472821300797955
0.000404692026570805
0.000315786650949050
0.000236849544663224
0.000236527563022795
0.000288926929320625
0.000335300628361241
0.000370106371868195
0.000369522926877240
0.000267138753916349
0.000188601906013796
0.000199496901023310
