0.00247177949781379
0.000104281622186484
0.000133268880994242
0.000299528442957320
0.000685986226183603
0.00127877826520987
0.00119284179331995
0.000642563545481204
0.000182224218316924
0.000357480149454665
0.00105307056310348
0.00136269691591747
0.000885450526044930
0.000368006720500578
9.10099626637119e-5
7.31762759183322e-5
0.000137598242438262
0.000185102903217657
0.000185812677553937
0.000159096449682841
0.000159930454115111
0.000239775367221081
0.000365193960186672
0.000402965748230986
0.000340596475719915
0.000267692155230388
0.000204621600071893
0.000202385653059959
0.000243911788024520
0.000283058116420300
0.000310055740861624
0.000322657736824920
0.000254063174536320
0.000174442976688445
0.000162675397359659
0.000205476111483361
