0.00261399651846779
0.000109720396295753
0.000145764667678542
0.000336438602974169
0.000774395784877413
0.00140084511909658
0.00121120242921924
0.000533356619286791
0.000214161127501875
0.000465054974256646
0.00127523048022886
0.00135976345968827
0.000844120925957565
0.000282104729729925
7.49180413838217e-5
9.35009649336372e-5
0.000164979847521533
0.000202268444222983
0.000189632312856628
0.000162680433058072
0.000188383002514314
0.000303266488251599
0.000421718336944027
0.000409500938845777
0.000333874307822561
0.000251705178096042
0.000208299630429380
0.000232758353309920
0.000282562214316241
0.000316209154480972
0.000345807605369858
0.000316483916363867
0.000218139994769705
0.000168845893028753
0.000194548074363509
0.000252385687712154
