0.00249978936535026
0.000105351864497221
0.000135672535198116
0.000306594759483737
0.000702962118919371
0.00130312599670023
0.00119613564501205
0.000622984168938401
0.000188418103648331
0.000376614931892283
0.00109671918125696
0.00136546646066389
0.000878849780317984
0.000350006762628247
8.68238623023743e-5
7.67022718861432e-5
0.000143047301705669
0.000188805701307762
0.000186811696818620
0.000159529781702474
0.000164560085563511
0.000251509826499405
0.000377395433987913
0.000405412605534429
0.000339442520958275
0.000264623221700752
0.000204318469412778
0.000207597281589406
0.000251560002169933
0.000289572288340761
0.000317305083406074
0.000323938889037254
0.000246906487994773
0.000171525305564857
0.000167605625906783
0.000214535627770639
