0.00347893938831869
0.000143385071190844
0.000238425155891610
0.000618360676308607
0.00141981817406570
0.00196881051208079
0.00148337389695438
0.000297798133192825
0.000506519176031234
0.00166207550244094
0.00195819263098236
0.00113682886561458
0.000293344255590119
8.93972183975846e-5
0.000163073062531136
0.000257546566489730
0.000276029801186007
0.000234958205645179
0.000231352477205294
0.000365131313136339
0.000564043176998857
0.000583201996657572
0.000474054086901506
0.000342736993820377
0.000287363014517426
0.000340549470099042
0.000415426121023790
0.000467601371794022
0.000488201513494296
0.000354939212840681
0.000238756658556656
0.000251928979707938
