0.00334016172542417
0.000137883890772573
0.000221530940895886
0.000566294744275659
0.00130531422859842
0.00190417242717666
0.00144633664689755
0.000250805081900153
0.000433121291854042
0.00142322292259540
0.00196344724833508
0.00118731353377730
0.000370779699627034
9.13404278252040e-5
0.000135955953197306
0.000233001540619383
0.000266591877358013
0.000234127018439778
0.000212743886624331
0.000306036494579417
0.000498953758889618
0.000572384070928290
0.000480688752177431
0.000361620738041197
0.000276562234788708
0.000302802411866748
0.000375787084838075
0.000428196097435807
0.000470298301640437
0.000395176259009780
0.000255051516078932
0.000223710514886368
