0.00344388889080347
0.000141991037731577
0.000234081907366809
0.000604958809191365
0.00139057055591609
0.00195349300376165
0.00147619996074481
0.000284100344159533
0.000486412341187773
0.00160123001743264
0.00196283900938375
0.00115153881779005
0.000311312550059054
8.91582411004458e-5
0.000156028615075281
0.000251548986361403
0.000273942131785369
0.000234701327015329
0.000225902591393720
0.000349343321793604
0.000548384879658461
0.000581512936459523
0.000476045117159178
0.000347289132015107
0.000283617392571615
0.000330541246478742
0.000405583726332028
0.000457329815756161
0.000485867951793937
0.000365684019730210
0.000241212023850557
0.000243553303082348
