0.00291495293009887
0.000121291339595831
0.000174671158862970
0.000423167764129182
0.000979119113467964
0.00163942738712836
0.00128185412882166
0.000305710174851573
0.000285605262032624
0.000782999742956258
0.00169546363049146
0.00128533120631477
0.000676633332822102
0.000156788587070083
7.68410643123925e-5
0.000149336025934569
0.000216986072563356
0.000225174238144378
0.000192319774044018
0.000190263040637214
0.000290729530174400
0.000448118945409887
0.000482905432228271
0.000401023952141683
0.000304466180032029
0.000237508516993948
0.000256431435370777
0.000315185487323597
0.000357996572178024
0.000394172983268728
0.000360536200406312
0.000243319782052374
0.000189693902728619
0.000224236706341306
