0.00320515634474868
0.000132576371021116
0.000205863074974222
0.000518190528641121
0.00119747833578424
0.00183084930933563
0.00139490057713840
0.000229954286083313
0.000375866644964628
0.00120066817540149
0.00192836134668647
0.00122103549631039
0.000461008377182677
0.000101290967227894
0.000112288460813314
0.000207359521303284
0.000254264716217485
0.000233089290410452
0.000201443069297416
0.000258216580831664
0.000430635247909089
0.000548794998796204
0.000485112655398276
0.000379165088758549
0.000276623832800194
0.000272340584868340
0.000335957083073050
0.000392713121531584
0.000436768105672457
0.000420238956235431
0.000285844314788638
0.000211248559811447
0.000243820353771404
0.000319234108720489
