0.00327219029061721
0.000135206573611443
0.000213549019834128
0.000541763207123054
0.00125056059839069
0.00186855246472465
0.00142161393431230
0.000236586152484272
0.000402745737565099
0.00130951245933192
0.00195132585989861
0.00120562361211397
0.000414579375352822
9.52806838172107e-5
0.000123624733794232
0.000220275571295285
0.000260784497857838
0.000233705808349896
0.000206309520648008
0.000280693005921166
0.000464847486219364
0.000562337842904386
0.000483084526794356
0.000370858098797795
0.000275296874368210
0.000286546152109879
0.000355803332247245
0.000410096770322356
0.000454664357460718
0.000410350235866676
0.000269021709038253
0.000215368756096772
