0.00294628211466231
0.000122502602543323
0.000177878539438844
0.000432881444702303
0.00100174537859014
0.00166215560133853
0.00129247391426222
0.000289025625306659
0.000293848019096485
0.000823189040224876
0.00173056319470325
0.00127739638106655
0.000654022331487845
0.000148110605487148
7.93429261786398e-5
0.000155614086508014
0.000221692489560313
0.000226591686999836
0.000192683023672446
0.000195390148428203
0.000304403182291052
0.000461841598393572
0.000484876528030502
0.000399591129402933
0.000300515215559893
0.000238915575374647
0.000263969182061964
0.000323963735923135
0.000365856702572941
0.000401433435836665
0.000354926617637858
0.000236289773997318
0.000192079292075529
0.000233622297281742
