0.00351422842105132
0.000144791886305450
0.000242850522061191
0.000632026255155754
0.00144947710138858
0.00198356372300217
0.00148879350376137
0.000312536471176778
0.000527919664479830
0.00172344496216087
0.00195162923152276
0.00112054413919373
0.000276347160667000
9.01095576584078e-5
0.000170266759658479
0.000263435543740475
0.000277938895314618
0.000235285174739726
0.000237386189070489
0.000381555190737694
0.000579146575101309
0.000584332952647191
0.000471760328376066
0.000338450977151847
0.000291799401785203
0.000350876696638148
0.000425232335687621
0.000478098000064889
0.000488874636404116
0.000344116474628026
0.000237442773831736
0.000261087282372623
