0.00297783852207424
0.000123724207107332
0.000181147818128241
0.000442797883934708
0.00102477556181933
0.00168457586009187
0.00130373393425717
0.000274217526180601
0.000302427715832938
0.000864961079639440
0.00176367853841988
0.00126973891123283
0.000630733913841528
0.000140099893915533
8.22315065294387e-5
0.000161963762032369
0.000226273977581176
0.000227858981454792
0.000193147072193690
0.000201066106606705
0.000318642159212120
0.000475094248580735
0.000486251509757772
0.000397997073442445
0.000296596577744590
0.000240939624776434
0.000271912843433155
0.000332710010312962
0.000373937215136062
0.000407999532824119
0.000348204907119659
0.000229937034953882
0.000195457677319348
0.000243465461394032
