0.00307387833786214
0.000127452396898403
0.000191338438018750
0.000473799104022461
0.00109631353025418
0.00174973876158097
0.00134084876016010
0.000242147550644088
0.000330635268513388
0.000999722701309400
0.00184957410575260
0.00124836512214801
0.000558250205152725
0.000119902331416651
9.31072968573218e-5
0.000181314297711964
0.000239194944360721
0.000230816368421512
0.000195398420023217
0.000221649883771591
0.000364394132731228
0.000511258184230501
0.000487514295020637
0.000391826469931913
0.000285837199969444
0.000250748062910858
0.000297851695455192
0.000358627205922572
0.000399731332747776
0.000421613908267617
0.000323137231410037
0.000215919244702866
0.000211256355360175
0.000275036103113902
