0.00313905425298311
0.000129992043136057
0.000198462865018289
0.000495545892934449
0.00114606505328746
0.00179119282091020
0.00136759014250152
0.000231667901203152
0.000351984821572200
0.00109726576981124
0.00189436096098071
0.00123488712415623
0.000509236005203997
0.000109461603193714
0.000102075459840653
0.000194341835819568
0.000247056734382473
0.000232159069664508
0.000197888607026309
0.000238567908833875
0.000396961125976648
0.000531711576814914
0.000486691285729121
0.000386189624073271
0.000280272129804598
0.000260362875472093
0.000316533670148886
0.000375664385522702
0.000418096018813693
0.000424020925279512
0.000304363214241462
0.000211455001284179
0.000226079496380263
0.000297070699209099
