0.00304163591068310
0.000126198969009898
0.000187876610934174
0.000463253138076409
0.00107205746095718
0.00172839194351653
0.00132798743605477
0.000250696741087248
0.000320774296685615
0.000953239446974939
0.00182332423298752
0.00125525885741350
0.000582698858486902
0.000126013050781690
8.91255219494028e-5
0.000174826448512086
0.000235032158127509
0.000229964646730722
0.000194478214198505
0.000214171267164341
0.000348679392703463
0.000499874425062590
0.000487496765274053
0.000394155931901979
0.000289177331001646
0.000246856854189277
0.000288889319186007
0.000350046196105392
0.000390869000367840
0.000418269341159996
0.000332113883273323
0.000219671562525792
0.000205083856287025
0.000264243605865178
