0.00330605847139043
0.000136539263510527
0.000217502331808410
0.000553907168499129
0.00127772854471244
0.00188662978083025
0.00143431906876690
0.000242805592260002
0.000417463952084523
0.00136580196023241
0.00195871200106991
0.00119691615057339
0.000392306953245621
9.30566968138549e-5
0.000129674182449943
0.000226667713380616
0.000263778324400122
0.000233932644021256
0.000209314518948082
0.000293006452725176
0.000481956490152811
0.000567786735749777
0.000481936614427606
0.000366324743860122
0.000275593592358129
0.000294430654314504
0.000365793518548199
0.000419033907443961
0.000462867683658929
0.000403347028268643
0.000261620038144485
0.000219024548717761
