0.00317198917094507
0.000131278548386524
0.000202127881848375
0.000506754107356340
0.00117156341536508
0.00181125603274624
0.00138124141175130
0.000229732810375618
0.000363580947903159
0.00114825711236872
0.00191273502391534
0.00122807688281935
0.000484956859115680
0.000105099827434964
0.000107033762695151
0.000200857725298564
0.000250744827758808
0.000232670018141943
0.000199517562549769
0.000248043612420321
0.000413693391296058
0.000540690055510961
0.000485972398449345
0.000382850100249969
0.000278179956566196
0.000266063808188484
0.000326172971093162
0.000384169526953844
0.000427450232285851
0.000422916580753601
0.000294975865256283
0.000210810841158393
0.000234616501944562
0.000308171162851701
