0.00362153356186081
0.000149090824225414
0.000256633641673387
0.000674646685106348
0.00154089460371152
0.00202448433412014
0.00149240832676536
0.000361456124661054
0.000600634864913260
0.00190909104594848
0.00192261269730719
0.00106165547577127
0.000231238529089678
9.50324207113361e-5
0.000192582389631125
0.000280359593873630
0.000282628605100460
0.000236935666685060
0.000259282977904324
0.000434282942207757
0.000620336818112734
0.000585142664789399
0.000462638616839595
0.000328048053482872
0.000309145177632237
0.000383367995392476
0.000454680166711047
0.000509998573564970
0.000480422623405210
0.000313260704585420
0.000240462640119609
0.000292580699062145
