0.00369427547652710
0.000152024055586956
0.000266259566581149
0.000704455381998919
0.00160383844588201
0.00204909206289294
0.00148233966707956
0.000396538692675222
0.000656962002657670
0.00203235326479774
0.00189783318374135
0.00101395816805488
0.000205980761831408
0.000100579013101661
0.000207915956676237
0.000290937674701925
0.000284941336038578
0.000238863664561012
0.000277310941980852
0.000471848448372489
0.000643699072802067
0.000584235289052751
0.000454449112867674
0.000323890562383907
0.000323917143335467
0.000405875116920766
0.000474726997187167
0.000530110607054743
0.000466450050997738
0.000295793018875229
0.000248197526675668
0.000316196391937119
