0.00395654907518837
0.000162739102881141
0.000302897530974056
0.000818116415520261
0.00183608815527325
0.00212142035676121
0.00135216668193380
0.000520192431706409
0.000912583984549576
0.00243503690863733
0.00180452841850556
0.000804457125235149
0.000144810899449024
0.000133306975676413
0.000262648996770122
0.000322608844761219
0.000288986625903875
0.000254642197838242
0.000364462953878291
0.000610226842777331
0.000695723422240133
0.000576503066754935
0.000415890411271773
0.000332295563537819
0.000392903539354565
0.000485740611143806
0.000552707686359645
0.000566863399224010
0.000386767989701298
0.000267850092983471
