0.00399500039832408
0.000164329603810834
0.000308527095607696
0.000835597040986357
0.00187069178820900
0.00213051075598194
0.00132104514703098
0.000536879750959115
0.000957356641987664
0.00248603939115991
0.00179252530099544
0.000771222555579867
0.000139115537500491
0.000139534477365311
0.000270428352104098
0.000326378201385484
0.000289214104810094
0.000258481143907080
0.000380092757837051
0.000629772394430242
0.000699526829600859
0.000574695799416605
0.000410135165157222
0.000336618713999574
0.000404543371687149
0.000497079635466177
0.000564913454009554
0.000565318930169485
0.000374647137408778
0.000268722651305806
