0.00403369960191529
0.000165935710914120
0.000314260523402034
0.000853401859173554
0.00190562621576042
0.00213944226648101
0.00128698561708150
0.000553171868295392
0.00100434165596429
0.00253477103599246
0.00178110222435209
0.000737744173037466
0.000134089365635176
0.000146110420295751
0.000278161424952545
0.000329946585462276
0.000289400892363594
0.000262818882234758
0.000396513002052295
0.000648986895230534
0.000702562331150216
0.000572584075898576
0.000404621346870600
0.000341716141837649
0.000416518655743917
0.000508423534171462
0.000577203909942487
0.000561785980484632
0.000363030018889088
0.000270840404580359
