0.00427113644599355
0.000175913275507193
0.000350939542131288
0.000967292150632829
0.00212157217808606
0.00219341337083544
0.00103294554461466
0.000642026925078634
0.00133412068516717
0.00276918395572519
0.00172199860583112
0.000542703291555842
0.000116639648788253
0.000191947742524938
0.000322975015953249
0.000347054734609608
0.000290810321547317
0.000301229737513110
0.000510510989504673
0.000752187452081231
0.000708913753302125
0.000550651335912834
0.000382042742245488
0.000387658411696667
0.000493085984530697
0.000578815505663644
0.000642713652402579
0.000504253677288492
0.000312544122753485
0.000308116613105759
