0.00473013054548128
0.000195867160550195
0.000429363519823061
0.00121009365213030
0.00253782167237450
0.00233839951872433
0.000549459797787326
0.000780820196547839
0.00214413285638123
0.00288787734245120
0.00156028017702930
0.000284263686706526
0.000133476423499168
0.000293746464972740
0.000392653546203150
0.000360769931136759
0.000309437063559677
0.000443021705157537
0.000761460187701402
0.000854735422839117
0.000696363034412293
0.000476639742974652
0.000416402139626198
0.000525781131267435
0.000639086827836629
0.000728216591221699
0.000613575683565271
0.000365624777068384
0.000338490573154340
0.000452943300739591
