0.00508359493412307
0.000211911397646506
0.000496748802618533
0.00141719369570640
0.00284541344987929
0.00252819778846439
0.000441596857665296
0.000902230448817071
0.00285456102220209
0.00276561514188784
0.00129210132910813
0.000194055319875416
0.000182017175078667
0.000370470375541116
0.000428360656966560
0.000362390473946096
0.000356753090197841
0.000612222998185582
0.000926976965608408
0.000867690694187342
0.000655591587975111
0.000452190744085777
0.000503687118019461
0.000647300760058580
0.000758840473220983
0.000775959287799674
0.000483980703077018
0.000350596000066988
