0.00447593461345045
0.000184701802720774
0.000384688188171820
0.00107194964155424
0.00230839735349925
0.00224735565049665
0.000792526472278058
0.000706353041799620
0.00167153325433155
0.00287434987246908
0.00166878587336326
0.000404973996398761
0.000116908509479012
0.000236446255417231
0.000357136214493915
0.000355814692780443
0.000295063548032636
0.000352922578419030
0.000621477315021327
0.000814219851273285
0.000706153193994614
0.000518929354576653
0.000384307301230903
0.000443534208060890
0.000559106670818245
0.000645050586188622
0.000661192560281822
0.000432982592894461
0.000304687101629471
0.000365695514031837
