0.00517458890319478
0.000216146551022859
0.000515107706108670
0.00147329297590621
0.00292136781173800
0.00258919832665540
0.000465069770777926
0.000941335709876041
0.00303834837532811
0.00272342593666002
0.00120510830993804
0.000181342313719392
0.000198592494868649
0.000388923981046003
0.000434995730461342
0.000362920860945783
0.000375543678745795
0.000662189810061042
0.000959744432860731
0.000867484910806663
0.000639244214308670
0.000455750212386381
0.000532014499986967
0.000678215729888819
0.000792021270691939
0.000764898504932892
0.000454800513240198
0.000361229291419171
