0.00468712015954850
0.000193956957830523
0.000421584487630821
0.00118608050243265
0.00249934473994034
0.00232056983186577
0.000582823769218580
0.000768047673666221
0.00206086617060166
0.00289344358480137
0.00158339697593436
0.000300916186914856
0.000129511551132281
0.000284058522374124
0.000387212346257316
0.000360283150006602
0.000306057543583161
0.000425768459627620
0.000738340415655362
0.000850350591351792
0.000698813269339968
0.000483050693784176
0.000408894930766255
0.000511247810599918
0.000625502440875235
0.000715277508127410
0.000626399784056181
0.000373988855302485
0.000329836323294787
0.000437723173812655
