0.00435229420746360
0.000179374914047749
0.000364076901043074
0.00100805498787486
0.00219566913388627
0.00221335232025434
0.000936731394809134
0.000668539811578125
0.00146241521343236
0.00282175056654153
0.00170275768304383
0.000483947362816232
0.000115225416187129
0.000209216412462790
0.000337062707144340
0.000351132214347829
0.000291957016213499
0.000319529999682219
0.000553578208872344
0.000780057030982214
0.000708292974435125
0.000539217283921443
0.000380310872617504
0.000408307263860457
0.000519471155351188
0.000604286645736691
0.000655850597838632
0.000476151704217496
0.000305350419240965
0.000328774384017363
