0.00490476998251144
0.000203715462183935
0.000461882008492209
0.00131025283729868
0.00269197813597570
0.00242240453428862
0.000456980817064305
0.000836055389091619
0.00249148868037353
0.00284057984815802
0.00144429689025230
0.000230345523577699
0.000154069906003855
0.000332480202544728
0.000412301766164482
0.000361836251151137
0.000328098065775084
0.000520941303656812
0.000849810889966979
0.000865044476366920
0.000681155896281662
0.000457385051570351
0.000454352065032204
0.000585825291880006
0.000696055933900077
0.000767892404590063
0.000550664858106638
0.000346356501951104
