0.00512895963430445
0.000214017247312476
0.000505849212428675
0.00144502078506417
0.00288347553051892
0.00255805315712294
0.000450732718989846
0.000921197667182251
0.00294644313695360
0.00274467568168380
0.00124933690617354
0.000187293004514565
0.000190097130967739
0.000379752104401537
0.000431795026355518
0.000362613563439144
0.000365748068717439
0.000636885840268372
0.000943897715367358
0.000867679650421414
0.000647660793667161
0.000453443588340284
0.000517574043890575
0.000662743507902724
0.000775352698461991
0.000771720955315588
0.000468857732712985
0.000355231833022491
