0.00455963800902564
0.000188345882427114
0.000399055119523104
0.00111643317290968
0.00238440879210434
0.00227375093355333
0.000701773570739313
0.000730897462925581
0.00182149982968256
0.00289191570740695
0.00164000677839357
0.000359131073919803
0.000120496760988652
0.000255252754681477
0.000369712729041775
0.000358056293284535
0.000298421322514164
0.000379406190029824
0.000668096177317431
0.000831704034890310
0.000703958713726561
0.000504311608188215
0.000391486548388488
0.000469462001064110
0.000585517813381406
0.000673429898242144
0.000653740986144193
0.000406475355588456
0.000310945247860416
0.000393350793908557
