0.00439325321443131
0.000181132349896341
0.000370824718412707
0.00102898189793169
0.00223305026771425
0.00222405508413639
0.000888201164580387
0.000681355493346495
0.00152993708600144
0.00284281161507408
0.00169234893699255
0.000456323094751510
0.000115286602351247
0.000218136061724951
0.000343903847408969
0.000352878761333383
0.000292777657493491
0.000329843800259920
0.000575838188002748
0.000792493931638936
0.000707721178626808
0.000532803422009035
0.000380745270557201
0.000419513996450501
0.000532688605572241
0.000617547191537221
0.000659719083009278
0.000461626159396205
0.000303772806790921
0.000340365620099217
