0.00522048332942660
0.000218299672817663
0.000524526626447832
0.00150201434137379
0.00295906422400821
0.00262156701198608
0.000484530231992560
0.000962749449432859
0.00313004162752342
0.00270213242237006
0.00115967273435463
0.000176152345281270
0.000207489681436668
0.000397975210000711
0.000437963448590998
0.000363339813808681
0.000386171850872059
0.000688075964150971
0.000974473648459426
0.000867121247530396
0.000630443569337353
0.000459109829766916
0.000546971616498915
0.000693734341799406
0.000808696161119625
0.000755567125023868
0.000441975823380506
0.000368542366983799
