0.00559725445964229
0.000236427779069020
0.000605942664845329
0.00174842019067229
0.00325042030909614
0.00291026175154979
0.000802521389795228
0.00119347792690518
0.00382337426552230
0.00255390806358981
0.000787320659884369
0.000157285575795857
0.000291021984231811
0.000464898290392871
0.000453708580052348
0.000374402852081017
0.000504356088408603
0.000907065014520285
0.00105135163754719
0.000854387267489416
0.000562372183854216
0.000521856781303002
0.000680369837978392
0.000824306979713614
0.000913240835210756
0.000618270469872601
0.000394225028384856
0.000467029027743563
