0.00604181986950181
0.000258929675681295
0.000711584076989205
0.00206254618636699
0.00354487882131514
0.00320081502635557
0.00137108560987114
0.00163705261547691
0.00437496619028851
0.00244163731764231
0.000463618266439933
0.000174927858231863
0.000400890364969209
0.000524954616037854
0.000458262102564572
0.000419497936432399
0.000713344607524669
0.00113492285269193
0.00107393418605070
0.000791279244801305
0.000547210299284806
0.000655742526964137
0.000843632980694214
0.000996036138886176
0.000856425582017788
0.000474721408013916
0.000458396580609103
0.000625442953893826
