0.00564556150433407
0.000238812651343533
0.000616914944917684
0.00178135483136332
0.00328517053639467
0.00294745007599530
0.000858574588590053
0.00123155590264781
0.00390047126045953
0.00253966179167537
0.000743928865402104
0.000157345442955215
0.000302692050274626
0.000472451140282675
0.000454768186582258
0.000377256435617410
0.000523565466098250
0.000934577024856775
0.00105631933156865
0.000850596585316089
0.000556279064134327
0.000533795294863765
0.000698146561058714
0.000842158201552170
0.000918331762127084
0.000598141095267454
0.000395517222988315
0.000483211833064175
