0.00550145093108619
0.000231739727731355
0.000584543426252122
0.00168399434107048
0.00317965225171338
0.00283536011902912
0.000699452827905858
0.00112423572236737
0.00366088409635375
0.00258543670300134
0.000877808213480423
0.000158656789184762
0.000268363168034151
0.000449203953874981
0.000451031397852758
0.000369889442692316
0.000468979692672453
0.000851546234773097
0.00103864918003085
0.000860037326491182
0.000576979332083921
0.000500534762786007
0.000645313902634480
0.000789896153602430
0.000895963930316731
0.000658664569301982
0.000396465777128667
0.000436748844730212
