0.00526664349982274
0.000220476982675442
0.000534108340964105
0.00153118888850748
0.00299653849267966
0.00265507450268434
0.000508992747551414
0.000985546331997308
0.00322127398697456
0.00268104316478303
0.00111330619464735
0.000171676087790979
0.000216773573120063
0.000406895499449305
0.000440699745872153
0.000363899125128116
0.000397662918539128
0.000714479070486839
0.000988054774313116
0.000866585593794866
0.000621377840918715
0.000463513951968764
0.000562406816317875
0.000709326199111790
0.000825188401311000
0.000743868409892410
0.000430518077684427
0.000377119066467366
