0.00614362799996063
0.000264264147440790
0.000737264859428815
0.00213785702772870
0.00360399044724206
0.00323989285090269
0.00150542873092856
0.00177140666276102
0.00444368362776122
0.00241170210794782
0.000414872904541222
0.000184111603130023
0.000425863708528183
0.000535683011569554
0.000458378424691644
0.000436895830503836
0.000770100970722509
0.00117601335723921
0.00107488104001178
0.000769315466923524
0.000557127837720845
0.000692309810547502
0.000881144250170068
0.00103219044033285
0.000815580743774902
0.000460104681414684
