0.00545395329824718
0.000229435714537707
0.000574111359345766
0.00165249644355936
0.00314368520786522
0.00279811680920550
0.000653091340244170
0.00109281201026671
0.00357614858085763
0.00260276762388849
0.000924408368424190
0.000160118222588457
0.000257422637836633
0.000441077288234182
0.000449395126987680
0.000368156200749313
0.000452792822500670
0.000823744655052781
0.00103077545942389
0.000862058694959130
0.000585243485135551
0.000491212349106667
0.000628109039202300
0.000773262174339465
0.000884343254661615
0.000678220177697382
0.000400037230183182
0.000422826279174378
