0.00624654254644113
0.000269728444656489
0.000763795686540999
0.00221520493930777
0.00366053029504770
0.00326375592826288
0.00163787978238573
0.00192092154735387
0.00448925232783366
0.00237432254922565
0.000374475638531075
0.000195287358246911
0.000450630864811781
0.000545387106717539
0.000458533803574115
0.000457649862165337
0.000829969397095812
0.00121232941467395
0.00107500800740147
0.000746141870156288
0.000571810947046435
0.000730700513660143
0.000919680838376175
0.00106313548260726
0.000769207680622814
0.000452862974252287
