0.00619494669130547
0.000266979815720811
0.000750422588448301
0.00217627560196715
0.00363258706000785
0.00325389555393132
0.00157200519723413
0.00184421801158632
0.00446941019690807
0.00239411031253196
0.000393667023204801
0.000189447513455340
0.000438283720277033
0.000540664477699001
0.000458438713659525
0.000446834737965083
0.000799673805584453
0.00119479105927881
0.00107505278525166
0.000757800405014640
0.000563888224195326
0.000711297719392657
0.000900256630061703
0.00104848751978275
0.000792881630681777
0.000455566943882658
