0.00694276389160777
0.000308704899430247
0.000958591372445339
0.00276801751099244
0.00396458039738750
0.00290217221728854
0.00235879441634710
0.00328348994666365
0.00426954601677543
0.00182882638366750
0.000259291599878996
0.000318062262018219
0.000596887259310613
0.000583320116489167
0.000476817879092491
0.000691694082103735
0.00125283854503050
0.00133325951888082
0.00102290448185497
0.000655665971906625
0.000763896567501569
0.00100506727463949
0.00120781967984455
0.000990431171671550
0.000531511882083544
0.000563593483740737
