0.00635056798217136
0.000275326648170058
0.000791199567539251
0.00229460066905024
0.00371442824471535
0.00326976844894368
0.00176671366942200
0.00208633308387348
0.00451118813755653
0.00232693718402053
0.000341759437080067
0.000208500240189410
0.000475027421243993
0.000554048366671533
0.000458936521798081
0.000482050611780162
0.000892469456883498
0.00124358503250775
0.00107410788078342
0.000723093299315930
0.000591004897979040
0.000770585345386654
0.000959692283046139
0.00108606982845792
0.000720614087944881
0.000452838275297482
