0.00716661719867912
0.000322027714568940
0.00102698074451509
0.00295543515987460
0.00403926714546910
0.00259429934912176
0.00251228374709024
0.00381939552398038
0.00409751260413768
0.00156104432960204
0.000253206295645574
0.000372249439667248
0.000634149487542295
0.000587135734899175
0.000496141593512856
0.000802152039820599
0.00137313376355385
0.00134350207867210
0.000974989530038420
0.000671911694263263
0.000848856191834388
0.00109602542833896
0.00128569761298012
0.000878075239493461
0.000521046314394951
0.000638677489748062
