0.00705411845824955
0.000315281938551407
0.000992257251446261
0.00286072587342742
0.00400272416129506
0.00275846842469000
0.00243989743563737
0.00354671193177112
0.00418460598750328
0.00169841064621678
0.000255301254415572
0.000344321358390873
0.000616055605099731
0.000585603581236596
0.000485276753149188
0.000744632513116675
0.00131465419739875
0.00133914018050708
0.00100080223438872
0.000660825689069085
0.000805214906232389
0.00104992678387460
0.00125006965208534
0.000936452054956046
0.000522204646253503
0.000599531862719276
