0.00629841612408573
0.000272510548204756
0.000777387042050876
0.00225464628395228
0.00368781245905768
0.00326914960027963
0.00170284569723891
0.00200160314885112
0.00450317314251324
0.00235202655316827
0.000357207369347807
0.000201636646737504
0.000462885090235404
0.000549848867074028
0.000458690397862313
0.000469377006632451
0.000860924487902952
0.00122859913338193
0.00107471101506697
0.000734513146281068
0.000580861986686311
0.000750476757547041
0.000939474468098087
0.00107577874635107
0.000744979839079561
0.000451965727124170
