0.00666935417996453
0.000292967407246043
0.000878885411307907
0.00254512991866332
0.00386017368676813
0.00315906469100209
0.00211836607793524
0.00268111991490392
0.00444319416179493
0.00210678195128755
0.000280835400775009
0.000260616206782522
0.000544609806256191
0.000573752624377566
0.000464024421621466
0.000579666032009106
0.00108946870308189
0.00130752421618420
0.00105939367454692
0.000668560782273393
0.000672662710116648
0.000896172642169465
0.00109137999734770
0.00108339623908210
0.000591572761666979
0.000492428957343279
