0.00661552095922630
0.000289935919058492
0.000863683362988588
0.00250208850397355
0.00383751338982333
0.00319212405290330
0.00206413454635150
0.00257178478230068
0.00446713974992375
0.00215232235585511
0.000287797834682018
0.000250628873429912
0.000533474759235620
0.000571114044976143
0.000462581148988938
0.000560696304585717
0.00105617986746019
0.00129974884746082
0.00106364608460322
0.000675213485668680
0.000656765358113214
0.000874803985976090
0.00106825150387788
0.00109236791445680
0.000609575429007332
0.000482026425311335
