0.00711022452991199
0.000318633409758862
0.00100948517169165
0.00290783197276883
0.00402117193144230
0.00267875811696439
0.00247717287274316
0.00368203359035767
0.00414105020754777
0.00163039305062167
0.000254039552588024
0.000358087333076450
0.000625239493379794
0.000586456886462063
0.000490387198290628
0.000772827204069341
0.00134436262568418
0.00134147825698543
0.000988305666543135
0.000665639851513483
0.000826763904369178
0.00107279321938270
0.00126891039347969
0.000907568930203926
0.000520633644638783
0.000618751925450911
