0.00645570876781435
0.000281062964391055
0.000819499899029353
0.00237605158679105
0.00376565236319196
0.00325555556161973
0.00189048414849114
0.00226812704010513
0.00450983933497641
0.00226741445816276
0.000315874491894351
0.000223785125888388
0.000498906063218143
0.000561658498846457
0.000459815972999895
0.000510366781403909
0.000957019427019222
0.00126971783593819
0.00107168864317604
0.000701596692767817
0.000614414466116473
0.000811641460567033
0.00100157765402613
0.00109832856038282
0.000673037766511326
0.000459709856897354
