0.00683254907103657
0.000302291495606326
0.000925957327637256
0.00267733175337346
0.00392449883256574
0.00302309118184510
0.00226897421051479
0.00303207724577347
0.00434781846965340
0.00194935452261010
0.000265624481760305
0.000293621541804911
0.000576692727859524
0.000580190958980979
0.000470430072355260
0.000643406824301350
0.00118855340406317
0.00132522677018024
0.00104073325061781
0.000656503184549858
0.000725193813793802
0.000961064371952142
0.00116191859164910
0.00103629291614427
0.000549265233304198
0.000531595199498717
