0.00650869880783384
0.000283984264372607
0.000833993650070913
0.00241754905319791
0.00379026348538055
0.00324022672150124
0.00195009208196129
0.00236523275337019
0.00450078762838655
0.00223260548793890
0.000305201442842045
0.000232210831366173
0.000510610025651723
0.000565069976706664
0.000460511797790420
0.000526069329917880
0.000989854682324435
0.00128090780288193
0.00106969493175584
0.000691864680225964
0.000627604398231979
0.000832515906138306
0.00102329721120891
0.00109976557307737
0.000650535479876886
0.000465604911334680
