0.00672346956966862
0.000296036772497143
0.000894329683812582
0.00258868496319257
0.00388221097936659
0.00311988256820438
0.00217062585614139
0.00279437202384277
0.00441502044376367
0.00205769229707208
0.000274885829568979
0.000271115974581004
0.000555531221171251
0.000576141155317763
0.000465788450582239
0.000599765128829870
0.00112270078420525
0.00131430380258082
0.00105420297893237
0.000663170703121205
0.000689390032958957
0.000917672860905348
0.00111480969834092
0.00107095393522851
0.000575449126024794
0.000504205059171120
