0.00728026454379868
0.000328947479643784
0.00106278796868709
0.00305211804757479
0.00407461752128344
0.00241298043631984
0.00257613898675341
0.00409881436488262
0.00401258900145944
0.00142010533756824
0.000252689863570142
0.000401666797447547
0.000651129837017415
0.000588031357729448
0.000509753766963299
0.000864098713938535
0.00142748865881007
0.00134677554069006
0.000946495242091418
0.000688680817842663
0.000894517607177834
0.00114382552778261
0.00131150410971939
0.000819182363431270
0.000527564521852427
0.000680241380814780
