0.00774642883785094
0.000358476947678098
0.00121738770022265
0.00345782336040809
0.00421479260411651
0.00161476560404191
0.00275613415187382
0.00522218029699369
0.00375874665836240
0.000891473797001803
0.000263693500178156
0.000529796228262221
0.000707386955158233
0.000588297096446968
0.000598483180720749
0.00114976875717087
0.00159303321351842
0.00134705640199059
0.000836674312889147
0.000805076037116606
0.00109157411977936
0.00135728675660167
0.00126843675689927
0.000639839594396268
0.000619105333653456
0.000853940342047594
