0.00751102280218245
0.000343330760167109
0.00113775970025001
0.00325126516317562
0.00414373667621575
0.00201694770531815
0.00267989724054473
0.00466567920737928
0.00386383158960886
0.00114191944262189
0.000255680492444093
0.000464121062937044
0.000681631434290374
0.000588478691241037
0.000546592668715149
0.00100019529275874
0.00152132550151110
0.00135031777184220
0.000887362243481543
0.000737817717696628
0.000990687611098999
0.00124612522909824
0.00132224333097462
0.000713589914256357
0.000561405170709839
0.000767289119224700
