0.00745289890225154
0.000339665226160757
0.00111858873285440
0.00320076834317047
0.00412647873452180
0.00211847568141056
0.00265677599176732
0.00452395045091747
0.00389745843330104
0.00120988378397053
0.000254459818533960
0.000448127281489297
0.000674445868815703
0.000588484681107983
0.000536074670013773
0.000964756740788567
0.00149987432885618
0.00134987774946481
0.000901889383192320
0.000723709407546110
0.000966130062850124
0.00121963845570202
0.00132536885596190
0.000737569594861766
0.000550524378397721
0.000745302382558837
