0.00739506493010617
0.000336046640112065
0.00109970536765921
0.00315074124491020
0.00410925613042129
0.00221879958235421
0.00263182973769620
0.00438196314231798
0.00393366916571338
0.00127919556605603
0.000253549937219250
0.000432366934580487
0.000666965352354301
0.000588426421091801
0.000526456994954931
0.000930227328674319
0.00147705279240804
0.00134910797536727
0.000916732563026201
0.000710782901779706
0.000941892815789126
0.00119376748985009
0.00132447424583143
0.000763366895560876
0.000541209041069842
0.000723394633289865
