0.0010944990444227603
6.482089842604895e-05
0.000857843418161963
0.00047024230590581387
0.0018743357752102764
0.002457462583035445
0.0019917191973355293
0.002892184569393082
0.0009050066573358421
0.0009758706167945061
0.002146620015895343
0.0034349373553732828
0.0032791632855992733
0.003616200811330725
0.005209561047259689
0.004039668413557525
0.0032987150680407226
0.0030082758816911484
0.0032217148267019973
0.0035225334219638428
0.0026372007725303116
0.0029941579217270427
0.0012909391993608274
0.0027944668899134014
0.0010343407011217194
0.0011426029455847426
0.0005153291012852209
0.0015216570045725824
0.004401672291748637
0.002593119716704182
0.006531775936938648
0.001984251840793656
0.008078777844433248
0.0018474351119223578
0.007753294702817613
0.0036924754109828894
0.006757517849116638
0.0017619721531149425
0.0019312577870157406
0.0029427441232218947
0.0007547678469446363
0.0016129766183307086
0.0030260173853059046
0.003546083313206604
0.0029111847708770703
0.002621279089827136
0.0023264968457653323
0.002323200102718691
0.0024152701357837278
0.0034039115787359566
0.00503030427167858
0.004994121024367247
0.00342124454490246
0.005253172745198586
0.003772195981235662
0.0018423647894254573
0.0019444360288276528
0.002624974812536137
0.0027330554057696096
0.004844219604324063
0.000394263972580572
2.03221326395278e-5
1.68580308632150e-5
1.63903093652176e-5
2.00318809533929e-5
3.05280014866052e-5
5.14686287041161e-5
8.77810447784228e-5
0.000141955278201335
0.000195733445136848
0.000188563586765259
0.000117289565863747
6.17523304913914e-5
2.51252747586652e-5
1.88853122438961e-5
2.98247468489378e-5
6.11535207861143e-5
0.000116066717371630
0.000166538648826815
0.000168213593817934
0.000138329255237027
0.000106238338457915
6.88770804265193e-5
3.53900897110333e-5
1.56397303462378e-5
9.43461750703606e-6
1.17107015449810e-5
1.73674414337506e-5
2.28887664151767e-5
2.63666280084117e-5
2.71774704059566e-5
2.57427890810388e-5
2.33914481885725e-5
2.21468355658392e-5
2.41715449879991e-5
3.07032357753954e-5
4.07288954762061e-5
5.03442958695657e-5
5.44977107116670e-5
5.15491280813646e-5
4.53716681125935e-5
3.99387857869245e-5
3.52196624368273e-5
3.08203551436434e-5
2.80251635218284e-5
2.78868925861160e-5
3.01191063558382e-5
3.33805166124436e-5
3.60282798155540e-5
3.73968981020299e-5
3.86143147644042e-5
4.05943193343382e-5
4.13779621155606e-5
3.83741536288620e-5
3.22715337188601e-5
2.63299418199816e-5
2.32951787723276e-5
2.39663920300720e-5
2.75859055552811e-5
3.27439497928044e-5
0.000394263972580572
2.03221326395278e-5
1.68580308632150e-5
1.63903093652176e-5
2.00318809533929e-5
3.05280014866052e-5
5.14686287041161e-5
8.77810447784228e-5
0.000141955278201335
0.000195733445136848
0.000188563586765259
0.000117289565863747
6.17523304913914e-5
2.51252747586652e-5
1.88853122438961e-5
2.98247468489378e-5
6.11535207861143e-5
0.000116066717371630
0.000166538648826815
0.000168213593817934
0.000138329255237027
0.000106238338457915
6.88770804265193e-5
3.53900897110333e-5
1.56397303462378e-5
9.43461750703606e-6
1.17107015449810e-5
1.73674414337506e-5
2.28887664151767e-5
2.63666280084117e-5
2.71774704059566e-5
2.57427890810388e-5
2.33914481885725e-5
2.21468355658392e-5
2.41715449879991e-5
3.07032357753954e-5
4.07288954762061e-5
5.03442958695657e-5
5.44977107116670e-5
5.15491280813646e-5
4.53716681125935e-5
3.99387857869245e-5
3.52196624368273e-5
3.08203551436434e-5
2.80251635218284e-5
2.78868925861160e-5
3.01191063558382e-5
3.33805166124436e-5
3.60282798155540e-5
3.73968981020299e-5
3.86143147644042e-5
4.05943193343382e-5
4.13779621155606e-5
3.83741536288620e-5
3.22715337188601e-5
2.63299418199816e-5
2.32951787723276e-5
2.39663920300720e-5
2.75859055552811e-5
3.27439497928044e-5
0.0010944990444227603
6.482089842604895e-05
0.000857843418161963
0.00047024230590581387
0.0018743357752102764
0.002457462583035445
0.0019917191973355293
0.002892184569393082
0.0009050066573358421
0.0009758706167945061
0.002146620015895343
0.0034349373553732828
0.0032791632855992733
0.003616200811330725
0.005209561047259689
0.004039668413557525
0.0032987150680407226
0.0030082758816911484
0.0032217148267019973
0.0035225334219638428
0.0026372007725303116
0.0029941579217270427
0.0012909391993608274
0.0027944668899134014
0.0010343407011217194
0.0011426029455847426
0.0005153291012852209
0.0015216570045725824
0.004401672291748637
0.002593119716704182
0.006531775936938648
0.001984251840793656
0.008078777844433248
0.0018474351119223578
0.007753294702817613
0.0036924754109828894
0.006757517849116638
0.0017619721531149425
0.0019312577870157406
0.0029427441232218947
0.0007547678469446363
0.0016129766183307086
0.0030260173853059046
0.003546083313206604
0.0029111847708770703
0.002621279089827136
0.0023264968457653323
0.002323200102718691
0.0024152701357837278
0.0034039115787359566
0.00503030427167858
0.004994121024367247
0.00342124454490246
0.005253172745198586
0.003772195981235662
0.0018423647894254573
0.0019444360288276528
0.002624974812536137
0.0027330554057696096
0.004844219604324063
0.0010944990444227603
6.482089842604895e-05
0.000857843418161963
0.00047024230590581387
0.0018743357752102764
0.002457462583035445
0.0019917191973355293
0.002892184569393082
0.0009050066573358421
0.0009758706167945061
0.002146620015895343
0.0034349373553732828
0.0032791632855992733
0.003616200811330725
0.005209561047259689
0.004039668413557525
0.0032987150680407226
0.0030082758816911484
0.0032217148267019973
0.0035225334219638428
0.0026372007725303116
0.0029941579217270427
0.0012909391993608274
0.0027944668899134014
0.0010343407011217194
0.0011426029455847426
0.0005153291012852209
0.0015216570045725824
0.004401672291748637
0.002593119716704182
0.006531775936938648
0.001984251840793656
0.008078777844433248
0.0018474351119223578
0.007753294702817613
0.0036924754109828894
0.006757517849116638
0.0017619721531149425
0.0019312577870157406
0.0029427441232218947
0.0007547678469446363
0.0016129766183307086
0.0030260173853059046
0.003546083313206604
0.0029111847708770703
0.002621279089827136
0.0023264968457653323
0.002323200102718691
0.0024152701357837278
0.0034039115787359566
0.00503030427167858
0.004994121024367247
0.00342124454490246
0.005253172745198586
0.003772195981235662
0.0018423647894254573
0.0019444360288276528
0.002624974812536137
0.0027330554057696096
0.004844219604324063
0.0010944990444227603
6.482089842604895e-05
0.000857843418161963
0.00047024230590581387
0.0018743357752102764
0.002457462583035445
0.0019917191973355293
0.002892184569393082
0.0009050066573358421
0.0009758706167945061
0.002146620015895343
0.0034349373553732828
0.0032791632855992733
0.003616200811330725
0.005209561047259689
0.004039668413557525
0.0032987150680407226
0.0030082758816911484
0.0032217148267019973
0.0035225334219638428
0.0026372007725303116
0.0029941579217270427
0.0012909391993608274
0.0027944668899134014
0.0010343407011217194
0.0011426029455847426
0.0005153291012852209
0.0015216570045725824
0.004401672291748637
0.002593119716704182
0.006531775936938648
0.001984251840793656
0.008078777844433248
0.0018474351119223578
0.007753294702817613
0.0036924754109828894
0.006757517849116638
0.0017619721531149425
0.0019312577870157406
0.0029427441232218947
0.0007547678469446363
0.0016129766183307086
0.0030260173853059046
0.003546083313206604
0.0029111847708770703
0.002621279089827136
0.0023264968457653323
0.002323200102718691
0.0024152701357837278
0.0034039115787359566
0.00503030427167858
0.004994121024367247
0.00342124454490246
0.005253172745198586
0.003772195981235662
0.0018423647894254573
0.0019444360288276528
0.002624974812536137
0.0027330554057696096
0.004844219604324063
0.0010944990444227603
6.482089842604895e-05
0.000857843418161963
0.00047024230590581387
0.0018743357752102764
0.002457462583035445
0.0019917191973355293
0.002892184569393082
0.0009050066573358421
0.0009758706167945061
0.002146620015895343
0.0034349373553732828
0.0032791632855992733
0.003616200811330725
0.005209561047259689
0.004039668413557525
0.0032987150680407226
0.0030082758816911484
0.0032217148267019973
0.0035225334219638428
0.0026372007725303116
0.0029941579217270427
0.0012909391993608274
0.0027944668899134014
0.0010343407011217194
0.0011426029455847426
0.0005153291012852209
0.0015216570045725824
0.004401672291748637
0.002593119716704182
0.006531775936938648
0.001984251840793656
0.008078777844433248
0.0018474351119223578
0.007753294702817613
0.0036924754109828894
0.006757517849116638
0.0017619721531149425
0.0019312577870157406
0.0029427441232218947
0.0007547678469446363
0.0016129766183307086
0.0030260173853059046
0.003546083313206604
0.0029111847708770703
0.002621279089827136
0.0023264968457653323
0.002323200102718691
0.0024152701357837278
0.0034039115787359566
0.00503030427167858
0.004994121024367247
0.00342124454490246
0.005253172745198586
0.003772195981235662
0.0018423647894254573
0.0019444360288276528
0.002624974812536137
0.0027330554057696096
0.004844219604324063
0.000394263972580572
2.03221326395278e-5
1.68580308632150e-5
1.63903093652176e-5
2.00318809533929e-5
3.05280014866052e-5
5.14686287041161e-5
8.77810447784228e-5
0.000141955278201335
0.000195733445136848
0.000188563586765259
0.000117289565863747
6.17523304913914e-5
2.51252747586652e-5
1.88853122438961e-5
2.98247468489378e-5
6.11535207861143e-5
0.000116066717371630
0.000166538648826815
0.000168213593817934
0.000138329255237027
0.000106238338457915
6.88770804265193e-5
3.53900897110333e-5
1.56397303462378e-5
9.43461750703606e-6
1.17107015449810e-5
1.73674414337506e-5
2.28887664151767e-5
2.63666280084117e-5
2.71774704059566e-5
2.57427890810388e-5
2.33914481885725e-5
2.21468355658392e-5
2.41715449879991e-5
3.07032357753954e-5
4.07288954762061e-5
5.03442958695657e-5
5.44977107116670e-5
5.15491280813646e-5
4.53716681125935e-5
3.99387857869245e-5
3.52196624368273e-5
3.08203551436434e-5
2.80251635218284e-5
2.78868925861160e-5
3.01191063558382e-5
3.33805166124436e-5
3.60282798155540e-5
3.73968981020299e-5
3.86143147644042e-5
4.05943193343382e-5
4.13779621155606e-5
3.83741536288620e-5
3.22715337188601e-5
2.63299418199816e-5
2.32951787723276e-5
2.39663920300720e-5
2.75859055552811e-5
3.27439497928044e-5
