0.000848587369952938
9.071751912343073e-05
0.0010173718049522387
0.0008948347629277071
0.0018300456746040321
0.0027811738345171364
0.0012830589976440118
0.0027836110098038978
0.0012479050336872968
0.0017611768447150157
0.002979256950735002
0.0035669002630053744
0.0032073125143038993
0.005275176231234033
0.004182673064308711
0.0030265813726539203
0.0030431378050641807
0.0035454707900720436
0.003733477083720868
0.0026259481726891194
0.0027614117955335736
0.0011858868898380354
0.0021875574965387933
0.0005281279626006396
0.001118002168395207
0.000831813582590843
0.0015371933735398922
0.00562133520682772
0.002676656052754408
0.009103396022727896
0.001906021420480675
0.007741343118720837
0.0019239558235956242
0.0067788265642043126
0.0065550834384211385
0.00212006073172827
0.0015877439598609828
0.002850821424030305
0.0007699124413887901
0.0015682459230848208
0.0028977538426545597
0.0035749523676266133
0.002797974881446587
0.0024618630840011466
0.0022538846071700888
0.0026704640071704483
0.002778517638321336
0.0046055506602327365
0.00494659900487417
0.0041918433042174245
0.004690472352571196
0.00437270921824062
0.0011808841011644769
0.0022514771124471037
0.0027845243365007496
0.0030289883056490836
