0.0009296248814364189
8.076905566486154e-05
0.0009717456252112016
0.0007405763521370862
0.0019909221062511155
0.002723483490421754
0.001511712933298324
0.0028625816042080355
0.0011777739952182737
0.0015641657335999299
0.0027641925208207797
0.0036496685038851177
0.003229763532842454
0.0048142078445511565
0.004668230051103512
0.003425934815583877
0.0034335608814910815
0.003202771605662612
0.0036402111131943844
0.003950703482963295
0.004527256016868625
0.001803282918707469
0.003390641702484033
0.0015138393530772683
0.001090021253493837
0.000392809375362969
0.0011422685145684541
0.0031380957750641453
0.002463721984829184
0.009148235996111488
0.001796467066539382
0.007993482771517565
0.0019395356085776397
0.007456736130087024
0.0052798234386375
0.006982653201870152
0.0010344083618402705
0.0025181092558252925
0.003934324544531717
0.0005492016131890933
0.0017188482617467142
0.0029391552768534206
0.003390847310433091
0.002771389798984706
0.0024502758034459634
0.002283818249716142
0.002607084861962123
0.002920441734558757
0.004779820779030611
0.0049911972429668595
0.004040927784425211
0.004678723329691188
0.004220679149004294
0.0015646853809998514
0.0018168937549642192
0.00264534345396025
0.0030044032270821457
0.004585336128204219
