0.0008294158371141826
9.429084383772457e-05
0.00102905417746886
0.0009361149064189202
0.0017711138856421082
0.0027848960955738455
0.0012329248964413322
0.00271499654020267
0.0012958881748741176
0.001818400984014715
0.0030407886684363124
0.003544911831100347
0.003206281782059956
0.005388964274225837
0.0041858948508415785
0.00305212063919437
0.00308452066029973
0.0034830125878267636
0.003780660357456266
0.0027378249337947913
0.002493559112137527
0.0011081678421164917
0.0022832417354650726
0.0002938985162520682
0.0011714210724250575
0.0009948969503770328
0.0015225351709262046
0.005715911048357957
0.002656125333913008
0.008998020128857656
0.0019404926612004974
0.007675590463856778
0.0020548138141495685
0.006640702668859369
0.006615968220302826
0.0013477148574514923
0.0022090812273886313
0.0033347596805887855
0.0005707889320130142
0.001768883018376964
0.002916458947607266
0.003377327814771721
0.0027731467117151514
0.002382421091130263
0.0022474515530326697
0.0024642116692602965
0.003013355357899738
0.004760903189310462
0.004680705613786234
0.0038559018161846174
0.004705322797136342
0.004142557398633927
0.0009278952727167296
0.0024523280182727537
0.0029653242346049397
0.0031694299880990163
