0.0008100499128720193
9.817284598928096e-05
0.0010405394032753706
0.000978196178048818
0.0017207976435334223
0.002793167231911065
0.0011870573798203245
0.0026458133692040813
0.0013501758471987629
0.0018794973979534963
0.0030982423740102
0.00352410864157428
0.003215575279059719
0.0054879235865456
0.0041528243464837265
0.0030571837754677276
0.00317156702125338
0.0035006458000353185
0.0038934755307305996
0.003025831690589382
0.0018514187560077291
0.0020264867086963014
0.000894707347318262
0.0005060418504986136
0.0002227719962726634
0.0006097829655612615
0.0011808492365045216
0.0015975008770433554
0.003600662948099868
0.0024338118566159706
0.007823610529150373
0.002104923827658289
0.0074181558264167355
0.005760629494681901
0.00688837155681309
0.0009698831994841388
0.0026358022107716796
0.003968125790655624
0.00048770811129664735
0.001646520161518115
0.00281487576137415
0.003225512830186717
0.0027807596215116822
0.002283516352160277
0.002234275671600437
0.0022886161281198444
0.0033244254302648418
0.004895764606683822
0.004579337024827454
0.003738890632516809
0.004441905445067477
0.00376811398850132
0.0009892745422733764
0.0023830036931154035
0.003068254745700395
0.0035585397236823826
