0.0010201365177978355
7.18636722734326e-05
0.0009129725711532501
0.0005912607690441165
0.002004640158768024
0.0026139950127302084
0.0018018270935156316
0.002892228731666641
0.0010223786044337817
0.001210184042396139
0.0026039202766869464
0.003828238892716619
0.003317988585187654
0.0040755864541422
0.005086784385167726
0.0038635481059033075
0.003478066442639549
0.002990743690998484
0.00345655360220216
0.003582782713301063
0.0027879479783819443
0.001542431706044533
0.0022300029263743453
0.0008715465824891162
0.00101423539488678
0.00031701821258152624
0.0016149506313611315
0.0036142188246948864
0.0019719841862768767
0.005032846310794631
0.0023852864245672628
0.008547478529059465
0.0019805301002092874
0.007883942713729022
0.002465476856014206
0.0065904240626969285
0.004611920214642864
0.001337963912608682
0.0015012390246016852
0.001558024517337002
0.000828686357140761
0.002163863068628301
0.003081416770218014
0.003267866609027607
0.0027953665406464353
0.002433890676127689
0.0022869568956888305
0.002570867407375696
0.00302456258610984
0.004907792726620129
0.005089469371126493
0.003912938233345903
0.004598206785673124
0.004073359624194754
0.0022856855237909928
0.0014357812764149219
0.002475161177374904
0.003020507768182563
