0.0010442126135013447
6.906764560503084e-05
0.0008945014486908163
0.0005490880125945954
0.0019614634933756785
0.0025709503032503773
0.0018725635704862863
0.0028820029078605786
0.000975831830431127
0.0011313348004660618
0.002456934153379447
0.0037417310611348926
0.0033187981480668773
0.003897774378741604
0.005146813472666537
0.003914202172682502
0.003411760026585812
0.0030510651175231
0.0033947888430970984
0.0035407576592785413
0.0025060256297103635
0.0021380346389013923
0.001456780146888033
0.0014243914205378187
6.728429603487476e-05
0.000928413688942082
0.000552369002046947
0.0012631218839661295
0.0038366586512825498
0.0026744123606514117
0.009373473803245791
0.0017485273893967578
0.007957077313444758
0.001764205900245949
0.0073464582396441215
0.005538194752274605
0.006991752446743635
0.0009443942548536865
0.00261272617839907
0.004210014359599022
0.0005608280921321529
0.0017066512654166112
0.0029933911876787998
0.0034512396070053297
0.002773578823354873
0.002460150914040915
0.00226535266426103
0.0027550158192691386
0.0027781146373521415
0.004784004854734107
0.005350027321623785
0.0044099891809334674
0.003838372198554694
0.004415634453034108
0.002969244488209423
0.001214664046418173
0.002454100287687425
0.002917625485596257
0.0035200652926140876
0.006515128834970274
