0.0007730156217555095
0.00010734162979290832
0.0010640970950258756
0.0010659571759355415
0.001637416700936789
0.002819641735319441
0.001110456861563398
0.00248297250109103
0.0014469614241080318
0.002021238543416733
0.003257059277889158
0.0035006935005408805
0.0032558755334028567
0.005019354242368282
0.004177934245678276
0.003417365750656246
0.0031159570325641596
0.0035837886691616905
0.004052000506907964
0.00402088622572719
0.001350730424963262
0.004128442105295022
0.0018752386658395697
0.0009840065176843274
0.0003021372421982859
0.0007728558080422486
0.001914781982161736
0.0021120515806765153
0.005029277924206878
0.002269418992899872
0.007952039030954547
0.0019425599906163077
0.0069510693711270465
0.006186442698545066
0.005179305693553457
0.000868174219255264
0.002556540637467165
0.002857381494277018
0.0004270880391276084
0.0017953770395300285
0.0033124851218982007
0.0029718603734904844
0.002505700031168358
0.0022144527613942953
0.002777298556116654
0.0026170894280752952
0.004349916983792145
0.004960944278015721
0.004115329383532014
0.004771361800596281
0.0041598479020300404
0.0013618672806644488
0.0017620747428658034
0.0027670680811020124
0.0030198164300449873
0.005252545454771234
