0.000996629738470194
7.515879166756808e-05
0.0009317277961850282
0.0006303253991489325
0.002017393602437691
0.002646749610412111
0.0017251468350772152
0.002890047851508916
0.0010685899909775734
0.0012959309163962885
0.0026613139709154104
0.003771250706216681
0.0032757918130536688
0.004323570456152189
0.0050370186500572
0.0037827217745994355
0.0034951634453004006
0.0029862656440107493
0.0035047424169381298
0.003649050792904867
0.00318355397612541
0.0008468054880849049
0.0039331605450688145
0.0022074115878784085
0.0009955308632170101
0.00017452286925134927
0.0009372191813261099
0.001811976107598544
0.0020514044406619875
0.009128247344876352
0.00197486820039384
0.008168585038833
0.00223494306287695
0.007616658377285726
0.003021768817561146
0.006615704782552107
0.003227661980012203
0.0014304870201806642
0.0015975336796293263
0.0011217419041476516
0.001257391627067303
0.0026761103436277927
0.0032784184177003933
0.0029794963655991667
0.0027115103471991755
0.0023419758722477953
0.0022907627687007415
0.0023961757801446997
0.003321857937071116
0.004988094501227664
0.004876058285138656
0.0034810020249278397
0.005009940123522907
0.0038340572426645604
0.0012841157000643055
0.002071329171765255
0.002781809997267897
0.002890977492883381
