0.0008679417610080325
8.751685502715144e-05
0.0010056550113003674
0.0008545071455292185
0.0018870055923000202
0.0027751156270964675
0.0013351486316865375
0.002826524619194677
0.0012083149593194687
0.0017080694373571203
0.0029044172894694344
0.0035819292610661246
0.0032140978498202675
0.005167020770261754
0.00429086749584337
0.003138824671514958
0.0030846426327058966
0.0034717819087463314
0.003669045103347857
0.0029903010683080544
0.0035096788122043294
0.0016522580172884703
0.0025439089579939937
0.0008265401805705546
0.0011118719262071016
0.0006505042921583764
0.0014999842678915104
0.005344466200137567
0.0026567821696702057
0.008917429907854069
0.0018602208962598384
0.007808485800875287
0.0018009019273662425
0.006833083100641152
0.006370130551788033
0.0035210491830312877
0.0010953489717181644
0.001988479736338748
0.001333386153911171
0.00077686618391188
0.002353030132504407
0.0032597533884423276
0.0028525847521820103
0.0025552357480840148
0.002232232429689728
0.002870160047169324
0.002594636975986553
0.004413710218306402
0.005183925280963834
0.004472125265138278
0.0040014918849001
0.004456911249306433
0.0023580945526518646
0.0012197581573324318
0.002483719754841735
0.003151168799498079
