0.0010688960478941138
6.677169534588523e-05
0.0008762973854685964
0.000508880496229377
0.0019183149203615142
0.002528174090366646
0.0019354413599905055
0.002900632096615784
0.000940063688058344
0.001051659130069959
0.0022938646716813057
0.0035814653953413493
0.0032967111698817336
0.0037545812598837993
0.00517854393106754
0.003978582842765519
0.003341269642945788
0.0030809864456212335
0.0032811238475696104
0.003579411222305735
0.002350622889526833
0.002394772334030261
0.0011157008872759622
0.0024431497634715667
0.0005180741072185536
0.0011910834097677238
0.0006989817294207794
0.0014804319012107572
0.00428651306429733
0.0026874260078809838
0.007553637501548364
0.00187271398156521
0.008021112394645272
0.0017899627767863856
0.007549390288498603
0.004534974418151757
0.006973252719816503
0.0012029619737785172
0.0023801037737237905
0.003825372507702399
0.0006346524125801961
0.0017949743071569713
0.0031539894257157455
0.0036662153874871344
0.0027669321466175906
0.0024621741411846713
0.0022699428073596033
0.0025462803709626583
0.0024521080761298916
0.004151593202093352
0.005172294871904667
0.004805465921847276
0.0033795650880703346
0.004868419553252636
0.003261173742763963
0.001475162388832258
0.002130704578183693
0.0028281966538187646
0.0030355679681046306
0.005700021994761396
