0.0007912667106680002
0.00010251973281807484
0.0010522368592006208
0.0010215119290741654
0.001678455392853636
0.002806393794113872
0.0011476058861457153
0.0025736510651342545
0.0014023032529156057
0.0019433465445951473
0.003153024652028346
0.003501322771522335
0.003232084109445613
0.005250519452535414
0.0041467111915517016
0.0032303369413909334
0.0032302442214723172
0.003529653485188941
0.004029534671393561
0.003397047149955042
0.0009804409560447277
0.00408516260981316
0.0020497405682292228
0.000953716964405657
0.00027328407524534614
0.0007563384377405815
0.0017231879273419217
0.001900667869986541
0.004996965590488848
0.0022927782921210228
0.008010856020430286
0.001960244426723345
0.007127379487127355
0.005975406344544851
0.00651762774863602
0.0007836571794852417
0.0028898906303231066
0.0041286273229922425
0.00045329306650791594
0.0016148964479998338
0.0028887566580030866
0.0030687931392609897
0.002632105974724341
0.0022218131641698197
0.002706724803689921
0.002494735680051174
0.004110765700480737
0.005094836832286914
0.0043996930643202
0.004078696375155675
0.004262509669981984
0.0027122942306363968
0.0010763077455438214
0.0024563493380858363
0.003226150063609166
0.004027315409063583
