0.0009084625410160471
8.253851853219429e-05
0.00098281765139387
0.0007773777903985797
0.0019550292700657294
0.0027404972848630695
0.001449304434829911
0.0028511570842167243
0.0011820993058490477
0.0016355686679117697
0.0027523995755858593
0.003600418583769811
0.003220711380023557
0.004942582015179214
0.004531628690079581
0.003348639660501792
0.003308444514102089
0.003386050313854748
0.003707477016439256
0.003878516270584837
0.0045612055882708275
0.002067250361389663
0.0031271691642912555
0.0013057593334067333
0.0011219499825946377
0.00046161343290414215
0.0012477368887167726
0.0037383549629690658
0.002616250987188461
0.009319768028104957
0.0017526685312656038
0.007936147651593386
0.0018447434672472112
0.007199790885317154
0.0059132638361237035
0.006700973806705858
0.0008328201725244983
0.0027284839087089504
0.004131832846513987
0.0004898166961108537
0.0016165888387398354
0.0028385085028341884
0.003235724742117827
0.0027806543585861114
0.002337737852204869
0.002258457520833755
0.0024082688844504524
0.0031887774402139034
0.004896795142103215
0.004773334639157252
0.003625088212507865
0.00482233874173303
0.00392796585459855
0.000956359663419021
0.00250482347548504
0.0029259600202711468
0.003034430772020461
0.005671260149283135
