0.0005994092292326141
0.00020124093083502307
0.0010717317546675553
0.0015598211881971222
0.0012776750899118874
0.002836135533051761
0.0016108547173429694
0.0020531379048300824
0.001889605566123663
0.0029674967409261096
0.004122802937035483
0.003327767812103907
0.004689755332524809
0.004506172792758324
0.0034364555798534584
0.0032512272713814123
0.003659948448723768
0.004556016102005513
0.004926518670736355
0.0020987434858889555
0.003820576131220478
0.0014902474363137422
0.0009989601587450062
0.00041469266433660865
0.0007925575591011148
0.0027665178968020263
0.0026724621893267977
0.005312993546000249
0.0022755972769962266
0.007937891774887138
0.0027524156114680574
0.006144953212567588
0.005302547028786622
0.001040162335965597
0.002699260095747771
0.0024716267293223154
0.00044025635535806836
0.002077637532069064
0.00393702790217186
0.0028076330559689577
0.0023099161000408007
0.0021804254752487316
0.002287001488959282
0.0030125767378355807
0.004522077075963098
0.00408458975773021
0.004067664656882551
0.004093927534702496
0.0030668674735445673
0.0009754788840323546
0.002266374454635286
0.0037658468523459197
