0.0005887780355648801
0.00021203903773426032
0.0010611906006120328
0.0015956577663709375
0.0013213294788233887
0.0028254871330060157
0.0017323500679416325
0.001987370970015204
0.0019591317240278718
0.002967570695631071
0.00409784983914753
0.00332773510741298
0.0048030447359484075
0.004467368576234522
0.0034043311509578517
0.003279253355478783
0.0036836346081843266
0.0047149585372877265
0.005580930541006842
0.0029224376786241716
0.0034006807160021236
0.0012944953406276443
0.0010489576457208872
0.0005075225157746
0.0009097547679884115
0.003737485987431397
0.002577079327730424
0.008731340570428724
0.002148891748807273
0.007855849567965176
0.0031805566684058695
0.005942290657787892
0.004836263051290634
0.0007596457957952512
0.0033612588658050524
0.002937773003739955
0.00039864116871689064
0.0023791936107131063
0.0038843219162989287
0.0026966495021393676
0.0021981144424907157
0.0025093086945784555
0.002373589898430893
0.003455473391271736
0.004813908890857698
0.003805003724281214
0.004987617975263554
0.003589262270266159
0.0022221834187042496
0.0015303738134444008
0.002681252415270746
0.003338794637811342
