0.0005314933465417198
0.00026527699106343905
0.0010019215142002987
0.001895688653617804
0.0016684037303134024
0.002767131471179965
0.0024601105387798876
0.002081995296470418
0.0026100171594783984
0.003356048042214892
0.003703798728283122
0.003098258716942524
0.004707816066364722
0.0039162784475889915
0.0031669138366688006
0.003997687602378075
0.004194031698613355
0.003452107085644433
0.0035913354335919963
0.0017037739174235234
0.0011709138251239472
4.151261173666189e-05
0.0010283598060483496
0.0016524452065454329
0.0019891035169727865
0.009794921294702889
0.0017679429376339312
0.00795701517820712
0.002430390368792288
0.006796735796716044
0.006421572197491723
0.004961582301300575
0.0007172573901910496
0.003608440712011112
0.0024940238052290646
0.00038481313596061415
0.002752095097778587
0.0037575713316626677
0.0025911528114566235
0.002103751992019679
0.0026131106675899903
0.002456467766043511
0.0036716038358547854
0.004114362440297595
0.0034447523033333313
0.005329510818351301
0.0027178822676030483
0.0011464814229815699
0.002055716104375954
0.0033927032418622736
