0.000560556544473834
0.00024097997124137053
0.0010323650477070641
0.001709037908658519
0.0014662483494333545
0.0027916033379287225
0.002060563351367521
0.0019159951960934277
0.0023885157480200503
0.0030393639870336204
0.003867579780346867
0.0031732974333340564
0.005135889006629142
0.004158339879221118
0.003393803576503776
0.003451831904513324
0.003857376775523209
0.004061684090230594
0.005907230133555239
0.0037435757537107577
0.0026418685168185124
0.0009072933022083926
0.001129508113788615
0.0008907466189979252
0.0013613669788181603
0.006923195897611844
0.002195234497419223
0.008479982259812117
0.0021124378422461712
0.007241563350080841
0.005289891795975038
0.0059673321616442515
0.001959712678136693
0.0021048810587919456
0.0037772312606345238
0.0005468732867443703
0.001377682303205956
0.003120756934974987
0.0030241154265130926
0.0025421808272818535
0.00217440990965121
0.0025139808394173914
0.0026367605073058503
0.004115841001542615
0.004134441350913521
0.003545592304924569
0.004635100121849841
0.0029353850746018533
0.0007974704896048974
0.0021949770752322027
0.003698256005742687
0.0047610135577471156
