0.0006479095344079245
0.00016260943873560717
0.0011095423309652236
0.001417587792415242
0.001343224633836555
0.0028583850738615395
0.0013567624664025516
0.002238700829588044
0.0017008086820094334
0.0029927609971999993
0.0041802076503205925
0.0034744815772088404
0.004162804268445884
0.00440476401888783
0.0034486117681387413
0.0030833607863245275
0.003741872278097816
0.0040240477777813595
0.0030652571540519275
0.0029772122738422457
0.0013142755386077916
0.0014672954520794429
0.00013492633074029323
0.0014078372797274104
0.001981185644260196
0.0015808429608903372
0.006527592277072241
0.0022412569604688057
0.008543370258645626
0.0020854464590431433
0.007616625557777243
0.003975047521519082
0.005927165587863221
0.0030811573247100737
0.00106607126716866
0.0031357360600933163
0.0012042777638223581
0.0007803632441240802
0.0025730563896490893
0.0036496417990297013
0.002676214475214766
0.002204543011532227
0.0025154137301579326
0.0023883663713942117
0.003577704166086793
0.004911489887008493
0.00405227924868733
0.004630320603218719
0.0038084165555590625
0.0027794266928853565
0.0012868419443430165
0.002521709735009288
0.0033064633846295504
0.005284137395615339
