0.0006614989785943147
0.00015408526445518473
0.0011131775550738685
0.0013782952921090417
0.0013878822762037359
0.0028526026156969145
0.0013299858245305815
0.002243503740634608
0.0016661255560522312
0.002923900984505142
0.004153507639510061
0.0035070488249031506
0.003927979216106204
0.004443193883804088
0.0035802493601387025
0.0031287308474914504
0.0037451600500506732
0.003942382130921992
0.0029532071236227134
0.003307838894997254
0.0014828634070439633
0.0018262195990143872
0.00034403807775137003
0.001232141282793125
0.001360613655205504
0.0015938573273282053
0.006915837834836407
0.0022908880093190686
0.008613164713299048
0.0020967387455860294
0.007776221140555658
0.0032941948589328193
0.005838157443574747
0.004434076754578518
0.0007276784647263965
0.00317232927162918
0.0027010501738151506
0.0004044821667217365
0.002301493612567672
0.0038679301694966284
0.0027440574954516197
0.0022840322449810876
0.0021984024081462853
0.0023077081012697
0.003071803049632798
0.004647582333492188
0.004343334763660145
0.0039248349890436554
0.0041676210254411135
0.0037657562027532026
0.0009805315995668601
0.0022490869114302546
0.003428608364802564
0.004241647091407714
