0.0006348799011721121
0.00017159065372870008
0.0011047510344339058
0.0014565852260073654
0.0012999634516381942
0.002863067049155234
0.0013881219226082936
0.0022213155052146676
0.001749065037786921
0.003005314455331853
0.00417930580171223
0.0034250589210185808
0.004318572661792892
0.004534017314781377
0.0035608381145222504
0.003107388769130753
0.003663568364967403
0.004098348956257523
0.003443296891473003
0.0018548672733823997
0.002587225837714226
0.0007467475266076456
0.0010859875344806044
0.00042373377993164756
0.0013718182188594173
0.004488990530843141
0.0027843548496621746
0.009275480321681897
0.0018886065101574225
0.007718775931933505
0.0023188939748646233
0.0066541650911031225
0.006889363916789048
0.0014082170340238768
0.0024190712486095558
0.003717094909960735
0.0005055832323088911
0.0015636908612974478
0.0027039397701350363
0.0032917724107700613
0.0026683841127433054
0.002167025258204208
0.0027364712806025914
0.002490003123529535
0.003927088858364982
0.004746091459452517
0.003846579219123635
0.005301329718602028
0.003416184262503218
0.0016094793529748239
0.0017283670551718117
0.0029235676787284885
0.0032122187860708492
0.006483963609840675
