0.0005378258621458213
0.0002589582589872361
0.001009091458377112
0.0018416642618510452
0.0016235502870501732
0.0027660016738624105
0.0023639470101982645
0.0020179233317120385
0.0025388515955595443
0.0032435569979605444
0.0037283174645624854
0.003105821260541629
0.004816142671100763
0.003979154629131751
0.0032273586116571855
0.003940713332455235
0.004100470952662614
0.003411660290065008
0.004188008542610691
0.0020144999282063775
0.0014205317365106394
0.00018925007980984227
0.0010990874790299848
0.0016062908614524266
0.0018834080096261523
0.00967004160521798
0.001813595689107355
0.008015088683344437
0.0022861154934252313
0.006844215969832752
0.006174325837485109
0.006166220623497615
0.0007123142648528732
0.0038685951728653052
0.0041314332884318785
0.0004893362988577459
0.0023449466932436605
0.0039525642040593185
0.0027142737055474457
0.0021399505014350457
0.002653423332180015
0.0024162595831486804
0.003434715579953589
0.004360479895368193
0.0035431234737606024
0.005568404517641602
0.0029185447737122127
0.0014577544595371274
0.0018834834193098477
0.0030499914716868547
