0.0005799576001439008
0.00043956778460459535
0.0008632371330184208
0.0023992676327525614
0.0028003068291923405
0.003078560603061473
0.003771807091537841
0.003663377278407897
0.004210266561683637
0.0049711485421912935
0.003217965547168678
0.005124451720156768
0.004379924234866506
0.0031379587346694123
0.004067631662069638
0.005167496000239407
0.006324062430709533
0.0038301449555907937
0.003579307821793731
0.000947282876721738
0.0010672001083393721
0.0007845813970059266
0.0010078876504503761
0.005065980421154345
0.0024482093474672883
0.00798957876173966
0.0029813083992399764
0.0063650003419437155
0.00730100682562027
0.0016962326532915682
0.0030867072249892427
0.004220211580184295
0.00044089736761453825
0.0019271555019574464
0.00420518015552048
0.0026000592237589884
0.002044483624779548
0.0024734554947780305
0.002360469959318323
0.0031674132534250383
0.003072613315240781
0.003656859764083478
0.004404528677910471
0.0014171390254090026
0.0013498999226967774
0.0026565382349485155
