0.000633511536521584
0.0004909684687440436
0.0009657049912752604
0.0025696113595771964
0.002925314509370336
0.003281544090038258
0.0038433860358776835
0.004079376899316603
0.004328596767956937
0.004742987070777763
0.0032105125407109144
0.005859370290430615
0.004212257225139554
0.0032953985370229146
0.00391817579161989
0.005021701585233483
0.008296368831541617
0.00639687247499463
0.003751217400515316
0.001237306972343295
0.0010035220445294625
0.0012145151132965568
0.001484811462375392
0.004850813066735251
0.0024486118189178865
0.007707113835664199
0.003967204397079674
0.0061288631852672495
0.006150711072547469
0.0008269938193704654
0.0038884398233481254
0.0016054223793991024
0.0005145936439771904
0.003032764551049335
0.0031112100000274664
0.002449022467821711
0.002415860119747584
0.0021863594919525773
0.0027866572651881246
0.0035695565878153483
0.003074025537585882
0.004699229669010392
0.003100211482619705
0.000805660961369784
0.0021449478127560503
0.0037804453572876048
