0.0005152937585791651
0.00033872824014609653
0.0007310758909519382
0.00196025240615858
0.0023419913531430485
0.002800567591465069
0.00319804067629611
0.0029540796030206136
0.0034660039148414717
0.004624300570447296
0.003619799572421867
0.003933344049501988
0.004926442397676141
0.0037645450725154084
0.0034027104988832322
0.003907221170452069
0.004177708297454292
0.006911216880145465
0.0048162914096716615
0.0027831928165644496
0.0007970050360958003
0.0011053446868779797
0.001189187323922405
0.0014300500104633316
0.007856114732370759
0.002029718009495165
0.007868778222372122
0.002675640887717618
0.006513865825288385
0.007018286366618104
0.0023411952814601867
0.0022353540832293034
0.004216917350857543
0.0005824826659861359
0.001407075573865906
0.0034065418392968195
0.002846217972340093
0.0024121726220238623
0.002249723846361968
0.002191296024854527
0.0029520590698203526
0.004085406624452406
0.003293172978263899
0.005325534985203904
0.0034640037924672253
0.0007553419171297712
0.0021169661715923654
0.003088237481476448
