0.0005187007876891755
0.0003489264188492979
0.0007043067722169358
0.001965614520348595
0.0024282501629231366
0.0028068797904504637
0.003305464458745141
0.0030107510387313956
0.003597382011276773
0.0047464676241969405
0.0035729688557559584
0.004049212470993776
0.00483429245275528
0.0036804382165164275
0.003535872206366874
0.003975611752333375
0.004001187132720979
0.006589345963042247
0.0044371377571123536
0.0023575188583952614
0.0005564419429168999
0.0011955353493031543
0.0017212575527909162
0.0020376935632511212
0.009671483965207917
0.0018270671244771815
0.007834413139093962
0.0029498550126911896
0.006560773272383948
0.007429093076924357
0.0014797051730361453
0.0030570108126774607
0.004403634217591435
0.0004559577514703992
0.0018033843568809682
0.00388765688246929
0.0027295111726469727
0.0022308509275730014
0.0026629352608654295
0.0023764567982924993
0.003146463247477094
0.003972285970576908
0.0032421715192415853
0.005204494374441814
0.0031351537467638403
0.000693926094147088
0.0021758141858378
0.003393485320718736
