0.0005128235821304435
0.00032885014502040595
0.000762506603496212
0.001959865751491208
0.002256028134315881
0.0027949510877142186
0.003106027243436887
0.0028398939102393
0.003326351411507824
0.0044994293816160375
0.003665432152731503
0.0038336537813353985
0.005021076017429495
0.0038633803279185825
0.003279981679777295
0.0038639336939447324
0.0043807587859810105
0.007143582500354505
0.00512638138310768
0.0031809006659015275
0.0010530631315541104
0.001090511640806633
0.0008866809857630737
0.001102978857370867
0.005416073827192297
0.0023417687001983057
0.008067369062373167
0.002558963064295628
0.006610542783487232
0.006676281747938649
0.0039352032341097515
0.0010301816626848643
0.003627166800799306
0.0012501554633822438
0.0006841878351855227
0.0029353610544178114
0.0031245990946014266
0.0025754153621854246
0.002134749459371856
0.002297030687430291
0.002710524503016504
0.004018091589405154
0.003391098825756239
0.004556713282184333
0.004122394729453105
0.0009806457708367844
0.0018672595553740768
0.0028371115343541736
