0.0006048107190788806
0.0004647646528452657
0.0009133353147052127
0.0024802215861484574
0.002854093671304404
0.0031777307801858
0.0038170025609842585
0.0038821533400769893
0.004281613811319773
0.004893120985854847
0.003217365565229906
0.005272326141266787
0.004237619938837487
0.0032671201400588665
0.003910670706463969
0.0056539017869567
0.007891712538690473
0.005856319465245294
0.003968475301445308
0.0011852819202137258
0.0009639881814669888
0.000921322874637263
0.001155323928517451
0.004348253700178134
0.0024057008737650327
0.007839984384995502
0.0033977699204115466
0.006369546441498016
0.0069825004027194455
0.0012582201372315835
0.0036683393600622153
0.0027955492969708442
0.000339387787594775
0.0026996629237090787
0.0038912336622069967
0.002607641278556672
0.0020115953362714223
0.0022477312228851975
0.002564907996368093
0.004090541368469787
0.0030935469549177746
0.0052292788520143145
0.004110747707040515
0.0006314062341195572
0.0022370573935883713
0.0032408573903425384
