0.0005112864450027958
0.0003192065705565323
0.0007949361067873233
0.0019595205586080515
0.0021704566278953836
0.0027899724094825836
0.003025510022322577
0.0027246360894857555
0.003202856681691468
0.0043670863500408
0.003689355498502637
0.0037129957711876534
0.005111136289928691
0.003988901614549668
0.0031658342584175974
0.0038751107967072568
0.004731589990322157
0.007087191349942354
0.004978110503780727
0.003375067103861121
0.0012015906507661313
0.0011091845528815357
0.0007402805515598024
0.0009636883189174186
0.004688317423478666
0.0023989441230953426
0.008110826030414126
0.0023808132339407763
0.006637774419379605
0.006433994198933062
0.00547516875505964
0.0006855781088191658
0.0038240869803208917
0.0022258441154534205
0.0003879128571220627
0.002894788287381752
0.003575839255535479
0.0025728572445282848
0.0020948815860181067
0.002464493886118982
0.002498105298531712
0.0037967652546771593
0.003569353338569821
0.003825569297486069
0.004732906360352617
0.0013204309562555789
0.0017524352198005507
0.0026022495982118234
