0.000591899780026897
0.00045205226362936475
0.0008888795100917375
0.0024366370494331973
0.0028282013024201074
0.0031258483455092823
0.0037932121611131495
0.0037709953386488777
0.004247768146195728
0.004935394730959463
0.0032143248608782872
0.005297556523461997
0.004370695103346536
0.00317808599923315
0.003992350911141699
0.005424596431392165
0.007060790686403336
0.00490644814200504
0.0037634386092819374
0.00109801082501699
0.0010523001885615645
0.0008238035495588786
0.001046263887431457
0.004603057288285646
0.0024126988018482276
0.007913818109450025
0.0032463787683519266
0.006402529544163529
0.007178804716962613
0.001437943973084711
0.003453412239385146
0.0036810243656195956
0.00039609794668352447
0.002282125435012823
0.00405493315460037
0.0025919338575210566
0.0020175539933607726
0.0023403037438496054
0.00241712796322393
0.003539245713089642
0.0030623048905800594
0.004330532034256113
0.004271079193429832
0.0007135267242912716
0.0019362387849015668
0.0030414631798925686
