0.0006493097941894903
0.0005044246645341387
0.000993651589251935
0.0026155735789861216
0.0029512757148648723
0.0033400025669408267
0.0038467997744605006
0.00417157952515338
0.004325667597922337
0.0046237954719294825
0.0031923430264937285
0.006032093691616034
0.003990689016633395
0.0034361062975624924
0.003889449245225749
0.004735786999342669
0.007979529264846762
0.005939722242667681
0.003305720327476587
0.0009745758825232677
0.001075097954565875
0.0016373413862249375
0.001767332264763433
0.007916290028814586
0.0023326920631879383
0.00761100140997265
0.0044136304494426975
0.005971809420067195
0.005726881523495459
0.000720926725595843
0.004064806028839212
0.00123184939610648
0.0007483301582753668
0.0032550648759370835
0.0028585992322020287
0.0022782611632676483
0.0025285917094138737
0.0022890002880294694
0.0028762852406087895
0.003287792866600913
0.003160146687360696
0.004430658997672806
0.002312827296096567
0.000923068779062824
0.002403889934737346
0.004268772785229654
