0.0012097231938224204
0.0007098973623251795
0.0018067089247847518
0.0028347121627095547
0.0033852897133899097
0.0049546768169382305
0.005939968442264384
0.006325558001039544
0.006745335767092407
0.003804560535722294
0.005202346701162352
0.004481522884367279
0.003785449976204943
0.004341990127049922
0.005176114863772981
0.0021487081068860847
0.005398464338352822
0.0010006932530688842
0.0014412186685517166
0.0023340075085103635
0.0019632600005371373
0.00924100967303129
0.0022033887012247247
0.006846369843888146
0.006655795738208478
0.005459086924524912
0.0044872668843669306
0.0014402872142333081
0.003684847846387492
0.0010107653975948512
0.0021122810631555343
0.0039489071143875955
0.002494388423358818
0.0023699846844586012
0.0021819892704145294
0.0024989541775356826
0.003541080763636122
0.004402158887310926
0.00394659022466729
0.0009931980285885936
0.0015324388552561362
0.003331025687388211
