0.0010359303110051036
0.0006850119927405634
0.0015979796573252535
0.002874408170106318
0.0032529191970297132
0.004571673007498251
0.005253060164350412
0.0055091127002487176
0.006011938116974716
0.004025021480189158
0.004900601654076374
0.004854241674805808
0.0034566837306942086
0.003971434186608112
0.005631513604672496
0.008232875076028798
0.005949300050168792
0.0029712159963199763
0.0005235083976474523
0.001126203860897423
0.0039053528923420283
0.0024713516897539294
0.008933898348689778
0.0023062398629839476
0.006269360309430106
0.006167057001220351
0.0049952932076819095
0.0026401077740787924
0.002321615920919026
0.0023559005086670566
0.0012765753512621407
0.0028940684975264945
0.002762390111657868
0.0021680471288884513
0.0021853472352373177
0.0022303320961221686
0.0031642363432505
0.0031916105417873824
0.004922322151168582
0.0038688922281585195
0.0005479157169193693
0.002205493800311825
