0.0011729051907412007
0.0007050109580896743
0.0017659755895094152
0.002838996225080901
0.0033567650584104044
0.004876780273791527
0.00580439946983352
0.00615288753802782
0.006638177239682699
0.0038575390796049
0.005124171097379816
0.004523889367315225
0.0037206739969806355
0.004194867740572468
0.004867902590174154
0.005074188523304397
0.0029068001458090144
0.0009529962372982875
3.6820314000710405e-05
0.000433692468565245
0.001916077969698361
0.002205284573996344
0.008240794548742124
0.0026265426290094504
0.005474863943865398
0.0059027874722835
0.004328065683368755
0.001361682737590836
0.0036525747755593698
0.0010790160355187168
0.0018537951573310727
0.004098766145788816
0.0023577939754524427
0.0022930536378637585
0.0021798553251605427
0.0024431117288668393
0.0036272764333040745
0.0036025229450829662
0.003978573007742492
0.002001553932937362
0.001137853893851246
0.0030068995795226572
