0.0008877236569892552
0.0006581707555538995
0.001373363781344933
0.0029247790950360777
0.0031525348682796194
0.004225595635191536
0.004618484438790792
0.004971721529619645
0.005121191628095963
0.003917762725504147
0.004267390599746183
0.005128866682364796
0.0034584653155141296
0.004405781034206498
0.005917849698370612
0.007904349083310556
0.005857664074123334
0.004293833679676778
0.0010499403792456627
0.0008227219390039564
0.001456847900974501
0.001685361016095518
0.006074426419997947
0.002495878327771324
0.0077274423537442355
0.005783961348281558
0.005614111982316025
0.004837941235266529
0.001140728108284576
0.0037883702154851324
0.0009545084719045549
0.001790876214917425
0.004206478137219714
0.0023771749813298543
0.0019684586124176454
0.0020912006014579976
0.002479439129191534
0.00384257234577905
0.0030311157295426078
0.0045216134536456695
0.0035297891000974934
0.000736942941715726
0.0021510725800608504
0.00417888531123903
