0.0009153322655439237
0.0006649551901961235
0.001415005488110987
0.00291389799783948
0.0031709047579116167
0.004291294892568497
0.004736556571674445
0.005042772152876888
0.005217391744893637
0.0038994780828737374
0.0044865756956441955
0.005159864553117553
0.003438668754546661
0.0042332304954673505
0.006167170401404068
0.008435446084748666
0.006498834270544656
0.004345378874447516
0.0012950446702588647
0.0007625568181147773
0.0015546825173819437
0.00177439344662768
0.0058114303062057554
0.0025444541370436193
0.007517683167036191
0.006422268132633222
0.005443113985278835
0.004584714379137999
0.0012889374725658024
0.0036992041656830296
0.000910856959379518
0.002078221884475188
0.004018007687230771
0.0024086644344290475
0.0020959192641797604
0.0020842900520631276
0.002470910360741585
0.003647714934485978
0.0030532539821282088
0.004296466480315925
0.0031375385661113705
0.0008638859597936008
0.0024458005365556364
0.004679156624964698
