0.0010686409287800572
0.000690075612462909
0.001646892650876849
0.002865322016145736
0.003275888319799098
0.004646695058377124
0.005407552237673096
0.005678370926062993
0.0062087220980635485
0.0040023510629214765
0.0049442391960120196
0.004753362156798671
0.003499234294949539
0.00396193944487689
0.005332658220863024
0.007668783149487338
0.005317931259013859
0.002378309514128817
0.00035571540432209516
0.0013341228583107398
0.00523837164147163
0.0024144308484972694
0.008831884355569454
0.0023664714616935
0.006028266870403862
0.0060627843718966444
0.004865084970184732
0.002037986646927406
0.002532441090060819
0.001859428723361157
0.0014001768397999552
0.003394488439655395
0.0026266757889791396
0.002053896475171893
0.002119617268024277
0.0023717286643353836
0.0037576465284707046
0.0030439974273737103
0.004479346242872596
0.0036540327432688724
0.000616817454138517
0.0021280995742780145
