0.0008108666105411202
0.0006195314230761755
0.0012587908000310747
0.002941161478668365
0.003100432622508321
0.003988203899986799
0.0042536728287982
0.004738994769055389
0.004896260696370114
0.004088337591890971
0.0037415766687158903
0.005120556505164498
0.0035846755134251087
0.004546143394698359
0.005088689834909692
0.005930330084972144
0.0031267790671435113
0.004145369315029428
0.00040195345538532735
0.0009890835233678293
0.0012508849980816684
0.001571580356998471
0.00898349189605459
0.0022088508247657553
0.007362540010550656
0.004598493480857467
0.005933578318594633
0.005717376574044667
0.0010097788189803191
0.003510729325663663
0.0012550691855370603
0.001112419682605429
0.003183316139128033
0.0027872168782424934
0.0021874347649739156
0.002336780456233953
0.0022322233018742905
0.0028334276848869158
0.0032049722387306116
0.004447040585263588
0.004059848748731923
0.0007349111892596474
0.00198315247250116
0.0032063096466932823
