0.0007645836804119144
0.0005902663074477331
0.0011858146821317238
0.0029087205555159514
0.0030724311803279106
0.0038060091072886367
0.004059937874016968
0.004555633313858073
0.004727877754539122
0.0042158513987181675
0.0034650530058962254
0.005232704397227935
0.0037362895754984677
0.004168554764690051
0.004667943113192635
0.004982979992879384
0.0020339679061130845
0.005009801373189722
0.0007308632097577167
0.0009525430229494337
0.0008733222661165931
0.001222284370188574
0.007059710757329137
0.0022312685793539205
0.007683520696573376
0.0034829103765967664
0.0060781601994669456
0.006362176740446517
0.0017338049023067543
0.0031158852175483523
0.0017067114678836696
0.0008663293326694765
0.002807911771076176
0.0033865254101525517
0.00250945734554952
0.0024443155527730438
0.0022040855853564857
0.002701120579571061
0.003405011540354097
0.0031138123487986897
0.004357136990996216
0.002560675422347408
0.0009157387758963571
0.0024678452384726416
