0.001102359095437747
0.0006950917224082605
0.0016892344576723709
0.00285505583554164
0.0033013355186713323
0.004722313056122739
0.005542563079123273
0.005838045065535626
0.006386807030993732
0.003969829425905561
0.005001854454551376
0.004669749025139085
0.0035571391118284492
0.004006237884162562
0.005059994225265561
0.007051373343185893
0.004583211545687381
0.0017687446575071824
0.00020938252537819606
0.0006451374772818107
0.002370454135975003
0.002257247150056647
0.008282842299711898
0.0026654606928179156
0.005935641654714672
0.006031663563795583
0.004763303254136614
0.0014287653249921576
0.002829546333602067
0.0014821863795683576
0.001539726559044601
0.004036886486567093
0.0024889404788398903
0.001975163171350369
0.0020153172121365084
0.002388617275970141
0.003798752502745539
0.002955604980890539
0.0041496642824931105
0.00329706060753567
0.0007405749777318524
0.0023496527590363353
