0.000973590543409935
0.0006748123815444121
0.0015038743661269208
0.0028936423350541226
0.003209899678447532
0.004427531942964888
0.004967239078732997
0.005221715169340244
0.005569240334140559
0.0039564197634280145
0.004796575238073378
0.005100523792027308
0.0034363303040869436
0.004070526882607128
0.006205896871828284
0.008597124701875188
0.006436984098822809
0.003741435067718079
0.0008858849419430913
0.0009057733767005149
0.002453334781276742
0.002203059961873299
0.008953173859527704
0.002413324496579319
0.006950917325583547
0.006521228186402546
0.0052349762571874455
0.0035278848374250345
0.0018458578916630242
0.0031043421030204125
0.00104385064891748
0.002639641980606405
0.003480158977747168
0.0024444860380631464
0.002311386142035127
0.0021591441105387344
0.0026143428543064975
0.003394698350580884
0.004128501930907042
0.004012641044924651
0.0011224398281768088
0.0014024107904204808
0.003113075776189281
0.0055448906536041676
