0.00070254054782222
0.0005462793606122161
0.001084450525419244
0.0027582702401745523
0.003030314506710277
0.0035294765852361696
0.003881107554131927
0.0043740064014955735
0.004438714935506688
0.0043530380954366005
0.0032145489908982513
0.005539369443591794
0.003901264059520043
0.0037138009456520803
0.004182866039730827
0.00408422994259559
0.005463927933097672
0.003151020037842243
0.0010498440362117203
0.00017800876046683418
0.0004150290385455756
0.0011356292361275314
0.002088796710978993
0.0053625804705973975
0.00256111142363069
0.00750492468249781
0.005983858564612466
0.0055680878690777345
0.0043892261411062035
0.001300421761320936
0.00349836754219533
0.0008186925506560783
0.0018914836682585997
0.004189964382904354
0.002436297960906243
0.001997177839636147
0.002305409247430968
0.002472280561583564
0.003814669790654513
0.0028847369242166335
0.0050922168692521435
0.004055588952355281
0.0006067289168165091
0.002228112634458791
0.003382390750202033
0.005877647324302518
