0.001004245045301891
0.0006799560674129716
0.0015503389701804382
0.0028838249318112992
0.0032309732230558566
0.0044986053089866845
0.005106289571661883
0.005359392829003706
0.0058096572969849125
0.004013530077350105
0.004862046533617374
0.004975871425277617
0.0034311065662348044
0.004001731072659997
0.0059225735073409475
0.008439593868649472
0.006205631727676811
0.0033648284270608882
0.0006626097179664681
0.0010165637848523282
0.003145242961610684
0.0026102700188556866
0.008929988977991
0.0022518233678541976
0.0065362812045871525
0.006285461638376105
0.005109381698994848
0.0030840742400786592
0.002065446097299488
0.0027625346593222575
0.001225038485596434
0.0027306859678038345
0.003067453077978414
0.0022868100473093355
0.0022428936556857953
0.002163604777123548
0.0028008451960459336
0.0033201337912086783
0.004952837237513261
0.00400777796218786
0.0005232598463908782
0.0020621462188261212
0.0034960180299403515
0.005524707155636136
