0.0025145774950560834
0.0003320477135350214
0.002484652865697424
0.002660529379636424
0.004369992921879094
0.006325666991126965
0.008090797217937826
0.00850946453322714
0.006626482557309725
0.004159489499913398
0.004854148348737779
0.0035183126968703175
0.004594061669462768
0.006128919217408056
0.0030092704043358978
0.005468746542678165
0.0016639071616244598
0.0015685396529421733
0.004401631007368664
0.002294588114687725
0.008600430950481446
0.0024965635725000507
0.005205146303902875
0.005394552918399284
0.004213388301931749
0.0020348251382039098
0.002717348759652538
0.0018332829188392667
0.0018522400278843999
0.0035543950668045854
0.0022172752087591574
0.0019396512392774816
0.002139135044834798
0.003399705014015637
0.004401625054439183
0.0034664082482672295
0.002998944516279521
0.0005985879182156064
0.0029694423950626073
0.005149658860641391
