0.001694647584369444
0.0004775587777669308
0.0021495136574051408
0.0027437062766018953
0.003713244029363345
0.005761149179248021
0.007005382704419631
0.007632098432965179
0.00720822824347853
0.0034908164677730953
0.006371805441160422
0.0034627384832696144
0.004582022276669395
0.006875497055988447
0.009092570479893414
0.007014741874864975
0.004304102767318525
0.001254233009556403
0.0008617089974425047
0.0035004892488007316
0.0023565374929383235
0.008583920371860712
0.00243131134581979
0.0051891307269196696
0.005611361797036976
0.004403152057284269
0.0015021482785810406
0.003452907171011905
0.001262580170950683
0.0019309110151737828
0.003827400760990036
0.002386634967423313
0.0021831130073246617
0.0021212110809018243
0.0026981026831964807
0.0038459296122734738
0.004963317492999785
0.0037843617999043493
0.0004900159700268921
0.002291546732599648
