0.0017676138218780876
0.0004526024705420691
0.002178843231759136
0.002735422561764258
0.0037563580585929035
0.005859576270683741
0.007100070966358504
0.007753932929684014
0.007177289606584547
0.003503989828247874
0.006226594064528803
0.0034657404757618138
0.004365633003476518
0.007079004881769978
0.009066845818355295
0.006624917941335396
0.0036941805544775455
0.0008966632532004395
0.0009967258329553511
0.004457866229682561
0.0023965052540006514
0.008360129384657149
0.002453537617209089
0.0050957170689469485
0.005606528316218053
0.004222194521857694
0.001747733833376453
0.003573838208684739
0.0011533154515707559
0.0021561466192740126
0.003469271006211358
0.002379306794254154
0.0020117927900041013
0.002085971470282471
0.003043053923660584
0.003820890996303334
0.004517588123539877
0.0036220715372603345
0.0005231490741819676
0.0024246876114921655
