0.0024234852832054625
0.00033613296036680285
0.002447124828023583
0.002668430416789125
0.004285609906852279
0.006245489590726747
0.00792172719746086
0.008441052087723383
0.00671482834553594
0.004065197793970025
0.005024944028770777
0.0034668105764285484
0.004417563420251315
0.005654990069738485
0.0025112092896674276
0.006148033417349184
0.0018976923398825885
0.00178737626012103
0.004540397406311789
0.002083573541068376
0.008674248392949321
0.002512679104075554
0.005449900445050306
0.005469446813697373
0.004289117114741691
0.0023419559704918346
0.0023610015681582632
0.0021673075993804453
0.0016540184978375409
0.003953444694531988
0.002265980958244523
0.002105855992744773
0.0021419895284008764
0.0029418424774618653
0.004317871082701485
0.004363617376915282
0.0035144134179609173
0.000520878185912479
0.0028088045750000812
0.005046941308321272
