0.0019195259174983896
0.00040961206482633176
0.002239456429819074
0.002719552047911193
0.003846582003173538
0.005968583340992458
0.0072698358368853255
0.007982108329135377
0.007101300051459547
0.0035602504501901543
0.005940109334388238
0.003494037793986831
0.004133099078916388
0.006633390308560284
0.00847422584895272
0.005777005457512165
0.002635339366978502
0.0003757284497214739
0.001330192341156809
0.007001513344856574
0.0024016222865332498
0.00837114589668865
0.002691202053721104
0.005036766101851815
0.0057153455897979355
0.003118498291537374
0.002573902175599007
0.0028225175469978117
0.0011847182012599605
0.0026296114024810476
0.002980512968998816
0.0021021001920548746
0.0018491259670438086
0.0021544067501716125
0.00383989342243906
0.0039218230846947266
0.0031107691508512345
0.0027643977541544303
0.0007273461105781576
0.002801158490708662
