0.0020794594710606424
0.00037583351247448164
0.002304910949424531
0.002702228631542902
0.003961930095432732
0.006034753345717269
0.007412701839910692
0.008169749949385569
0.006989391142270733
0.0036622048556556822
0.005680659397469819
0.0034630094734656087
0.004100307548130449
0.0059991147670679585
0.007513401738809232
0.004672534263575909
0.001614237202642582
0.00019392255384799944
0.000561196819996656
0.002007612653640006
0.002157987712795565
0.008234522791123172
0.0032894331259425607
0.00516465871459415
0.005937180828861151
0.0024430976034206615
0.0030534031650365882
0.002191535059480824
0.0010683635544320607
0.0032396996311362114
0.002265388889074344
0.0020833884932393272
0.0019168371218647993
0.0022330020341863625
0.0036449899689004455
0.0035638500882146772
0.003203801726537298
0.0021938270266550334
0.0012561800175129485
0.0034852974613687
