0.002247437883382886
0.0003513234854114755
0.002374399800580782
0.002684851154745568
0.004121056741600404
0.006092194454617338
0.0076003534944616615
0.008295925926539431
0.006848450411367955
0.0038465225064699396
0.005386950557833694
0.0034203558456890612
0.004178906190883755
0.005411944134555722
0.005974372232227066
0.003372918501928958
0.0010458099679214374
4.4679358076546235e-05
0.0003952481997725257
0.0017202937135914892
0.003970146084230861
0.004254435705285252
0.007100836171525765
0.0057130605012116675
0.004878445343834937
0.002611866782082532
0.002448682067909543
0.002408062992636682
0.0011996160935979286
0.004273692305625531
0.002300478923968504
0.00231609526649898
0.002226621435154898
0.002340039933290813
0.004104164114427911
0.005075795105805686
0.0038913622597461536
0.0005099267367306488
0.002318166841420061
0.004367647769415747
