0.0018425694957892613
0.00042995667350532096
0.0022088329696716923
0.002727368883017882
0.0038008062222555095
0.005933523329453733
0.007192443549611158
0.007873010630277419
0.007144412814196019
0.00352786135866334
0.006085238721656809
0.0034659070259553636
0.004217902680880103
0.006992002079169503
0.008866967796171327
0.006208200710105907
0.0031266931654540383
0.0005974566297003334
0.0011591882642619923
0.005699919798369694
0.0024058208973269284
0.008387549778468164
0.002571069498790825
0.005057307757587272
0.005646229965301371
0.003519063881322562
0.0022942854577876898
0.0031189800177524574
0.0012461781505489862
0.0023888058141594117
0.003177233112700022
0.00225874706565149
0.0019222275697162508
0.00216954298994546
0.0035205334729225663
0.003920879734577057
0.003986977315803022
0.003310156541283665
0.0005960399195708999
0.002695005080444059
