0.0013673872732899435
0.0006349760431998715
0.001980623233768489
0.0027937481861269736
0.0035169641904531446
0.005293243506381719
0.0065311915898178755
0.007005177119002489
0.007081895050041133
0.0036265714577703107
0.0062247564958773545
0.0042831432310627875
0.004065443117775944
0.005349796484596214
0.0069817359901106915
0.004512480438882065
0.003961797447891123
0.0005742263217937992
0.0010493084414569444
0.002351865992006116
0.002179289711641518
0.009102283274107031
0.002410708820183643
0.006474629704389496
0.006055075371298073
0.0049086200594662364
0.0032647986179450573
0.0020994834604007298
0.0028901059321520305
0.0011234459317217428
0.0028766207971621985
0.0025897968794599785
0.0020073587021513825
0.0019512778302710962
0.0022766554892639738
0.003891941601941439
0.003377021475152254
0.003943795651809824
0.003250533325020698
0.0006766996031677792
0.0025161277358947904
0.005168412180650728
