0.0016236406252110329
0.0005047936431561099
0.002120850336858523
0.0027522297761784532
0.003671379882202689
0.005664662219595917
0.006915736886038642
0.0075101541141008995
0.007235826583771762
0.003508902710528428
0.006539736080240932
0.003476356368848161
0.004760195782240207
0.006506179868584041
0.009140571319840142
0.007263805703022054
0.004738406191698135
0.0015375651091282547
0.000799912915614859
0.0029690272632842164
0.002261443842522146
0.00869189327373906
0.0025396181417640393
0.0054607030714891
0.005672261113148921
0.004436800874458023
0.0015559337115131494
0.0029531711911617853
0.001506789915550555
0.001765522695073197
0.004064335143373315
0.002358362588137993
0.002349849915309206
0.0022076720112194134
0.0024204508590975364
0.0038876709932926827
0.005217684716868846
0.004028983082160093
0.0005641632706365082
0.002133881567445791
