0.0015546374882986881
0.0005342900626509988
0.0020927973365609132
0.0027610107927822473
0.0036308972650735487
0.005570003306552233
0.006832804640766334
0.007389450968033475
0.0072080431433925
0.0035392556035146994
0.006708539261192724
0.003513147699202055
0.004893281180396828
0.006168361742612234
0.009143294432609087
0.007305104292315104
0.005011846372207065
0.0016892803027036601
0.0008016370897048553
0.0026640268426944215
0.0022492014758744958
0.008706051633232476
0.0025538209795033856
0.005702942796966959
0.00574230524901466
0.004497684777976891
0.0018702671823371006
0.0025578171911372167
0.001780947515411713
0.001567148397822138
0.0042592974251274875
0.002410666710064457
0.002323159630311701
0.0022123991605822336
0.0023628217644550815
0.0037192731786757954
0.004206903241012006
0.003784874587765071
0.0012525543378645745
0.0014910607935646424
