0.0026059551479752498
0.00033013033353595215
0.0025241371559879093
0.002653467494989986
0.004454828934998746
0.006418588104330782
0.008277786029014864
0.008581486112069183
0.006495371293296762
0.004292163461876074
0.004755718843256933
0.003594372533907413
0.004791817878635981
0.006594634910407038
0.003644446670588398
0.004550071258464353
0.0010752915207978336
0.0013831358932954888
0.0041461952936771695
0.0023955331205702396
0.008535541538252771
0.002495538134086267
0.004987829302916188
0.005345144731822032
0.0041775424760412795
0.0019081759787471743
0.003161508003745627
0.0015323424356255236
0.0020320821070677975
0.0032789004055134552
0.002207096167480596
0.0018078941914539692
0.0020582273533683113
0.0038672364207849035
0.004697990391357321
0.0028060522437359137
0.0025356257832109185
0.0007386023999245401
0.0031497301349794563
0.005239413108796352
