0.0031089317055765335
0.0003282392687278671
0.0027751247038930813
0.0026457572430784596
0.004955015817977191
0.007050723267004859
0.009310838974769812
0.008881736974716664
0.005623606921177714
0.005245649807079954
0.00426663185230821
0.004289100534017728
0.006448287081324501
0.00980521489810076
0.008253690891490665
0.005116407947963416
0.002307765956049458
0.0010396897739717087
0.004840298458687422
0.0024806398395890022
0.007877648907450682
0.0034014331941213238
0.0050882289606439006
0.005863079601960651
0.002569311114123956
0.0030772301367968653
0.002521371637637453
0.0010647583979419692
0.003985217931552211
0.002003710634278502
0.0021021250025138384
0.002159752873416621
0.0027024659949788947
0.004917597089047295
0.00439614162033137
0.0035067361013850847
0.0005183640050636369
0.003148376466199464
