0.00328800107747148
0.00033261112361609394
0.002830897064283162
0.0026648757061303006
0.005113908261324405
0.007285831966959112
0.009694803931745506
0.008977065396322356
0.005346288313013827
0.005461207164332151
0.004124057195151764
0.004708656659209226
0.007164836256986262
0.00988591490031983
0.00787466588211706
0.00466944066377002
0.002355473772859472
0.0009539391560511099
0.005684467771682197
0.002543633512095532
0.007632574494271094
0.004697041415585121
0.00508430998210182
0.005407928129078749
0.0021478497865742795
0.0031604077968361887
0.0022499461545431435
0.0014147291769422783
0.003921104832401465
0.0021291901329988905
0.0019326087677744223
0.0021145109151247832
0.003524800941673828
0.005249587050016982
0.0028149906070416165
0.0024924000471178813
0.0007010226492832771
0.0034942751303634564
