0.0033797317662695872
0.00033575376784370035
0.002859400440398236
0.002675158234510087
0.005195242894531106
0.007407260664976244
0.009808654366855803
0.009066228350829287
0.005274805594707885
0.005560281069284145
0.00405322979485727
0.004887057846473698
0.00737997079221883
0.009815369669854414
0.007272333478320923
0.004009948794824416
0.0016802647213087355
0.001007935173206308
0.0067480366805124925
0.0025862049025410965
0.007554826856889611
0.005311740105922584
0.004952086127551632
0.005210215564356357
0.002062231478139806
0.0031536853542270555
0.0020972723699122803
0.001596326108324525
0.0036011597217804237
0.0020156789353594625
0.0018084150891756964
0.0020089365885487724
0.0039221290175863585
0.005546307819343592
0.002371449621811768
0.0021277997217736947
0.0008813772415265889
0.0037857964391412786
