0.003567503299067779
0.0003439717921141832
0.0029185201161179815
0.0027010524215195565
0.005301845963681613
0.0077875078548362425
0.010190173531593818
0.00927229885444681
0.005145631568043342
0.005681682938136113
0.003918472200316853
0.005012872450832137
0.007628897540447287
0.010363670601544835
0.007112709427456352
0.003261795003381275
0.0010899981323920843
0.001248718217197727
0.007861798698257616
0.002640361210494267
0.007363440302092732
0.006245895843394866
0.004943851039148028
0.004605493708213511
0.0020624882745520997
0.003428271436910469
0.0016201732285256653
0.00197616231642275
0.003093354767918717
0.0020282186122959414
0.0014740871695227372
0.001997499045579309
0.0037062565849083962
0.004360867451544226
0.0025819851078067962
0.0016597111164295614
0.0015767618884519692
0.004273773413411036
