0.003197754658617651
0.0003301060638506618
0.0028030344534517235
0.0026547291775799904
0.005034228992323302
0.007166899570857374
0.00951868569562823
0.008929713565204144
0.005479227705672746
0.0053830429713652775
0.004198578379265962
0.004478585529785403
0.006839950177071292
0.00990553714232722
0.008197222456462754
0.004941776957276901
0.002385663291139576
0.0010107687198138298
0.005331196552464342
0.0025226321201295434
0.007776366974764719
0.00395045759771125
0.0052919241645863055
0.00565980268178585
0.0022151611188126336
0.0032265492615868446
0.002282596357649814
0.0012526076600177653
0.004106010844386344
0.0020694680343953755
0.0020485669094246705
0.0021548046232639467
0.003071862416265402
0.005017711433077874
0.003516181379807546
0.0029872721803706924
0.0005771131235584822
0.003316004534283059
