0.0026862429403285565
0.00032827921150933344
0.0025732364727168774
0.0026509753586909674
0.004534619346903331
0.006516662321381143
0.008475507185314717
0.008654546521340107
0.006363344616168112
0.0044287506583076015
0.004660202834970831
0.00368230477670382
0.005012563486884799
0.007147098287123484
0.004514260736709904
0.0042049620969988695
0.0009310225186088681
0.0012360588402839674
0.003885288158573272
0.0024134283164702775
0.008403988238575757
0.0025061606808420103
0.004863747292283101
0.0053374381490882625
0.004167651821457323
0.0020126384455646834
0.003539197024164628
0.0012959203905987728
0.002302333473897391
0.00308320668904476
0.0021142535800912467
0.0016763263387635618
0.0020403108247803348
0.0037099045574987195
0.00438818214005276
0.002508273126601545
0.0022008199395906324
0.0009530327816108455
