0.003472880404681124
0.0003395484188758956
0.002888599081694
0.0026864198782867903
0.0052501454497702
0.007593230088755089
0.009997104413108568
0.0091708938626334
0.0052049428170101286
0.005622965993780139
0.003979689775601097
0.004945236424332849
0.0075051848952029645
0.010057264924435204
0.007181090332985789
0.003613168946913572
0.0013766318608889397
0.0011237336664028988
0.007739718053956
0.002641096059024178
0.007537039627363556
0.00562340928252803
0.004926706841904161
0.004888158976907652
0.0020254511957609467
0.0032599923339315905
0.0018968034663341213
0.0017518964282825778
0.0033097502517493113
0.0019994584797278286
0.0016307239945182936
0.0019714545114055404
0.003748411780504975
0.0051975341404501335
0.002173813255473203
0.001866483415990658
0.0011327346768819568
0.003922495244761178
