0.00293557685656462
0.0003263806231961619
0.0027082896070338078
0.0026461722165104845
0.00478230220034591
0.006827855057867619
0.008972717229068004
0.008801417645714588
0.005925619899662718
0.004901256808960701
0.004410874913552514
0.004008295023042052
0.005806833416493671
0.009199180535516995
0.007568687370804408
0.0053059379243397126
0.002250403739918265
0.0010986993308818914
0.004139969893158235
0.002437723383163313
0.008095077030189196
0.002815423841154829
0.004859441415609146
0.005556557127649652
0.003218036718444366
0.00279484644326036
0.0028756739514792825
0.0009311333713993401
0.0030773593938527586
0.002014462358508427
0.002103433309707813
0.0021678158648367842
0.0021818213168093583
0.003906403109263576
0.004942075162579148
0.003707470969086652
0.0006343248389657501
0.0025077930428256123
