0.004106100112845037
0.00037750132798440415
0.002906248710224711
0.002820757395946262
0.0056430806195739425
0.009056369494552035
0.01126010408212098
0.009751229548573003
0.004782576688460896
0.006696663841127066
0.0037678826562314595
0.004633224726045852
0.006829510291976443
0.004187256740161707
0.005362060665177627
0.0013603327103057653
0.002063792020423531
0.006789341380591158
0.0021377001758130254
0.008068054328020392
0.0030678356977213144
0.00461483436809286
0.005715135062723638
0.0034222106063032005
0.0030251364844784564
0.0032569098986957286
0.0008786975824310368
0.0037376461535279432
0.0016956926366094934
0.0018652753434222904
0.0020726168625739144
0.0034310407521910102
0.006196026907363218
0.0025926138794469923
0.0022408676535849727
0.000764855071714947
