0.005981037234222305
0.00038321662804522805
0.0030766353409753173
0.0035024638718750573
0.00725215315760868
0.012671258281258332
0.013340961219500439
0.007918584144420369
0.004315754129485117
0.0038116705206570206
0.0048472421434493825
0.008691669000263769
0.00929076073637279
0.004098973429317336
0.001327241112871306
0.0003019526395673569
0.0002430908580699828
0.0038472376957117502
0.002993700559598714
0.006526541709624457
0.0048587052212069526
0.004724798611694735
0.003930934794814772
0.0030530124747412506
0.0020320600067336696
0.001930231536204611
0.0024714059387085413
0.0019727101951935964
0.0019756350800014025
0.0025853668359409497
0.006767399787769621
0.002829338960693081
0.0023261002095097535
0.0007270136070752163
