0.006085226176331612
0.00038468309701791695
0.0031042339627504155
0.003556734165532701
0.007401960581449155
0.012771864113869146
0.013288338501905915
0.00778116617935141
0.004428434598749831
0.0037330056215234618
0.004976994951062027
0.00853949555294068
0.00918490470882963
0.0036899671402447825
0.001324498981067342
0.0003708756537811448
0.0002290656148752811
0.004678364358958505
0.002710300465904387
0.005507063008884121
0.004793345456215274
0.004624920395282872
0.003822373124458869
0.0031473312458002957
0.0017900254038187057
0.0022320015016265965
0.002094030620727565
0.0017904135568260645
0.001987887465070063
0.002949736958477808
0.008213431972880263
0.0025531076621213246
0.0019831382565215373
0.0008696471932228126
