0.006190610198167344
0.0003863362454366815
0.003132176793760485
0.003612741683183286
0.00755424543731173
0.012851010510935014
0.013222810163032015
0.0076421669437625964
0.004546212557678878
0.0036658923852442068
0.005128435726672975
0.008410289504833489
0.009143367784981898
0.0032363918413312242
0.001338234056435806
0.00044254377984956984
0.00021713371300047127
0.005565293445707354
0.002674911074490076
0.004977905340980741
0.004741022504672295
0.004468856261482375
0.003791899439026725
0.0032816814892335927
0.0015588395142770602
0.0025482788607717644
0.001775916004109137
0.0016485205361939617
0.0019121430368160422
0.0033791741776500166
0.008759515944581422
0.0022631650225887513
0.0016357865245158214
0.0010818263568010873
