0.005308952921721576
0.0003875675156159626
0.0029646752205745256
0.0032177612820921053
0.0065014823807565125
0.011385527402999293
0.012798315625645375
0.009102939586442647
0.004343418016164295
0.005100919662698586
0.004254462691279292
0.007685547916495023
0.009613623306052314
0.006979567647892129
0.003853159372755372
0.0022997420194596297
0.0013242526417101806
0.007678422429610062
0.002388104800891456
0.006137497374630379
0.005844403400696539
0.004683861038399252
0.004209556872619023
0.0031869600465790605
0.004084578293165362
0.0007671147832134519
0.0035695327264362777
0.0013849546099635498
0.0015490087862311498
0.0018848842472359818
0.00398186260666521
0.00778241531516949
0.0019895284592475943
0.0014220324896753486
0.0015394478789745158
0.003991373935952159
