0.004871194409907001
0.00039062745741810025
0.002895910961351212
0.003067747790105944
0.006262027187820423
0.010612845280366535
0.012355851062115496
0.00991334969357078
0.004511023709271797
0.0061291105157446025
0.0036703416545522493
0.006305139924431965
0.009813773754577372
0.008506109532312294
0.0055084294396322
0.003422670459535379
0.001438178057205551
0.007311326589884877
0.002361776566184103
0.006995449121646001
0.006923708894583418
0.00468463994390373
0.004477091675413881
0.0027899038295274015
0.0038244174999594255
0.0011797097724438402
0.002499966730159578
0.001986054101719373
0.0018198699399526006
0.0020150310892805704
0.0027191087235668844
0.006673151605384234
0.0031438763892950774
0.0026371653474080306
0.0006316430080666778
0.003615791644079553
