0.006296419954814609
0.00038762385253639556
0.003162042148403043
0.0036706705899045896
0.007709040431022721
0.01293306329432457
0.013162914887422746
0.007521631210620882
0.004619655540407751
0.003601765971994575
0.0053013456724923325
0.008261646768176312
0.009085484782359531
0.002884737151453346
0.001375222117282086
0.0005733140064323879
0.00022441397471443508
0.006679415520716617
0.002697920499308834
0.004530122659840006
0.004703154820869321
0.004291630952344552
0.003916017263048042
0.0033986225733669277
0.0013538796009802776
0.0028101627607360806
0.001498631273914276
0.0014918165028556302
0.0018233990441277033
0.003898547516865948
0.00936996834393397
0.0021516413682376207
0.0014298492407540293
0.001348033416426244
