0.006509390258041108
0.00038898565332103914
0.0032277849411986967
0.0037921260248455404
0.008040740116224765
0.013153081700563105
0.01308424598973924
0.007321294128914364
0.004753900876470954
0.003504595911342446
0.0056770698252667845
0.008086179279182065
0.00730772581800637
0.002961535394305414
0.0010296401230544601
0.00036834126576422877
0.0002872234039452003
0.0074065993242846155
0.002898225373031571
0.004222901132655273
0.0045872542899893665
0.004114697649897967
0.004314179034608257
0.0036308243219191415
0.0010477394784470105
0.002977891921083111
0.0011051420603739681
0.001354361790665077
0.0018652339485683985
0.004092984904509836
0.008545679136496752
0.0021962171870119553
0.0012077880812120377
0.0021758456379868283
