0.00508722003333874
0.00038849646026088615
0.0029301276894451375
0.003139700413491121
0.00637809794055972
0.010994658793441489
0.012606605983928572
0.009581210023242564
0.004406475778690458
0.005667463104761596
0.003978685639869147
0.00694808408240232
0.01011362846569036
0.008421744571553222
0.0050189344815483325
0.00334056264020658
0.0013126760525054605
0.007552517814281487
0.0023876732430596374
0.0067074208814132735
0.006361068294283143
0.0046657648262254875
0.004257725079190298
0.003124627138253359
0.004084546228946231
0.0008716956906810511
0.002932085105089255
0.0013937446318950419
0.0015787605382351277
0.001928669603131239
0.0035961447276865186
0.007549733475971845
0.002279865541645439
0.0018269445621596598
0.0009701234024288117
0.0038522028392222645
