0.004765362683720294
0.0003921637016354101
0.0028788258002175387
0.0030340694188796496
0.00620664454745385
0.010425479064415818
0.012229749738764388
0.009981685450697846
0.004556223915826909
0.006321447316136897
0.0035588953953261714
0.005995796579983942
0.009281518640130038
0.007790216012542813
0.005562992547901586
0.0034012561779667816
0.001439161690967771
0.006843149550574781
0.0023318636550273557
0.007147821368713513
0.007164695226130081
0.004722514424171363
0.004646622618179929
0.0025939113407993887
0.0037186208442317003
0.001412438313191917
0.002246025054011741
0.002279065772796461
0.001974418691398453
0.0020277282073132077
0.0023988049776867406
0.005407510977557895
0.003713309025121129
0.0030786380550773575
0.0005580435246098618
0.003321180094769004
