0.004460467213594658
0.00039800130167913863
0.0028467016405834752
0.0029366902547498736
0.005995017599410672
0.00987552119394868
0.01185454021787458
0.009927110511266159
0.004636912002133582
0.006710697536750321
0.003416651107309681
0.0052425427990299275
0.007321477682363064
0.004867307022814844
0.004639791400710262
0.001969437612349405
0.001334127977287274
0.0050577628308696955
0.002289298082497495
0.007537655116956954
0.005329382428314397
0.0051427779894679185
0.005239032151197387
0.0025274854078762687
0.0034284210050566045
0.002246415262346086
0.0015567932671837882
0.003321550624462329
0.001762179600888096
0.001424865107651409
0.002076712787268632
0.003852197947400178
0.004694474036855853
0.0030153746641443727
0.001229179380337591
0.0024522620148892164
