0.004978487138566827
0.00038941777482006946
0.0029129880130453305
0.003102975001982781
0.0063191575587203
0.010802585225774954
0.012481731694602623
0.009750213320681907
0.004445836035063357
0.00592083921511839
0.003800638190992194
0.0066288296484829515
0.009933721840737875
0.008450246735017295
0.0053147581237552935
0.0034781410515131554
0.001391484740608616
0.007465789044473785
0.002375001653905798
0.006838496097901072
0.006627621198705931
0.004660721563946838
0.004347949765032351
0.002997214002743885
0.003937800712750094
0.0010059150249212695
0.0027341047949406205
0.0017006404706757807
0.0017076418729332975
0.0020307760403738824
0.0031363361313102413
0.007052627479229511
0.002665807098497381
0.0021995152806496394
0.0007715389403562813
0.0038492637506438057
