0.007293680561333141
0.0003993231202112148
0.0034463711168718843
0.004283120990153878
0.008910794227099382
0.013769784680419395
0.012784542073876639
0.006480505958688698
0.004852797043415227
0.0035095908701540017
0.007266158356193173
0.008282366100584101
0.006657408881056416
0.005747059323804897
0.005187988180290026
0.0017565396296465672
0.008007084331483678
0.001978278358260026
0.005365429661282974
0.0050259806061201265
0.004817593831164504
0.005699819724436124
0.003164625695510022
0.00292509819272189
0.0013851684921097696
0.002688382473361033
0.0016370991930891518
0.0019574900559118005
0.00308398967440686
0.009380178308060694
0.0023455291655954573
0.0015903303851802992
0.0012021720343323079
0.002930504272231397
