0.007410711165091532
0.0004014805629499619
0.003469916904846103
0.004363586875991216
0.009023490436700175
0.013849517492065413
0.012743765967504112
0.006280043612253445
0.0047451379896405075
0.0034985847545775934
0.0075665595999093605
0.00850141816244183
0.006770741760813241
0.005507400483934524
0.005077472090592816
0.001686810575598618
0.008037225265616474
0.0020682739975830125
0.0055658708456408305
0.0049126805616360614
0.004770431351964733
0.005575954667892439
0.003238922351348183
0.0025291480279367867
0.0016966490472734624
0.0022763691207548942
0.001672677668139212
0.0018921635618048289
0.0033846231652330154
0.01033839480013055
0.00209838267073133
0.0013650333016310607
0.00141661107905459
0.0032771449043939617
