0.007528968901475169
0.0004038496572550594
0.003493666825315824
0.004444901651622535
0.009161740949572002
0.013995324557719423
0.012697053805070439
0.006080618349651558
0.004658410227903435
0.0035058260380705884
0.007892586673727348
0.008291715631964677
0.006336918304600629
0.00463524804931063
0.0038873907087565583
0.001673289039813985
0.007963671697122952
0.0020183271879447135
0.005207468133563344
0.0047719715078677226
0.004742742744393821
0.0051697320466222866
0.003399626301754251
0.00217906588288
0.0020275599798326286
0.0019044376698612035
0.0015850801258285377
0.0017790419846833612
0.0038138597270243003
0.01116496346743898
0.0019879409058885618
0.0012031393553070388
0.0018545316212078553
0.0034468701062361417
