0.00801459589114761
0.0004151377877504914
0.0035914047531190895
0.004771903045388751
0.009907030139798899
0.014741539829769815
0.012550779609585878
0.00517786873660323
0.005403693248275195
0.004190343556711771
0.008249912123190196
0.009567120999299664
0.006923739870375005
0.003548750934408687
0.002754895717904131
0.0017277785416300276
0.008390577795801095
0.0020164780666587236
0.003993325193291797
0.004268316847280935
0.004669855133826032
0.004772448502883803
0.004108622059058745
0.0012806017658244652
0.0027354525444834962
0.0010006045576778405
0.0011975208026145216
0.0021327786516114806
0.004388441418288913
0.0051599125605830565
0.0026090604820267122
0.000924333191017742
