0.007063404002706309
0.00039548923660237247
0.0033985409061743806
0.004128690521273615
0.008690781942617454
0.013616129891883716
0.012868636152607749
0.006788812048613448
0.005059667285215769
0.0035886899821845493
0.006819944735443027
0.007367802258986704
0.005560270337509168
0.005562683751026745
0.004351193253951856
0.0017390613403147084
0.008025433137527564
0.0019873234554270112
0.005319098816541869
0.005397443466414023
0.004596285369996975
0.004829464809709749
0.003451381834597511
0.003771941541425178
0.0008976410828301671
0.0036078942464744237
0.0012916863391737885
0.0018038976770301115
0.002585744218647856
0.006612030866269701
0.0027008416350581196
0.002193971851352944
0.0008208509302229949
0.0023784027098236373
