0.00717791564725819
0.0003973154709835207
0.0034232053341515687
0.004204694055107994
0.008800251511389471
0.013692391272673129
0.012826364067615795
0.00664308139927473
0.0049659080568087155
0.003538199930025924
0.007018950577818661
0.0077823965909525235
0.0061572127957801055
0.005633028621829201
0.004676379968767913
0.001749322086758277
0.008004623917771582
0.0019660244471326658
0.005213571721832107
0.005172752050189756
0.004777898594283846
0.005103439347517924
0.0033809973199571304
0.003272351732579611
0.0011157997627696393
0.0031993715479321314
0.0016770629744023555
0.001969199374555345
0.0028006248004855605
0.007779701106785916
0.0025058830545716198
0.0018826003377757849
0.0010042496145943357
0.0026065552014645334
