0.006950106075707527
0.0003938143475088106
0.003363668472658357
0.0040575587629800985
0.008575868382068325
0.013533876640592222
0.012909706616947366
0.006928677195857911
0.005045634773593647
0.003568139875914074
0.006624122141870003
0.00730269257668722
0.00518414291015022
0.005589061626786176
0.004179016390743948
0.0017434145061030319
0.00798881587431001
0.001962312274109164
0.00565823257166822
0.005657713498826658
0.00450133596407056
0.0047585543493999915
0.0034443273349388914
0.004327389957124493
0.0007230922487535592
0.004181720403808579
0.00126257166476319
0.0016804130143292912
0.002440561193479992
0.005600548092598728
0.003039885913451272
0.002545087509383929
0.0006750171546803663
0.0022650577752641645
