0.009317319675625093
0.00045666904592442934
0.003767685197226086
0.005304912920232803
0.011976014989957888
0.016495447992000797
0.0124597370127981
0.004030429994523041
0.005153037674218139
0.005101459168278444
0.010999079557415954
0.006306697502211142
0.007386764081156161
0.005534544013728916
0.002684046164893536
0.00806672211551158
0.0013205279832737976
0.004351722591177542
0.004781431036980372
0.0047821504081424476
0.006279949006210939
0.004010738701882624
0.002249939060514749
0.001756785269974168
0.001518243748664183
0.0012698484456770028
0.0017194854415651596
0.004352499345077501
0.012505630298656343
0.0015899881500398905
0.001020958715370632
0.0017239497512622718
