0.010637468693743933
0.0004889472366378568
0.0039578922814704435
0.005845278167514794
0.013309820207600971
0.017347274571331176
0.010495410891972732
0.003242566211066676
0.003760790896337835
0.00804215837646556
0.007226408172855896
0.0062999817776425784
0.006718947574800654
0.008409639423491998
0.0025220942442141375
0.007133413654411297
0.0018164446415886045
0.003265456737692771
0.004015649938107881
0.005373278629090253
0.005522328662271708
0.004105176635622338
0.00069554926643161
0.0034841675048574985
0.001399232873848562
0.0018989294482634168
0.003674505777328111
0.013733107292455297
0.0016984628797326014
0.0010983590612772336
