0.010178459101364022
0.0004853000856376504
0.0038900885228245275
0.005662177839088452
0.013009916978004039
0.01724294813487499
0.011192427722799493
0.0032687100808329343
0.00418592150718934
0.006948756410731218
0.009278504594562498
0.006941743464104144
0.008008884459714049
0.010091219427451371
0.002674545569542956
0.007805269255216019
0.0015555047373410596
0.003816683798965849
0.0038652738647463147
0.005094127039122032
0.006051267374464604
0.003954153507395617
0.0010633502748508541
0.0026919185098853993
0.0008211143914315607
0.0016043278502550352
0.002867513593660543
0.008568739151934063
0.002275788123518888
0.0014920201958032037
0.0016249849431039889
0.0014055520613862405
