0.009046570604191555
0.0004467535116704927
0.0037362885311130207
0.005194857710226878
0.011533522797288046
0.016132411466462323
0.012823133187288204
0.004251458039102444
0.005246401147272989
0.004844268712203945
0.01098864293398813
0.0068335371461345435
0.007479447393054504
0.004645220175040337
0.0030351129292616606
0.0079827639719254
0.0013522081403291879
0.004607255026457446
0.005229347305542923
0.004450705937651737
0.005672048042181715
0.004149793706619247
0.00282773627789032
0.0013040650086885272
0.002222664849199308
0.0015288973923762352
0.0017556107922336317
0.004021145621267587
0.013127217733672997
0.0016366123598344502
0.0010520391746991948
0.001821056246059
