0.009181350278124698
0.00045159209389354296
0.0037517986541188556
0.005249298868777603
0.011753201584725812
0.01631131544176688
0.012643894078090636
0.004138957132216229
0.005193372546470723
0.004953790980968745
0.011083117738376976
0.006581570108941693
0.007371000976603386
0.005033190621124838
0.0028301286503402334
0.00803087216065166
0.0014017080813211835
0.004399198306032329
0.004999829085619479
0.004624662843387069
0.005766120138662829
0.004187203212914405
0.0025271120112008855
0.0015235270627941974
0.0018535291635382073
0.0014788106184537026
0.001693516315321043
0.004403355060014244
0.013674421525892554
0.0015080610708003753
0.0009857280679411258
0.001776652212618884
