0.011106803107967246
0.000497166238411812
0.004022549999456465
0.006038467679297641
0.01374656313422752
0.01726802398254577
0.009852138563347615
0.0031991331255180697
0.003536736723561842
0.009409330365490035
0.00614388300590715
0.008975318724891103
0.0010168028520191343
0.002081442182306932
0.006158768693673609
0.0010632961758734228
0.005299107241606529
0.00607943189616998
0.0043442794361272475
0.005828041245643416
0.004938276426303009
0.0030451940161837793
0.0009828859161672544
0.0020882113991136865
0.0014332068308722994
0.0016861656321627194
0.004485875512585772
0.015348869758250328
0.0010723455929533678
0.0008731859717131379
