0.01002237984460411
0.0004831706008225535
0.0038597326312771528
0.005600884353118559
0.012911641851050667
0.017207917896756384
0.011413869262342655
0.0033371947207830087
0.004328740464224518
0.006646549221859015
0.009973779445176228
0.007002445701407783
0.00815222142514778
0.009989709653027349
0.0026772306399191494
0.00782398803147967
0.0015075823794662708
0.004027707915591063
0.003989681255408171
0.005070293573237947
0.006058978180308599
0.003918442788180565
0.0012595607489199786
0.0026773575542719027
0.0007235277228830481
0.0013912345527251852
0.0027203547510350158
0.007407562269979805
0.002297073065317964
0.0017115026820306582
0.0014352565195423007
0.001397686982219488
