0.010332364986951581
0.00048663154104209194
0.003915801997234907
0.005723078491492917
0.013108657811853776
0.01727740592046335
0.010965591102487036
0.003228922044507042
0.003988203590539625
0.007312746941476526
0.008408400240900445
0.006483774990728823
0.0076738932316687
0.009777619301222024
0.0026131833836753548
0.007735550688061599
0.001638576132005032
0.003647246295710606
0.0037991576911429667
0.005136693144345404
0.0061748897148316455
0.0037557776387378197
0.0008943124865647869
0.00303769944792897
0.00105250084064292
0.0018239383245075332
0.003032898875477424
0.009849533076967646
0.0023866045770580516
0.0013368991114466415
0.0016639013380347306
0.0014928242608059305
