0.009874266862086851
0.00047894032493796143
0.0038354133858368627
0.005539992818374339
0.01281655935230716
0.017178344035778746
0.011627286761548566
0.0034428949335569463
0.004442019132274667
0.006344936758268315
0.009967097697772848
0.006232805976778231
0.008039606942547114
0.008549134088030697
0.002647603718218796
0.008009174839544124
0.0014881055920823645
0.004280772397894215
0.004172667310671948
0.004963015263200773
0.006140374066453201
0.003931955299758498
0.001385342613151244
0.0026045375096375913
0.0008540981305014381
0.001258200857833
0.002474355225540694
0.005996997782399056
0.0025984203296200137
0.001973502320521122
0.0012088857390300165
0.0014787356820422462
