0.01302078330412398
0.0005421490676787802
0.00442024837038948
0.007088327278714501
0.01614566948000886
0.017237603719446732
0.007584312952544275
0.00313441021603784
0.004557915610720292
0.016592782745934297
0.010019945435056691
0.017525046429761378
0.020625561213572896
0.012501005314758099
0.007862679341639332
0.0019953666096890125
0.0037043420995322694
0.003448908520148673
0.005716974889909354
0.0074514943282259875
0.003285562208692532
0.0006831513183162506
0.0028827678087302343
0.0014246984947587026
0.001736364381512033
0.004591091358015424
0.017385671338505458
0.000974839733038076
0.0009293737754800332
0.0010393025453588342
