0.014078064500207262
0.0005328637444582385
0.004744339153500633
0.008894760190545872
0.016321054591125022
0.01724511177745234
0.005636138888855074
0.004099079828098441
0.005933411547211876
0.01441278575757964
0.010783516669326833
0.01582334068350625
0.022627803497446777
0.009178127165580655
0.00700580226429982
0.003759541435714037
0.0035716111208304816
0.004866564627213497
0.007208256369537801
0.005431864876441867
0.0014379122329238104
0.001978693629354691
0.0007848559784757461
0.0012501919132753975
0.002997110981222039
0.010333410167980525
0.002621911559402123
0.0013504095655839242
