0.012677684823283969
0.0005535498160011378
0.004298573257355991
0.0067925696902379545
0.015521678359285066
0.017233497720526972
0.007987767757162222
0.0033682896428475304
0.003992850626506265
0.014821665304510533
0.0064810213705793224
0.01357334379331103
0.015014701932465102
0.009398663677789111
0.007748481219217126
0.0015637265756255957
0.0040213232636513736
0.003653546619766476
0.005365092385058974
0.007953082562385564
0.003655106117539158
0.0009606144205314138
0.002444090012633475
0.0009204212087951897
0.0017461474646597009
0.003661840011242665
0.01447727356008849
0.0023819204943097924
0.0011059145412555364
0.001265893018622705
