0.01392653337926647
0.0005305169565295162
0.004711837654683957
0.008621159437327792
0.016307538795384997
0.01725083178640512
0.005867143871945811
0.0037068654859305477
0.005771965191672443
0.01381448843976525
0.010019607074988945
0.014030260529994228
0.0202291344801686
0.008076010080552773
0.007213897734046008
0.0033279413146593906
0.003364972877323109
0.0047789389283834915
0.006903616019292137
0.0057315035295743486
0.0015978739603719947
0.0018004644150041665
0.0009308237292377396
0.0012022530098601038
0.0026766200752156195
0.008372113379347929
0.0024168624503971402
0.0013882009187138993
