0.012427526888293204
0.0005439736318643798
0.00423500440457898
0.006627578246214507
0.015161334818803112
0.017235429968274388
0.008501803258168216
0.0032551795460170015
0.0038345360706941566
0.013903297424533495
0.004689083862014717
0.012497906844474665
0.011783356662170515
0.008511766925860855
0.0071084137674715005
0.0016552463808072377
0.0045593433923706945
0.0040911935289561436
0.005092580659158996
0.008154869212400197
0.0039278655070538755
0.001103842548597446
0.002409365293728616
0.0006464057011213476
0.0015608745229687216
0.0032156100034254767
0.011121830281392162
0.0026317391231586657
0.001324560756824694
0.0014378954620412876
