0.01256474332985747
0.0005495254909618553
0.004266006551157478
0.0067091363780338855
0.015340599103713494
0.01723222822643423
0.008254291448643898
0.003350856507696839
0.003942380879472824
0.01444483428998648
0.005617643873742872
0.013123126351011934
0.01361683809433819
0.009138296378509905
0.007473526415867635
0.0015939311144352688
0.004283722872702654
0.0038517961926860913
0.0052140323602128565
0.008054856396912398
0.0038213428867601984
0.0010196737273560608
0.0023074815180593364
0.0007120109270276531
0.0016927192784359478
0.0033992963224405972
0.01271934568407606
0.002906944660793537
0.0012355974005505551
0.0014179814036293006
