0.012256891172019498
0.0005362468100335938
0.0042045580113240395
0.0065479288375478485
0.014972609121687366
0.017230202574862963
0.008735747064525713
0.003188499347442755
0.0037387417539219833
0.013347923450353821
0.004077132324661793
0.01220244472460483
0.010549314944151506
0.00816463529428573
0.006927791264202593
0.001556882162343779
0.004541464063046489
0.0042598379910984314
0.005003483496050624
0.007873964801505042
0.004051736231904886
0.0012494297297311842
0.0024807155102355783
0.0007215353562161472
0.001389468959378789
0.002992522913072249
0.009554868648878681
0.002348175866872939
0.001373509552846494
0.0013948419531024218
