0.013487978569450545
0.0005261480200222731
0.004597525708761378
0.007894292745674958
0.016390670408011242
0.01732413248463573
0.006730699177959864
0.0030665213442029895
0.005045229550457237
0.017167311132760994
0.012786860689740272
0.019938210996808092
0.025100459248812768
0.013535377544983926
0.007579467044128246
0.0024425545664240617
0.003250353202306796
0.0043338832522239615
0.006231833613800088
0.006551056013945676
0.0025608962424662884
0.0010465755768462109
0.0012568697174619098
0.0010904212600353945
0.001989717164930759
0.005178791187426226
0.00737420946102444
0.002587044799829182
0.001017021918456328
0.0004428318128372319
