0.014230974149265144
0.0005354399705956715
0.004777555231110698
0.009238105276851788
0.01641651692277567
0.017255989294301846
0.0054137648728679235
0.004336093913064687
0.006119682400457086
0.014311595054747356
0.011062417069885627
0.015532612215469623
0.022663387138869895
0.008609334346458811
0.006830964201467714
0.0042662184092285785
0.0037461139920626977
0.005003854413341211
0.0074308730802713635
0.005184711340629923
0.001299759342783081
0.002132309044122884
0.0006879615495513549
0.001358491403361616
0.003308001565452209
0.012311042508329475
0.002961275132649259
0.0012727746403457278
