0.014716818765709107
0.0005482230369274471
0.004882558783794001
0.010330939729703939
0.016723270508887573
0.0172602942645194
0.004810751889673154
0.004845121023863963
0.0066578510410007785
0.01365166952226004
0.011696100549242328
0.013696612655056535
0.02035484766456321
0.005486053131708271
0.006645742544542347
0.005557228940794522
0.004044701773693077
0.00515935739131689
0.008339069877440543
0.004231461817585477
0.0009400233653578355
0.0019422485794734232
0.0005812950524581248
0.0016002707333487467
0.004186108549829832
0.01701958015610334
0.0022393381558940954
0.0012356946709920235
