0.012087868605146964
0.0005291587968702135
0.0041745019920583
0.006469909313769817
0.014780294997567764
0.017205413052970794
0.00892325018652183
0.0031678507863370856
0.0036893111824500887
0.012816643211745136
0.0035991730712511033
0.012044057973793258
0.009556083262288977
0.007899684788780548
0.00681976482546568
0.0014171038521056916
0.004438269523407874
0.004435660859188758
0.0049135706556703886
0.00730483708248856
0.004216366454052855
0.0014621685468918693
0.00233741971308459
0.000885354373367261
0.0012028321814508735
0.002706325698522964
0.007878889648666655
0.0022839616872755712
0.0015626229300017692
0.0013406007503355332
