0.012905687090440909
0.0005467129434588515
0.004378147522577137
0.006980230941171844
0.01591911782233781
0.017237973741437807
0.00770085100365883
0.003148551241011827
0.004340545700787334
0.01605344007447586
0.008880610858742151
0.016032040592674185
0.019207551585266425
0.011583905055112524
0.007998242600972502
0.0019411807453230136
0.003867280543083038
0.0034958231956487354
0.005606485233078452
0.007620996334805038
0.0034091194015735448
0.0007293874957948812
0.0031940477412644957
0.0013786787298585839
0.0017813469376186677
0.004425493259005633
0.01723767996243092
0.0011845041777653591
0.0009591491412193573
0.0009822060964016154
