0.013136536173224717
0.0005378263041738658
0.004463307781805878
0.007227340581105782
0.016298740559518358
0.017261172444718986
0.007458835173062285
0.0031283980139831034
0.004686418689840117
0.016873511439791218
0.010991103873502134
0.018411433394070136
0.02163229396004311
0.012766193027105788
0.0077896307718694135
0.00212571672289509
0.003599465008368581
0.0035264252575394677
0.005813658751068939
0.007119080504543134
0.0031469659178689005
0.0007037292041253936
0.0023644083411239357
0.001413078536573428
0.0016929125109505074
0.0046308231255984605
0.017360679377029363
0.0007222440403070957
0.000891960458028699
0.001093028190582697
