0.0137765105584691
0.000528388374254079
0.004679113474394856
0.00837615161505058
0.016328924110008084
0.01726517801861677
0.0061128268921291735
0.003349353325171568
0.0054767642531575
0.015100975688890898
0.011079946448334752
0.016884100606755225
0.023061706261919453
0.010629436962881714
0.007283081256260111
0.003006492365574915
0.003256077451440193
0.004718105021068715
0.006617464350774942
0.0060297896091584535
0.001872064486163234
0.0015541003467859499
0.0011428466748530217
0.0011906623660969515
0.00240858656293709
0.006776620672723962
0.00286974752043847
0.0017628361232014415
