0.016072079161457156
0.0005378639911761923
0.005203677428157578
0.013523458707707936
0.01774759998739806
0.01655569135119402
0.0039014423469015493
0.0041410604149115125
0.009893821222504533
0.006636024454803645
0.010185490095682426
0.0037458402040210946
0.005251134208804898
0.00763916093959926
0.0018587563009116513
0.003432979944566573
0.0028970788548447696
0.006400627118089483
0.008811219391804471
0.0028447725832247703
0.0009355792142085929
0.0012282360248998937
0.0008824678269516593
0.0022539832118423486
0.006571278701037011
0.004991109191135165
0.001970782735772968
0.0009480227647013765
