0.015901266937546416
0.0005296195369648948
0.00515288757005139
0.013129388075062528
0.017607552068971077
0.01675984354342817
0.004073669730299955
0.004318735791443368
0.009202735898982487
0.007912334546689439
0.006911343284660467
0.004708145711504198
0.009394839233660343
0.0026913083864408957
0.004434914103075893
0.00880382735378667
0.004358043555499673
0.005866929060994518
0.008436654486199667
0.0031225453734122204
0.0007974927018180051
0.00155917000578356
0.0009727623881381348
0.002042634142276811
0.0057405508576786075
0.00779336475425617
0.0025617032905228287
0.0008685931223586655
