0.016590918379588974
0.0005644729621220258
0.005362226958964791
0.014343343422010513
0.017738812088395055
0.016148796244341485
0.003515231008999516
0.003861086382859207
0.012040602111076642
0.0031004745587343797
0.015943244679103834
0.016373061026124052
0.012087873424854342
0.009231442376353507
0.0014288904887611578
0.002785306805905747
0.003653456984768176
0.007123774204588732
0.007300331392980484
0.002033657902299955
0.001459729496762019
0.0009111248640122668
0.0012488874658335798
0.002931419017685734
0.010832381010702824
0.002913874300679909
0.0013574542487092176
0.00135597836926475
