0.01505323550906202
0.0005370829046270438
0.004950086069115815
0.011117462935461602
0.016979566383984897
0.017182133483720257
0.004590831235726437
0.00495288120491855
0.006839470186791247
0.013089376047807185
0.012846087886604438
0.013924260335194845
0.02069026154247216
0.004718109496532721
0.0064884995824113076
0.006848638105534814
0.0043744594382973175
0.005268945902708027
0.009216667401224423
0.0038085293247158607
0.0008099372281097859
0.002379465755290918
0.0009354488373153869
0.0016764497320231164
0.004776729251977852
0.019371984163935135
0.0010568168418080774
0.0011762691771202197
