0.017119171015540384
0.0005940285149304196
0.005530183549959285
0.015017629609242744
0.017645200756262955
0.015750923532045248
0.0030878003334480664
0.0037183225056946047
0.014056848946822154
0.004843452695251688
0.017001566128229756
0.022177709148830847
0.013793733485972424
0.009158380568673258
0.0016642477585244427
0.0023737353750337867
0.004886593806127774
0.007956440259046476
0.006254692807978019
0.0013429498780742526
0.0016509712163435256
0.0005716792461548806
0.0014081990576190603
0.003911090280058313
0.01598074420592027
0.00384530099203406
0.0017402908508213797
0.0011004239951601825
