0.015396609018264128
0.0005258696561265101
0.005020625694339774
0.011936318695572849
0.017215360693509325
0.0171118180631599
0.004439133648812142
0.004870583381321037
0.0075690120530695
0.012844162643941875
0.013746863770309784
0.010929608868717583
0.019359941493042064
0.003145591772376007
0.00603635244750559
0.008632035105195425
0.004574808634438681
0.005437188942006517
0.008959989078563333
0.0035738561839061267
0.0006838863117665842
0.0028682456802646304
0.0012560825376272374
0.0017506617606311342
0.004835498731028997
0.018112291886228787
0.0009630944163071554
0.0012112764220516487
