0.015740205857995664
0.0005211177449843861
0.005102436695664252
0.012743310874052557
0.017476148096084745
0.0169740345972051
0.004250133539602508
0.004519040639887206
0.008584831250405746
0.009972165667421732
0.00929953357593778
0.006211675948032349
0.011822386582171414
0.0026258444411665543
0.004844652207486853
0.009243304713825472
0.004548705281550184
0.005702105770977276
0.008710284845103318
0.003413919355067023
0.0006831031035396391
0.00198314039336173
0.001047373937119319
0.0019064946776035782
0.005387108253019211
0.011382317415866147
0.0022514507884157722
0.0008404108435538786
