0.02083373274873723
0.000675847477960798
0.006730603674330765
0.021576571433502285
0.018854223030143377
0.01199586994736595
0.0024065439661848636
0.005682007175604792
0.029434379023236465
0.03340107189854437
0.0398522245825478
0.039152656550971804
0.009586761938441827
0.006269760954562561
0.009069500265383766
0.004283069688677242
0.006739919758148006
0.007305149382738199
0.0012840216769132628
0.0011224020972928522
0.00034538764746813537
0.0016375920327806452
0.0051511615052160144
0.023007089376270815
0.002301963121669051
0.002148267466220854
