0.018945781729196545
0.0006444152065750871
0.00610001702467604
0.017639299103579177
0.018071620752641987
0.014725822579689877
0.0023235132319925677
0.004462073706952043
0.023379196838065795
0.019945707679425873
0.028715229506651778
0.043511581730756164
0.0224344361061887
0.010512470482602456
0.006491772688153142
0.0041906226328760855
0.005250235083830109
0.009973456039734811
0.0033584869518940696
0.0007102919905327472
0.0019011937800189201
0.000709301556255587
0.0023776567535106264
0.0075224109859026375
0.005227282633223299
0.0017119868482219954
