0.02180563633817431
0.0006744809962962953
0.0071032821341565616
0.0242110181305813
0.019526367577467188
0.009746333705532977
0.0025664859918271485
0.0065620703160455835
0.030829792065241154
0.03672256492729548
0.0460515349566969
0.03977880072605931
0.00894018888014597
0.006593165528839396
0.008458305522752304
0.004682126352775921
0.008806717977814703
0.0048588934737837375
0.0005557155129051104
0.002156637461450575
0.0007755102096191221
0.00216029025010723
0.007063715173184609
0.01002608687654131
0.0021266308740473757
0.0009069709571708069
