0.019704063636629437
0.0006587316203481633
0.006289343904508615
0.01911340079837265
0.018423754675844794
0.014016090355379082
0.002193422562256872
0.004852598284379807
0.026736719992790488
0.02599486153281852
0.025408263327432314
0.024938227833232733
0.008895284414800081
0.006335705880142048
0.009744296336662267
0.004161030897938878
0.005587703372971718
0.009312412640876223
0.002882999798789544
0.0008521731831054891
0.0011431859094990613
0.0013266239723851356
0.0031347973730905757
0.012750290443043693
0.003515943512508108
0.0016912010585411815
