0.019896013485096287
0.0006626024005553695
0.006338977500155995
0.0194938044193392
0.018517481062620612
0.013773481786331417
0.0021694553939500573
0.004966424941388531
0.027284311759091014
0.026970591388679743
0.026690689715934638
0.026361095677275563
0.010728889647956376
0.0061294948312403345
0.009819315667347304
0.004058660525286507
0.005733805677605399
0.00934818912138164
0.0027734139447602476
0.0009681751982559764
0.0008726631666670269
0.001368889613116821
0.0035324397291100797
0.014583646315000613
0.0038551046386935796
0.001990844738450502
