0.02164142940331111
0.000672079284631296
0.007070506670178297
0.023874558775959467
0.019419332568975104
0.010033721819731401
0.002618600729688584
0.006348080800987555
0.030650613158367757
0.03703860371851861
0.04610167637045872
0.04046533021951375
0.009061085923604013
0.006343821370321856
0.008855635805607297
0.004558328387126565
0.008347491696594779
0.005264874582375439
0.0005788515872242058
0.0017417272585977972
0.0006221356488901815
0.002031373325022072
0.006558936159106204
0.01259831547971109
0.001576074868638157
0.0016839536966235238
