0.018572492434458583
0.0006354890957021829
0.005988815964358538
0.01701131538211246
0.017913552325247908
0.015026666623347402
0.00242628681340636
0.004312584420484888
0.021897076156804945
0.017317376134281987
0.0280668136210469
0.04006980909422346
0.021606154851678976
0.01026254244101958
0.004745459273293137
0.0036203874871143346
0.005253885876315364
0.009805404985464687
0.003937760772176566
0.0006329237530441078
0.0026941159501267563
0.000981759114773973
0.0019767726025934616
0.005919663299987797
0.011275403263470507
0.002200163457534346
