0.020993517636814646
0.0006730105903067446
0.0067943965035565336
0.021991933398614615
0.018938773762645526
0.011600149003237532
0.002453740378369841
0.005809386763605471
0.029714077733724198
0.03473394686652295
0.041653667909857806
0.03976955285580741
0.009469032353425916
0.006222444512599143
0.009013036503555203
0.004464653004806136
0.007053052673537934
0.006904110478218513
0.001034710569478105
0.001134791590724509
0.0003724349731860578
0.0016946415048916886
0.005158699649270558
0.02401914886919691
0.0034745550250730017
0.002279048420893964
