0.01932299715057406
0.0006514576782400617
0.006192946345486538
0.01836712648014651
0.018243115308219527
0.01439949045389099
0.002266425170686477
0.0046452685893807934
0.02494813793319112
0.02344123673425759
0.023943523715728506
0.021935848241026977
0.006576952952811917
0.008198515512082807
0.007129886725990213
0.003635287847827141
0.0055900037157852285
0.010031113242937326
0.0032197702454692073
0.0007052867574164477
0.0011910787379597037
0.0007650362315165619
0.0027944252783533383
0.009949133771393672
0.002944596807422763
0.0015260390864390043
