0.021154138336337
0.0006711969424646738
0.006860378614187891
0.022473845337388478
0.01905753825532104
0.011192022477920094
0.002527798219772724
0.005929693501540057
0.030023581601803982
0.03591863217558559
0.043241240040605144
0.040005427902754076
0.009292013695137828
0.0061543912690630856
0.00898127833509828
0.004431237010798363
0.007332073450515012
0.006535111406344964
0.000829251006488684
0.0012289066302230687
0.0004165594655156034
0.0017653994774469162
0.005301889429509355
0.021455206489339556
0.0021079172373719866
0.0023277007710851153
