0.020282776073746515
0.0006707207985555747
0.0064414177673241335
0.02026896170222729
0.018655463093795847
0.013154057236170434
0.002191397217645378
0.005223593412078781
0.028093645709577817
0.029423544334687923
0.03139629289976753
0.031978669243229375
0.008731955580003831
0.006790256006642862
0.009744470351256347
0.003930850747984912
0.005853705689050397
0.008538462659117512
0.0021888587984839583
0.0011233566130570342
0.0005406495555546572
0.0014025623604776603
0.004222602458507119
0.018123915243194035
0.00446598469996352
0.0018299171099156282
