0.022470981172508873
0.0006948054066879238
0.007188644366600156
0.025145922914403894
0.019891232327921456
0.008814021596997217
0.0025817341202238
0.0077376158061116685
0.027218561408116168
0.03427194619407223
0.04439588138469565
0.035998887474803794
0.008038982354216944
0.006937560659791066
0.006218387302155912
0.004910035361374288
0.010144489828228794
0.0037850949659553592
0.0006056057608871967
0.0017426087292854223
0.0005151992072302937
0.0033913556497226923
0.012735913181987876
0.0035262915606736524
0.001989042477016074
0.0013184522439581394
