0.022303359698275863
0.0006880667672806602
0.007162456102312888
0.024922646072503184
0.019801659196247542
0.009027528194544776
0.002518431866448077
0.007386314345102458
0.028701049924898605
0.03557274191519384
0.04582847381735836
0.037756267934643636
0.00836412433028336
0.00684499259184126
0.00685251858161646
0.004919519584338705
0.00984560202020629
0.003951498676189417
0.0005823540704412046
0.0020581727526083646
0.0005489111252207121
0.003039928306257821
0.010868516446069813
0.0032867577096702153
0.0017928439154837339
0.0013640010161431212
