0.02419517286626691
0.0008468437950147353
0.007953541127961553
0.026434356055936727
0.02055154470701438
0.009009309204466695
0.0039334421993374655
0.013436223314517446
0.0064195345088403095
0.017985874942763096
0.027452317894601872
0.015388336533371468
0.009380165424494782
0.007130710239330937
0.0028400197681686433
0.006837237779899307
0.008791873004595559
0.0017521115663966071
0.0005844222193069282
0.00020725183453607212
0.001732856256763003
0.005569259282731919
0.022269213740882896
0.003957639436070397
