0.02213657858127801
0.0006824706371454153
0.007138696547196819
0.024702472363349874
0.019712596485869503
0.009254255438561237
0.0025021551000337376
0.007079392377529087
0.030256110092092933
0.03606061845666136
0.04610726381380965
0.038558766395192096
0.008689618347040053
0.006784088984875522
0.007468721602967081
0.004901599676810914
0.00955538091097627
0.0042883012151739165
0.00048254786380658475
0.0023409300957164566
0.0007102932493129515
0.002636511833089633
0.008952801950302972
0.004810539133532175
0.0019555154080994046
0.001257719563416375
