0.025089844804817574
0.0009711823685035446
0.008688084191998399
0.02679785191549222
0.020815719280705348
0.009334513264386725
0.004315526691041099
0.01837104636336713
0.011325216502470427
0.03010892812924871
0.04635575021291472
0.02544390015949846
0.013004281391616645
0.006611926334690582
0.0032306867211632654
0.007683375025693462
0.007544304436316512
0.0005282507868171876
0.0015588162445099917
0.0008454898894543213
0.002260383001006245
0.0076979615815466725
0.010520956154905338
0.002477686245334574
