0.02472939183470957
0.0009174877138847423
0.008404178124685534
0.026709959659822
0.020709322564840316
0.009224862558680632
0.004358072023756024
0.016027484456219335
0.008284180417467346
0.027086058345925666
0.040938209971319715
0.023875268561294297
0.012539300118334668
0.006434918313866084
0.0028450060597390255
0.007501721409409975
0.007793533931566088
0.00090290697785611
0.0009149358810931934
0.00048398607010638657
0.0019931674996801893
0.006713206005727655
0.015425929915263575
0.002924866283799593
