0.023150281823281826
0.0007404837015780838
0.007373088029460871
0.02593309402219007
0.020183208682606105
0.008541224303755098
0.00289265122347203
0.009444215659763965
0.01738647224197765
0.017159552894619446
0.019521008471034038
0.014713750770581745
0.003751736229770954
0.008521557134191636
0.004182011299861103
0.005624908348001649
0.012299078283223823
0.0034897336684724597
0.00047338579212883783
0.0011165882574471291
0.0013986932549387625
0.004049024464646682
0.018014709691640787
0.004594426339995725
0.0020528800272280826
0.0019478266628698562
