0.0236688120986215
0.0007879163241980773
0.007586155986708696
0.026335185859645477
0.02036286564344019
0.008808829381684178
0.0035901538832169293
0.011698066944075566
0.008969936406570208
0.011420680748859982
0.01599013315743923
0.008079494081917302
0.007377751462649819
0.006675341952862401
0.002874692076824327
0.006468038995343055
0.010435347225965091
0.0026995368608637178
0.0004901587194341577
0.0005210695324136963
0.0015747630399217938
0.005040308303402408
0.023139474092396965
0.003327690685409595
