0.02656648840943165
0.0012543531089530889
0.00989667981121312
0.027294245613586784
0.020761751628945186
0.009527740196559371
0.004495497861124321
0.024900069176743183
0.023383050267639975
0.028715667983005497
0.02434404806947187
0.00486615979783013
0.006856244506967032
0.008097093103182013
0.004948036404521657
0.010864999895880708
0.0044221073565019545
0.00041260111746827617
0.001328301018019541
0.0007000975639862237
0.004605231432349481
0.020833670046340992
0.005420189154996863
0.0016760139777856533
