0.025453830389200217
0.0010302362443460156
0.00898763580349813
0.026896703885931558
0.020894527212862758
0.009388478823043273
0.004256862651690104
0.020537358070355675
0.01510733102606282
0.03466244388582586
0.05835012336576672
0.03253960240400533
0.01578366399669886
0.007505397646898499
0.003772003667433278
0.007957047382031564
0.00732114172649158
0.00037329974287748967
0.0021186105411463486
0.0011839507389911142
0.0025842901487322075
0.009186278015303133
0.00585705039938597
0.0024472747044708906
