0.026378832654839313
0.0012117186230581594
0.009745136959882258
0.027205054177745935
0.020800544525882127
0.009513538164829215
0.004429274298579617
0.02413692463874233
0.02249129083978145
0.030147948131381747
0.033668675878060064
0.011749505999703645
0.0060437150768966235
0.006071718468845481
0.0054059061028482935
0.011085344519160312
0.004722413611089978
0.000332238275653658
0.0013441986878102586
0.0006395733872282927
0.00442057968391203
0.019277990531298195
0.004950140686491447
0.002397977577404417
