0.02908461795122791
0.001919484006987073
0.012164685397601111
0.02968896131776868
0.02072938823997166
0.008218746440778895
0.0061156529745009635
0.03505787328321182
0.03220311415559546
0.04477412745750787
0.03759746667773951
0.00946982276404836
0.007721321574621871
0.0035565225239067464
0.007602845816393915
0.0098678366016402
0.0011936805530270238
0.0010751709348383377
0.0006485755755084297
0.0024913917362086122
0.009110968754168435
0.008752543276464946
0.0013445612080410178
0.0016502433201316155
