0.027904146582730004
0.0015913648674479048
0.011065251646170265
0.02864751880720108
0.020658112881183792
0.008772590787010722
0.004718820808195574
0.029223290375619607
0.027070400924489653
0.0398601748490677
0.035606870161131454
0.010797126259360683
0.007316988242756185
0.00613771462806728
0.0054972589943090115
0.011526579101127362
0.003106805621709101
0.00037508483640538964
0.00031035211061122066
0.0017497103824252783
0.005823067378492307
0.021613040897672783
0.004933021464167579
0.0029723805727440494
