0.028294091037732737
0.0016966479699778022
0.011421529849132965
0.029059615510570406
0.02066227787896577
0.008275759484502663
0.004991032948297027
0.031100225011859037
0.027463317292471395
0.04128530933073085
0.03608503201348915
0.01087960556453987
0.007452001280212139
0.005157646237836882
0.006111131419964678
0.010660318857641148
0.0024638480509135276
0.0004294267313900295
0.00010727192161643636
0.001919850584320882
0.006791785593780726
0.017063202664611258
0.0033696356422286394
0.0021044640275199693
