0.026192094226533555
0.0011707267828222326
0.009598111101940988
0.02713509734427888
0.020853060807480887
0.009490733146640543
0.004381648256605542
0.023439287375130086
0.02170408450339331
0.03156807839363441
0.0522812770709667
0.02245781102116893
0.010507190831662174
0.007467598495709074
0.004970991870759114
0.009352359739346196
0.006257210372240174
0.00020426577619874652
0.00138910187953256
0.0009218493575135266
0.0038858776396516375
0.016482103186296043
0.004360397512390457
0.0033893805663399766
