0.027325626843701902
0.0014409909413942122
0.010549565726849335
0.02804656979020921
0.02068559455427699
0.009064823919199803
0.0048483692187026774
0.028762352346692336
0.02923641357483724
0.040421863961299924
0.03876152351846657
0.011564610463125374
0.006949529025961178
0.006733223895705479
0.005151126392702162
0.012574183676713804
0.003915454139101452
0.0003356158767977577
0.0008371908158313351
0.0015102153914481253
0.005420301621343633
0.025853890676434475
0.007744418799206987
0.004092044412863821
