0.028885667979355142
0.001862251481015885
0.011974894206222757
0.029536112665202806
0.020720486383481507
0.0080760719520741
0.005767240330850995
0.03471824921253698
0.029385589808183163
0.040898980559510814
0.0347611513726373
0.009420293806834549
0.007731510422680896
0.0038559842270318367
0.0072547387991282
0.009661699219022215
0.0014973738082716729
0.0006807279527216692
0.00040757056626848637
0.002344826536934886
0.008519152463272936
0.011013545340721707
0.002037074331704758
0.0011111904814363892
