0.027517592169004776
0.0014901092069081914
0.010719009708075718
0.028244660897646476
0.020671744282103735
0.00896142448440832
0.0048025159684245075
0.029265939603903095
0.02945183070253714
0.04166142668445489
0.03912268895577227
0.011588928929478957
0.007021767300468279
0.006539507127963112
0.0052495201471677595
0.01264521610137374
0.003622268156363621
0.00034581455825333446
0.0006429914369752399
0.0015907629669318058
0.005712941900159423
0.026601316371763103
0.007820111868378655
0.0042392483598158335
