0.02849044248443711
0.0017507990283996604
0.011603543937843658
0.02923707142735971
0.02067326215503893
0.008077704943398233
0.0051653091717299565
0.03217987432310733
0.027209181791830104
0.04009755930894594
0.03471197692293434
0.010353525513935091
0.007588014040922004
0.004676493163973099
0.006507946063294074
0.010113695506392342
0.002109100927743438
0.000361491437399733
0.00013248277067369764
0.0020588949696415553
0.007337824876752794
0.015589961253858737
0.0030316896948285425
0.001847714291983444
