0.029284399448773184
0.001977792877298653
0.012374098750256227
0.029904636685763562
0.020738951238864572
0.00836741370673738
0.006472436745912297
0.03623602132667792
0.037662170107785074
0.0520733783768195
0.04355205609181836
0.009263163092470963
0.007714534038110505
0.003390284922874529
0.007885940776364909
0.010103248318967232
0.0009881842766329588
0.001522057604088226
0.0008980835821711897
0.0026900430282281694
0.009983739898239918
0.006871820585944938
0.0019874940092906904
0.0018196491702667482
