5.87938147964330e-7
2.08991479688610e-8
1.95181552496925e-8
1.53133770138595e-8
1.19861303304304e-8
9.38922247061797e-9
7.44939341859867e-9
6.09339739741440e-9
5.25111993994624e-9
4.85674391810247e-9
4.84947568017696e-9
5.17390220795091e-9
5.78006523137193e-9
6.62332749927025e-9
7.66409556287906e-9
8.86745232471836e-9
1.02027417284777e-8
1.16431377753332e-8
1.31652209441518e-8
1.47485773792183e-8
1.63754299574276e-8
1.80303055927294e-8
1.96997396953320e-8
2.13720164112513e-8
2.30369418912206e-8
2.46856471343900e-8
2.63104167472022e-8
2.79045400676536e-8
2.94621813837736e-8
3.09782663805749e-8
3.24483823409924e-8
3.38686900280551e-8
3.52358455307002e-8
3.65469306659601e-8
3.77993907789552e-8
3.89909790000426e-8
4.01197061945157e-8
4.11837959583394e-8
4.21816441443558e-8
4.31117824850359e-8
4.39728459462459e-8
4.47635435261338e-8
4.54826322655637e-8
4.61288942882135e-8
4.67011167589845e-8
4.71980746956741e-8
4.76185166384545e-8
4.79611532466732e-8
4.82246489756281e-8
4.84076170551464e-8
4.85086181130578e-8
4.85261628561688e-8
4.84587193782684e-8
4.83047257574509e-8
4.80626087691689e-8
4.77308096798289e-8
4.73078182249706e-8
4.67922160410212e-8
4.61827309231192e-8
4.54783033855143e-8
4.46781670149766e-8
4.37819440491170e-8
4.27897573765109e-8
4.17023597410428e-8
4.05212802459401e-8
3.92489871716216e-8
3.78890646476978e-8
3.64463987127353e-8
3.49273656941992e-8
3.33400127775244e-8
3.16942170822311e-8
3.00018059530763e-8
2.82766179217396e-8
2.65344817218492e-8
2.47930908614371e-8
2.30717547425470e-8
2.13910153322721e-8
1.97721315935962e-8
1.82364519650589e-8
1.68047163104295e-8
1.54963490938573e-8
1.43288195745529e-8
1.33171462883271e-8
1.24736071217192e-8
1.18076819558214e-8
1.13262074642844e-8
1.10336747456763e-8
1.09325654882212e-8
1.10236148208209e-8
1.13059146694185e-8
1.17768243392485e-8
1.24317188015267e-8
1.32636589875937e-8
1.42630955048904e-8
1.54177109983085e-8
1.67124721996237e-8
1.81299139275353e-8
1.96506294532031e-8
2.12539066768965e-8
2.29184329657399e-8
2.46229925808738e-8
2.63470944709429e-8
2.80714885760566e-8
2.97785500083851e-8
3.14525286956814e-8
3.30796754072589e-8
3.46482631592524e-8
3.61485265461541e-8
3.75725416782712e-8
3.89140673233433e-8
4.01683646102004e-8
4.13320089972115e-8
4.24027046819247e-8
4.33791085217467e-8
4.42606679331098e-8
4.50474752479618e-8
4.57401394911426e-8
4.63396754827023e-8
4.68474094841080e-8
4.72649001710489e-8
4.75938735053672e-8
4.78361700058318e-8
4.79937029396699e-8
4.80684260524076e-8
4.80623095788238e-8
4.79773234195306e-8
4.78154265214032e-8
4.75785616527963e-8
4.72686548951135e-8
4.68876193202158e-8
4.64373624229976e-8
4.59197970121868e-8
4.53368553442352e-8
4.46905063768936e-8
4.39827761215858e-8
4.32157711135738e-8
4.23917051321403e-8
4.15129293245370e-8
4.05819659880722e-8
3.96015462908565e-8
3.85746522906768e-8
3.75045636449949e-8
3.63949094650238e-8
3.52497258006578e-8
3.40735192840485e-8
3.28713374770575e-8
3.16488464924641e-8
3.04124164282389e-8
2.91692151472775e-8
2.79273108364318e-8
2.66957836839229e-8
2.54848468092596e-8
2.43059763372522e-8
2.31720501119387e-8
2.20974940510712e-8
2.10984344440188e-8
2.01928535889985e-8
1.94007449850119e-8
1.87442627642139e-8
1.82478581310870e-8
1.79383931478548e-8
1.78452192378327e-8
1.80002041520008e-8
1.84376868367956e-8
1.91943346143760e-8
2.03088713933198e-8
2.18216394233070e-8
2.37739507085874e-8
2.62071781634578e-8
2.91615318391828e-8
3.26744634195973e-8
3.67786446383181e-8
4.14994749566276e-8
4.68520941779250e-8
5.28379108700210e-8
5.94407121148880e-8
6.66224988180201e-8
7.43192967830481e-8
8.24373272140563e-8
9.08500755479842e-8
9.93969596045562e-8
1.07884438939305e-7
1.16090482779193e-7
1.23773263512900e-7
1.30684694763518e-7
1.36588919466635e-7
1.41285035249799e-7
1.44632248482833e-7
1.46574406638106e-7
1.47159734050479e-7
1.46550971079496e-7
1.45021418464395e-7
1.42933945437516e-7
1.40702873563441e-7
1.38742395714799e-7
1.37408958451195e-7
1.36947668240049e-7
1.37453221885644e-7
1.38853614340855e-7
1.40920316012104e-7
1.43302944943954e-7
1.45581320069042e-7
1.47324615260166e-7
1.48146869555105e-7
1.47750161220209e-7
1.45950407862736e-7
1.42684801839420e-7
1.38003275660504e-7
1.32048502462118e-7
1.25029654724325e-7
1.17194728030525e-7
1.08805123395794e-7
1.00114812862176e-7
9.13551245885671e-8
8.27251694970987e-8
7.43872582004879e-8
6.64663026115408e-8
5.90520930984519e-8
5.22034076493947e-8
4.59530699984289e-8
4.03132715972754e-8
3.52806692165312e-8
3.08409437547747e-8
2.69726469221621e-8
2.36502694124946e-8
2.08465402543540e-8
1.85340175846085e-8
1.66860618486776e-8
1.52772985824817e-8
1.42836836347127e-8
1.36822820390832e-8
1.34508648901987e-8
1.35674179720105e-8
1.40096425078148e-8
1.47545130533968e-8
1.57779409695690e-8
1.70545748829854e-8
1.85577529450749e-8
2.02596064168081e-8
2.21313009849157e-8
2.41433919149491e-8
2.62662621384626e-8
2.84706087634111e-8
3.07279431771436e-8
3.30110724063329e-8
3.52945341438290e-8
3.75549640383563e-8
3.97713807889168e-8
4.19253815167168e-8
4.40012463110828e-8
4.59859562551916e-8
4.78691334830857e-8
4.96429147160634e-8
5.13017714016644e-8
5.28422901070660e-8
5.42629264324468e-8
5.55637446345897e-8
5.67461536033320e-8
5.78126480213344e-8
5.87665616434297e-8
5.96118377980741e-8
6.03528204903769e-8
6.09940680291241e-8
6.15401898253414e-8
6.19957060267498e-8
6.23649288934288e-8
6.26518642604085e-8
6.28601311263687e-8
6.29928971591515e-8
6.30528279162278e-8
6.30420475820484e-8
6.29621091723646e-8
6.28139723576143e-8
6.25979872944675e-8
6.23138831451417e-8
6.19607603201697e-8
6.15370858339780e-8
6.10406916478122e-8
6.04687763696685e-8
5.98179113400242e-8
5.90840528943187e-8
5.82625635671271e-8
5.73482461964659e-8
5.63353963848269e-8
5.52178806110610e-8
5.39892495269273e-8
5.26428986174779e-8
5.11722913620637e-8
4.95712631939220e-8
4.78344273800731e-8
4.59577057693210e-8
4.39390067889135e-8
4.17790681044165e-8
3.94824690173200e-8
3.70587941973972e-8
3.45238915460708e-8
3.19011099150019e-8
2.92223281236573e-8
2.65285054867456e-8
2.38694210377158e-8
2.13022683699943e-8
1.88888937889384e-8
1.66917549238635e-8
1.47691217446152e-8
1.31705089239829e-8
1.19335510145241e-8
1.10832189298174e-8
1.06333582919950e-8
1.05893845327843e-8
1.09503305290453e-8
1.17088809090288e-8
1.28493775893119e-8
1.43451482850941e-8
1.61569774953979e-8
1.82339085707759e-8
2.05164023083373e-8
2.29409392995325e-8
2.54448358179232e-8
2.79702755684507e-8
3.04670393340874e-8
3.28938664104866e-8
3.52186714082380e-8
3.74179572100891e-8
3.94757603349709e-8
4.13823988014071e-8
4.31332095587695e-8
4.47273877038037e-8
4.61669826891252e-8
4.74560682997509e-8
4.86000801301519e-8
4.96053023585641e-8
5.04784809389160e-8
5.12265399861262e-8
5.18563800910181e-8
5.23747402087056e-8
5.27881079558483e-8
5.31026661088310e-8
5.33242657212740e-8
5.34584184672603e-8
5.35103025865592e-8
5.34847782301875e-8
5.33864090984778e-8
5.32194881070227e-8
5.29880654716019e-8
5.26959780783989e-8
5.23468793634240e-8
5.19442692142685e-8
5.14915235691314e-8
5.09919235619392e-8
5.04486841434256e-8
4.98649821801279e-8
4.92439840914227e-8
4.85888730978757e-8
4.79028761901727e-8
4.71892909098970e-8
4.64515120646618e-8
4.56930584516513e-8
4.49175996859974e-8
4.41289831806238e-8
4.33312613111982e-8
4.25287187552451e-8
4.17258999580075e-8
4.09276366102807e-8
4.01390749699345e-8
3.93657027689568e-8
3.86133753491791e-8
3.78883405549272e-8
3.71972617738805e-8
3.65472383320598e-8
3.59458222748555e-8
3.54010303070356e-8
3.49213494160038e-8
3.45157343740426e-8
3.41935949714715e-8
3.39647704333964e-8
3.38394880382636e-8
3.38283024963892e-8
3.39420121665455e-8
3.41915477153201e-8
3.45878284024418e-8
3.51415808355908e-8
3.58631148621271e-8
3.67620513400475e-8
3.78469969701087e-8
3.91251623082254e-8
4.06019207100808e-8
4.22803084434798e-8
4.41604697967796e-8
4.62390558776238e-8
4.85085921615801e-8
5.09568377872255e-8
5.35661691131255e-8
5.63130309124781e-8
5.91675102593472e-8
6.20930997420576e-8
6.50467267032242e-8
6.79791317804273e-8
7.08356806054902e-8
7.35576841429121e-8
7.60842827435652e-8
7.83549138208918e-8
8.03123314420996e-8
8.19060784518670e-8
8.30962312993269e-8
8.38571517391277e-8
8.41808994440533e-8
8.40799005164637e-8
8.35884462965011e-8
8.27626312355754e-8
8.16784394743274e-8
8.04278590747093e-8
7.91131291942326e-8
7.78394824435678e-8
7.67069928935568e-8
7.58023334621925e-8
7.51913412529873e-8
7.49132560250114e-8
7.49773284860556e-8
7.53622118585933e-8
7.60181973510314e-8
7.68719923880084e-8
7.78334322153393e-8
7.88033109439813e-8
7.96814444563449e-8
8.03741350268992e-8
8.08003718151691e-8
8.08963323535315e-8
8.06180020946466e-8
7.99419610468421e-8
7.88645689341527e-8
7.73998982730485e-8
7.55768168232398e-8
7.34356161695054e-8
7.10245366429524e-8
6.83964672534852e-8
6.56060180536991e-8
