8.50157032581268e-7
2.83089650571233e-8
2.63012094722621e-8
2.00610450319544e-8
1.53112820279999e-8
1.17818196978259e-8
9.33094904884146e-9
7.82000153681693e-9
7.11901106277311e-9
7.10858082531072e-9
7.68080599752112e-9
8.73945159983856e-9
1.01996004609661e-8
1.19869513275335e-8
1.40369125335454e-8
1.62936030207142e-8
1.87088417022960e-8
2.12411795421304e-8
2.38550070713206e-8
2.65197535437019e-8
2.92091821613449e-8
3.19007780899638e-8
3.45752215067882e-8
3.72159358054578e-8
3.98087005652650e-8
4.23413194057516e-8
4.48033338724537e-8
4.71857757354657e-8
4.94809513697338e-8
5.16822530229371e-8
5.37839927822821e-8
5.57812558902738e-8
5.76697707100155e-8
5.94457931923498e-8
6.11060040874148e-8
6.26474174950343e-8
6.40672996014198e-8
6.53630966734488e-8
6.65323715823555e-8
6.75727483012166e-8
6.84818640087744e-8
6.92573286091562e-8
6.98966916723975e-8
7.03974170246178e-8
7.07568654586039e-8
7.09722862966287e-8
7.10408188576570e-8
7.09595052341164e-8
7.07253161443817e-8
7.03351920874020e-8
6.97861024365316e-8
6.90751256276996e-8
6.81995539856146e-8
6.71570271670133e-8
6.59456984206141e-8
6.45644378729095e-8
6.30130766755567e-8
6.12926948951500e-8
5.94059542298416e-8
5.73574737620240e-8
5.51542426190877e-8
5.28060573714334e-8
5.03259640679806e-8
4.77306750137909e-8
4.50409193566624e-8
4.22816754001560e-8
3.94822235156998e-8
3.66759548788523e-8
3.38998771079532e-8
3.11937777572283e-8
2.85990437127739e-8
2.61571887174547e-8
2.39082063877378e-8
2.18889282176714e-8
2.01316043639237e-8
1.86629165200513e-8
1.75035620613517e-8
1.66684212130482e-8
1.61671651930714e-8
1.60050356743085e-8
1.61834792946929e-8
1.67003851345045e-8
1.75498324891382e-8
1.87214520250953e-8
2.01996590182116e-8
2.19630754528934e-8
2.39844051426156e-8
2.62308946625760e-8
2.86653585989329e-8
3.12476226903717e-8
3.39361723656737e-8
3.66897898307837e-8
3.94690040672946e-8
4.22372415988020e-8
4.49616309072033e-8
4.76134665276089e-8
5.01683745447146e-8
5.26062397070127e-8
5.49109591848233e-8
5.70700835999026e-8
5.90743965430310e-8
6.09174725234022e-8
6.25952422725247e-8
6.41055846693552e-8
6.54479567825812e-8
6.66230676493799e-8
6.76325972201414e-8
6.84789591344361e-8
6.91651043038998e-8
6.96943613900996e-8
7.00703099307963e-8
7.02966819129324e-8
7.03772878643140e-8
7.03159639211720e-8
7.01165367977578e-8
6.97828040520125e-8
6.93185274987323e-8
6.87274380450730e-8
6.80132506319986e-8
6.71796883075382e-8
6.62305147769438e-8
6.51695750794410e-8
6.40008442776633e-8
6.27284843051827e-8
6.13569093119207e-8
5.98908600728707e-8
5.83354881913291e-8
5.66964510168033e-8
5.49800183709362e-8
5.31931923031138e-8
5.13438412658799e-8
4.94408501806594e-8
4.74942879747463e-8
4.55155941756718e-8
4.35177861241702e-8
4.15156882281605e-8
3.95261844064749e-8
3.75684944086161e-8
3.56644739947314e-8
3.38389378974939e-8
3.21200030094673e-8
3.05394471485760e-8
2.91330759458243e-8
2.79410866164794e-8
2.70084124208059e-8
2.63850251938657e-8
2.61261651504484e-8
2.62924569436088e-8
2.69498584204294e-8
2.81693735555349e-8
3.00264436993019e-8
3.25999120754732e-8
3.59704364837690e-8
4.02182065454726e-8
4.54198080719371e-8
5.16440737589799e-8
5.89467744391926e-8
6.73640496578472e-8
7.69045646677083e-8
8.75405299720751e-8
9.91979467796256e-8
1.11746760879978e-7
1.24992020826237e-7
1.38667622910802e-7
1.52434725539108e-7
1.65887313463428e-7
1.78567504625701e-7
1.89992773006877e-7
1.99696039828346e-7
2.07277358415778e-7
2.12462691938333e-7
2.15161454175981e-7
2.15510971872735e-7
2.13894247682444e-7
2.10918936300667e-7
2.07351374146238e-7
2.04009570325804e-7
2.01631104987258e-7
2.00742021622353e-7
2.01556756822127e-7
2.03934218595040e-7
2.07401870228645e-7
2.11242196707321e-7
2.14620250590061e-7
2.16722354268483e-7
2.16876690819435e-7
2.14634987204180e-7
2.09806813748423e-7
2.02449775447472e-7
1.92826940117133e-7
1.81346150562805e-7
1.68495054567773e-7
1.54782323483554e-7
1.40691276059173e-7
1.26648216530332e-7
1.13004891967755e-7
1.00032733369893e-7
8.79258143222278e-8
7.68094518886733e-8
6.67517893811517e-8
5.77762992785398e-8
4.98737635230029e-8
4.30128352534607e-8
3.71487216102660e-8
3.22298466873625e-8
2.82025705978205e-8
2.50141757076247e-8
2.26144054709844e-8
2.09558728684509e-8
1.99936577039414e-8
1.96843943022799e-8
1.99851195504499e-8
2.08521097587430e-8
2.22398865540871e-8
2.41005197492285e-8
2.63833019895565e-8
2.90348192237295e-8
3.19993960679667e-8
3.52198587995882e-8
3.86385331609209e-8
4.21983802861660e-8
4.58441715882713e-8
4.95236108811085e-8
5.31883270609683e-8
5.67946805162753e-8
6.03043482547449e-8
6.36846739967089e-8
6.69087882287769e-8
6.99555181348819e-8
7.28091178662113e-8
7.54588557378139e-8
7.78984970928299e-8
8.01257205336095e-8
8.21415017234240e-8
8.39494940175924e-8
8.55554293842716e-8
8.69665572118037e-8
8.81911329778999e-8
8.92379638243809e-8
9.01160138943497e-8
9.08340689873012e-8
9.14004575900190e-8
9.18228236425378e-8
9.21079453068568e-8
9.22615935119561e-8
9.22884239411800e-8
9.21918963987794e-8
9.19742159858846e-8
9.16362912318092e-8
9.11777051901702e-8
9.05966965403698e-8
8.98901489099357e-8
8.90535880461077e-8
8.80811881230317e-8
8.69657905529682e-8
8.56989412190100e-8
8.42709553409699e-8
8.26710233259004e-8
8.08873762221344e-8
7.89075359482024e-8
7.67186833913369e-8
7.43081865931079e-8
7.16643409026426e-8
6.87773815985053e-8
6.56408339681761e-8
6.22532608117335e-8
5.86204442137521e-8
5.47579849490698e-8
5.06942040276675e-8
4.64730730950803e-8
4.21566820813630e-8
3.78265032097572e-8
3.35825169757614e-8
2.95392905905587e-8
2.58185558965995e-8
2.25388650642946e-8
1.98043479291044e-8
1.76957700539047e-8
1.62669146004587e-8
1.55470937858034e-8
1.55471446933350e-8
1.62640193573972e-8
1.76802642906438e-8
1.97588144425522e-8
2.24373389041075e-8
2.56268837354545e-8
2.92168227591385e-8
3.30846788838857e-8
3.71075220206565e-8
4.11718578349952e-8
4.51802864016067e-8
4.90546422886800e-8
5.27362455001492e-8
5.61842319308799e-8
5.93728803132149e-8
6.22886263648027e-8
6.49272019248534e-8
6.72911286994194e-8
6.93876519771006e-8
7.12271127909460e-8
7.28217122423165e-8
7.41846042608758e-8
7.53292512877061e-8
7.62689835412964e-8
7.70167117602305e-8
7.75847530744392e-8
7.79847385214208e-8
7.82275782749207e-8
7.83234667437495e-8
7.82819144785614e-8
7.81117974835184e-8
7.78214172885746e-8
7.74185671626330e-8
7.69106013687265e-8
7.63045054291961e-8
7.56069661376590e-8
7.48244406302224e-8
7.39632241834152e-8
7.30295166734786e-8
7.20294878191903e-8
7.09693414117940e-8
6.98553788105112e-8
6.86940620056915e-8
6.74920765312748e-8
6.62563944924821e-8
6.49943379118008e-8
6.37136425226084e-8
6.24225220445516e-8
6.11297328334914e-8
5.98446386573723e-8
5.85772751240017e-8
5.73384130618704e-8
5.61396198292852e-8
5.49933171654781e-8
5.39128337284800e-8
5.29124499274469e-8
5.20074319773367e-8
5.12140513356960e-8
5.05495847509183e-8
5.00322890867636e-8
4.96813438864550e-8
4.95167532889493e-8
4.95591974675332e-8
4.98298222634902e-8
5.03499542272141e-8
5.11407270116379e-8
5.22226041678826e-8
5.36147831758640e-8
5.53344663902015e-8
5.73959869514028e-8
5.98097822786921e-8
6.25812151740883e-8
6.57092536811504e-8
6.91850364105646e-8
7.29903707569255e-8
7.70962376357762e-8
8.14614077783474e-8
8.60313100283649e-8
9.07373288004450e-8
9.54967413855840e-8
1.00213529375793e-7
1.04780303072108e-7
1.09081552433562e-7
1.12998371289430e-7
1.16414683135150e-7
1.19224821756873e-7
1.21342092283935e-7
1.22707675785452e-7
1.23298977813748e-7
1.23136310023213e-7
1.22286697590851e-7
1.20863687523474e-7
1.19022340419701e-7
1.16949129240033e-7
1.14847196190015e-7
1.12918224749107e-7
1.11342910921960e-7
1.10262492127572e-7
1.09763869882882e-7
1.09870477418294e-7
1.10540237073252e-7
1.11670874005730e-7
1.13111724053726e-7
1.14680229117511e-7
1.16180737012535e-7
1.17423100943449e-7
1.18238882278284e-7
1.18493583217411e-7
1.18094108488728e-7
1.16991411781766e-7
1.15178895424563e-7
1.12687530525322e-7
1.09578837015971e-7
1.05936840840019e-7
1.01859965686655e-7
9.74535820593743e-8
