2.45513231028304e-6
6.42359263344074e-8
5.89331281693341e-8
4.09506094894743e-8
2.95767523257263e-8
2.32867839156824e-8
2.11910124836039e-8
2.24838376502063e-8
2.64652790743061e-8
3.25392682121535e-8
4.02058467125231e-8
4.90501408531733e-8
5.87303176793532e-8
6.89659254206320e-8
7.95273835828794e-8
9.02269323099327e-8
1.00911061218019e-7
1.11454280668666e-7
1.21754033646160e-7
1.31726538263524e-7
1.41303372256868e-7
1.50428643417031e-7
1.59056623366337e-7
1.67149751241225e-7
1.74676937170225e-7
1.81612113081607e-7
1.87932991328649e-7
1.93620001192922e-7
1.98655380495826e-7
2.03022405386315e-7
2.06704746429280e-7
2.09685944129880e-7
2.11949002157341e-7
2.13476102399944e-7
2.14248452617857e-7
2.14246285267356e-7
2.13449035246810e-7
2.11835734707669e-7
2.09385674934975e-7
2.06079397668703e-7
2.01900090232671e-7
1.96835468025013e-7
1.90880230562342e-7
1.84039167209300e-7
1.76330957201439e-7
1.67792643641990e-7
1.58484648848142e-7
1.48496025683527e-7
1.37949401134140e-7
1.27004779327935e-7
1.15861084272539e-7
1.04754146294765e-7
9.39499397958382e-8
8.37324587174980e-8
7.43867898238910e-8
6.61795850401429e-8
5.93407034240841e-8
5.40503672781969e-8
5.04348719110234e-8
4.85706447406169e-8
4.84926265118485e-8
5.02009060839172e-8
5.36610082373597e-8
5.87976426739753e-8
6.54862752591770e-8
7.35486514226348e-8
8.27565674186635e-8
9.28443542420850e-8
1.03527145383638e-7
1.14520544650901e-7
1.25557813915104e-7
1.36402275539467e-7
1.46854305906404e-7
1.56753511044248e-7
1.65977280672346e-7
1.74437032281830e-7
1.82073282617626e-7
1.88850394256841e-7
1.94751551864570e-7
1.99774280550403e-7
2.03926643041956e-7
2.07224138046669e-7
2.09687255959683e-7
2.11339615751444e-7
2.12206596481431e-7
2.12314379305274e-7
2.11689325108300e-7
2.10357624949687e-7
2.08345173107153e-7
2.05677624575112e-7
2.02380609628380e-7
1.98480087633019e-7
1.94002830556480e-7
1.88977033876573e-7
1.83433059008451e-7
1.77404317076887e-7
1.70928309157259e-7
1.64047842876116e-7
1.56812449707871e-7
1.49280031115161e-7
1.41518764703444e-7
1.33609303232364e-7
1.25647298812418e-7
1.17746280711780e-7
1.10040906033477e-7
1.02690585442689e-7
9.58834574605880e-8
8.98406393885666e-8
8.48206139355555e-8
8.11235090735065e-8
7.90948834961245e-8
7.91284281894779e-8
8.16667223228014e-8
8.71988271350983e-8
9.62530609117875e-8
1.09382785726092e-7
1.27142502233100e-7
1.50051104460562e-7
1.78539003851172e-7
2.12876346603168e-7
2.53081259449059e-7
2.98810687601152e-7
3.49242731612917e-7
4.02969002510201e-7
4.57928050564040e-7
5.11424068926727e-7
5.60283265193517e-7
6.01194005235666e-7
6.31244076472567e-7
6.48600647368841e-7
6.53181816242018e-7
6.47076248199049e-7
6.34441253171236e-7
6.20715350681535e-7
6.11233602707301e-7
6.09645013846880e-7
6.16723388792770e-7
6.30076865881527e-7
6.44895518066218e-7
6.55424537553830e-7
6.56572630363469e-7
6.45096853922603e-7
6.20076595861864e-7
5.82711259266334e-7
5.35687326507458e-7
4.82410180827274e-7
4.26327788858259e-7
3.70462029398822e-7
3.17166282653913e-7
2.68068889041087e-7
2.24140027205024e-7
1.85822128515748e-7
1.53178098666527e-7
1.26028160254330e-7
1.04060264969072e-7
8.69091682098035e-8
7.42056058212755e-8
6.56004450166828e-8
6.07701446480842e-8
5.94100923143994e-8
6.12218693967058e-8
6.58995133782518e-8
7.31185739844953e-8
8.25303368195365e-8
9.37621635581204e-8
1.06423629103759e-7
1.20117165528235e-7
1.34451343640407e-7
1.49054757750681e-7
1.63588675749524e-7
1.77757067945974e-7
1.91313202629838e-7
2.04062570089879e-7
2.15862376847445e-7
2.26618186647791e-7
2.36278462505356e-7
2.44827802968376e-7
2.52279600689233e-7
2.58668722452146e-7
2.64044653222816e-7
2.68465390560307e-7
2.71992237939739e-7
2.74685535573084e-7
2.76601287484292e-7
2.77788592087844e-7
2.78287755666482e-7
2.78128958929817e-7
2.77331351231400e-7
2.75902461056152e-7
2.73837832416736e-7
2.71120823564242e-7
2.67722537232769e-7
2.63601892506954e-7
2.58705901112947e-7
2.52970281284727e-7
2.46320638182394e-7
2.38674570203568e-7
2.29945234056530e-7
2.20047120218898e-7
2.08905038313942e-7
1.96467530471743e-7
1.82725978040386e-7
1.67740259088049e-7
1.51670472835243e-7
1.34811342381266e-7
1.17621002466492e-7
1.00729696513234e-7
8.49099723942360e-8
7.09956087078257e-8
5.97591563113236e-8
5.17926195636573e-8
4.74520875613572e-8
4.68876508143035e-8
5.01017206290670e-8
5.69527057042372e-8
6.70970538183206e-8
7.99497844063685e-8
9.47313113841670e-8
1.10586783101442e-7
1.26714703215859e-7
1.42454771552643e-7
1.57322087191880e-7
1.71000284865308e-7
1.83312924979433e-7
1.94188524217520e-7
2.03628103450740e-7
2.11678929886521e-7
2.18415042312823e-7
2.23923714471510e-7
2.28296565718245e-7
2.31624065038992e-7
2.33992394237247e-7
2.35481888305928e-7
2.36166493312857e-7
2.36113856648309e-7
2.35385792804581e-7
2.34038958451935e-7
2.32125632533789e-7
2.29694538678245e-7
2.26791674393757e-7
2.23461129103874e-7
2.19745884032084e-7
2.15688593633252e-7
2.11332352058110e-7
2.06721450005780e-7
2.01902127842652e-7
1.96923330390518e-7
1.91837467466243e-7
1.86701182084954e-7
1.81576125135863e-7
1.76529731123528e-7
1.71635983857074e-7
1.66976153507784e-7
1.62639476580379e-7
1.58723737643284e-7
1.55335695335793e-7
1.52591274664217e-7
1.50615422264931e-7
1.49541490803560e-7
1.49509983225924e-7
1.50666448212081e-7
1.53158277686503e-7
1.57130120582962e-7
1.62717602979721e-7
1.70039046551987e-7
1.79184924688769e-7
1.90204915165389e-7
2.03092633309724e-7
2.17768497369919e-7
2.34061722252463e-7
2.51693175926951e-7
2.70261742269124e-7
2.89237822503165e-7
3.07968476364766e-7
3.25699121391736e-7
3.41616209754696e-7
3.54913355528482e-7
3.64879557666303e-7
3.71002396573600e-7
3.73072037313325e-7
3.71265205557570e-7
3.66184622040942e-7
3.58831641076149e-7
3.50500084207110e-7
3.42597064261345e-7
3.36418002234040e-7
3.32921019341110e-7
3.32552768067065e-7
3.35168904176617e-7
3.40069137440578e-7
3.46136675850927e-7
3.52045531748222e-7
3.56485449371696e-7
3.58356394741819e-7
3.56899526611098e-7
3.51752254458512e-7
3.42933969883186e-7
3.30781438945290e-7
3.15857311936965e-7
2.98853186904203e-7
