7.10221342153694e-7
2.44396060612693e-8
2.27637840830240e-8
1.76096581469790e-8
1.36073665900966e-8
1.05559948952834e-8
8.35269941637986e-9
6.89575153532650e-9
6.08879002414467e-9
5.84232703322475e-9
6.07460039985946e-9
6.71189347486641e-9
7.68846047877876e-9
8.94617576423694e-9
1.04340055676847e-8
1.21073810995687e-8
1.39275330453903e-8
1.58608306553332e-8
1.78781541401131e-8
1.99543174483412e-8
2.20675496057228e-8
2.41990364773203e-8
2.63325206323613e-8
2.84539545483677e-8
3.05512012073509e-8
3.26137758400235e-8
3.46326228297782e-8
3.65999223699649e-8
3.85089221615345e-8
4.03537901795088e-8
4.21294852162117e-8
4.38316425095979e-8
4.54564722738278e-8
4.70006693703729e-8
4.84613326899175e-8
4.98358930803038e-8
5.11220488694762e-8
5.23177082170887e-8
5.34209376345217e-8
5.44299161805512e-8
5.53428949052268e-8
5.61581612502880e-8
5.68740081875407e-8
5.74887080177076e-8
5.80004908208548e-8
5.84075277244371e-8
5.87079192498219e-8
5.88996891824274e-8
5.89807845792226e-8
5.89490827102246e-8
5.88024059703482e-8
5.85385460208434e-8
5.81552986824141e-8
5.76505113646116e-8
5.70221450888313e-8
5.62683533861419e-8
5.53875805507550e-8
5.43786817995871e-8
5.32410678019233e-8
5.19748757110130e-8
5.05811681072452e-8
4.90621600586154e-8
4.74214726179328e-8
4.56644083798341e-8
4.37982410292174e-8
4.18325060925581e-8
3.97792743798821e-8
3.76533832332883e-8
3.54725942595045e-8
3.32576410082715e-8
3.10321275718796e-8
2.88222416800610e-8
2.66562557672773e-8
2.45638086694997e-8
2.25749894646602e-8
2.07192812415077e-8
1.90244602259684e-8
1.75155747968897e-8
1.62141373492480e-8
1.51376391507481e-8
1.42994409651667e-8
1.37090089529299e-8
1.33723782383268e-8
1.32926653927662e-8
1.34704421575058e-8
1.39038354873131e-8
1.45883189114275e-8
1.55162727213008e-8
1.66764754080580e-8
1.80537179428022e-8
1.96287007281378e-8
2.13782978282503e-8
2.32761838013043e-8
2.52937432950414e-8
2.74011395999178e-8
2.95684091391058e-8
3.17664673086900e-8
3.39679453036550e-8
3.61478158123855e-8
3.82837993016959e-8
4.03565676113686e-8
4.23497767290370e-8
4.42499671642918e-8
4.60463704727762e-8
4.77306565677857e-8
4.92966505029363e-8
5.07400408708169e-8
5.20580957847966e-8
5.32493970764506e-8
5.43135990609455e-8
5.52512149619630e-8
5.60634317644192e-8
5.67519526714521e-8
5.73188653951248e-8
5.77665339426403e-8
5.80975113660260e-8
5.83144709309901e-8
5.84201532972081e-8
5.84173275108616e-8
5.83087638785982e-8
5.80972170501991e-8
5.77854179074421e-8
5.73760731205354e-8
5.68718714478720e-8
5.62754960995505e-8
5.55896426455229e-8
5.48170421601992e-8
5.39604894260078e-8
5.30228761784988e-8
5.20072295068196e-8
5.09167556370049e-8
4.97548894496154e-8
4.85253501864376e-8
4.72322038968394e-8
4.58799332821497e-8
4.44735156666853e-8
4.30185099218551e-8
4.15211532171824e-8
3.99884685440638e-8
3.84283839539714e-8
3.68498644698893e-8
3.52630575557557e-8
3.36794529004866e-8
3.21120570705158e-8
3.05755832303278e-8
2.90866556381049e-8
2.76640279174599e-8
2.63288131063248e-8
2.51047221585529e-8
2.40183057814981e-8
2.30991921572421e-8
2.23803100572608e-8
2.18980830039254e-8
2.16925752717617e-8
2.18075645344732e-8
2.22905086909290e-8
2.31923658014307e-8
2.45672161658814e-8
2.64716246166752e-8
2.89636696447395e-8
3.21015550336970e-8
3.59417109577041e-8
4.05362876124304e-8
4.59299492319645e-8
5.21558950911649e-8
5.92310736935468e-8
6.71506251984677e-8
7.58816944859796e-8
8.53569116599534e-8
9.54680433244884e-8
1.06060573696444e-7
1.16930262074821e-7
1.27823002412391e-7
1.38439511548134e-7
1.48446390154253e-7
1.57494800765611e-7
1.65247249513892e-7
1.71411641783508e-7
1.75779918784371e-7
1.78266382142732e-7
1.78938750885695e-7
1.78033797720125e-7
1.75949917802502e-7
1.73211840088126e-7
1.70407952032899e-7
1.68107502625078e-7
1.66771462160830e-7
1.66674755130364e-7
1.67857058217805e-7
1.70113839983478e-7
1.73030125796730e-7
1.76049404633471e-7
1.78562342263441e-7
1.79996787785623e-7
1.79892446757913e-7
1.77949280599758e-7
1.74045917941889e-7
1.68230881861328e-7
1.60693772578098e-7
1.51725253725975e-7
1.41674168977011e-7
1.30908197256546e-7
1.19782014117352e-7
1.08614632440212e-7
9.76758242174845e-8
8.71803939796195e-8
7.72885264461273e-8
6.81103242008331e-8
5.97128257904860e-8
5.21281122705162e-8
4.53614697288845e-8
3.93989135250394e-8
3.42136645688390e-8
2.97713884489723e-8
2.60341672214099e-8
2.29632804257297e-8
2.05209376633886e-8
1.86711405540630e-8
1.73798658843109e-8
1.66147608616918e-8
1.63445301393759e-8
1.65381757059538e-8
1.71642268560915e-8
1.81900698674008e-8
1.95814571572389e-8
2.13022451819680e-8
2.33143808911492e-8
2.55781299240097e-8
2.80525175046256e-8
3.06959364187416e-8
3.34668661781744e-8
3.63246435989320e-8
3.92302269607235e-8
4.21469026580375e-8
4.50408934094191e-8
4.78818391533109e-8
5.06431343404486e-8
5.33021171209631e-8
5.58401161156105e-8
5.82423684135808e-8
6.04978279459795e-8
6.25988865365339e-8
6.45410309161434e-8
6.63224582922392e-8
6.79436710172380e-8
6.94070680926960e-8
7.07165479264679e-8
7.18771333871441e-8
7.28946269477885e-8
7.37753007747915e-8
7.45256241195255e-8
7.51520283197297e-8
7.56607081263195e-8
7.60574569442122e-8
7.63475327791978e-8
7.65355512829675e-8
7.66254020757478e-8
7.66201846028826e-8
7.65221599617505e-8
7.63327154863032e-8
7.60523392925938e-8
7.56806025303821e-8
7.52161476630397e-8
7.46566818178517e-8
7.39989750476017e-8
7.32388643185790e-8
7.23712652340058e-8
7.13901949452555e-8
7.02888115644843e-8
6.90594776877495e-8
6.76938585660440e-8
6.61830690219729e-8
6.45178876062873e-8
6.26890615149423e-8
6.06877313349722e-8
5.85060100771686e-8
5.61377548850408e-8
5.35795702122838e-8
5.08320742949533e-8
4.79014412284419e-8
4.48011915139637e-8
4.15541365878623e-8
3.81942814938388e-8
3.47683568886020e-8
3.13365080200537e-8
2.79715671179463e-8
2.47563684358131e-8
2.17788461655792e-8
1.91252574571308e-8
1.68727108083686e-8
1.50829010855276e-8
1.37989828919240e-8
1.30464177722934e-8
1.28366683354609e-8
1.31709550347045e-8
1.40413155747094e-8
1.54281897610804e-8
1.72963291946135e-8
1.95920889435743e-8
2.22443400368812e-8
2.51692324675344e-8
2.82773190495474e-8
3.14809607425037e-8
3.47003628156359e-8
3.78674513066725e-8
4.09275726164940e-8
4.38394572084964e-8
4.65740391498392e-8
4.91126755888614e-8
5.14451760672201e-8
5.35679057730627e-8
5.54821059724476e-8
5.71924893081095e-8
5.87061143140851e-8
6.00315145885256e-8
6.11780454919490e-8
6.21554085147726e-8
6.29733160616589e-8
6.36412643640335e-8
6.41683878527157e-8
6.45633737205370e-8
6.48344201245208e-8
6.49892254053919e-8
6.50349988743018e-8
6.49784861910404e-8
6.48260042702823e-8
6.45834820947221e-8
6.42565049085702e-8
6.38503600542666e-8
6.33700833161223e-8
6.28205050528666e-8
6.22062957162767e-8
6.15320105563165e-8
6.08021334835163e-8
6.00211201346645e-8
5.91934402782805e-8
5.83236197119074e-8
5.74162818351958e-8
5.64761890737975e-8
5.55082843169137e-8
5.45177325105810e-8
5.35099624991989e-8
5.24907091714673e-8
5.14660558836395e-8
5.04424770713251e-8
4.94268808394461e-8
4.84266512106729e-8
4.74496895503832e-8
4.65044545054673e-8
4.55999995650231e-8
4.47460070815725e-8
4.39528172674155e-8
4.32314502894524e-8
4.25936191413817e-8
4.20517304317026e-8
4.16188696291751e-8
4.13087666163190e-8
4.11357366400411e-8
4.11145909324388e-8
4.12605104122664e-8
4.15888750368495e-8
4.21150405962728e-8
4.28540541375461e-8
4.38202989111238e-8
4.50270599029199e-8
4.64860019166950e-8
4.82065540655095e-8
5.01951977753693e-8
5.24546604017856e-8
5.49830237168031e-8
5.77727662626053e-8
6.08097711801595e-8
6.40723467613549e-8
6.75303253867981e-8
7.11443269840760e-8
7.48652941975925e-8
7.86344256496513e-8
8.23836474999837e-8
8.60367672392465e-8
8.95114416481406e-8
9.27220570125609e-8
9.55835584966385e-8
9.80161735895122e-8
9.99508524088983e-8
1.01335102200014e-7
1.02138739522521e-7
1.02358944988679e-7
1.02023913127198e-7
1.01194378359210e-7
9.99623977739750e-8
9.84469996719399e-8
9.67866580366399e-8
9.51289919568293e-8
9.36185501667601e-8
9.23839377885487e-8
9.15257847141850e-8
9.11070719618865e-8
9.11470945309183e-8
9.16198722414284e-8
9.24572030480786e-8
9.35559020997502e-8
9.47882083428856e-8
9.60139698480653e-8
9.70930940472129e-8
9.78968685603642e-8
9.83170716772740e-8
9.82722172602271e-8
9.77107273010494e-8
9.66112201471329e-8
9.49803929705496e-8
9.28491430458516e-8
9.02676196848319e-8
8.72998510472016e-8
8.40184796216528e-8
8.04999991277232e-8
7.68207407334143e-8
