1.86864146387229e-6
5.24764479594724e-8
4.82667247641672e-8
3.43798822540862e-8
2.50234605393975e-8
1.92173539845819e-8
1.64016949741198e-8
1.60579985465074e-8
1.77258564293142e-8
2.10046956867930e-8
2.55514947622041e-8
3.10759770181641e-8
3.73345729191993e-8
4.41240617607810e-8
5.12754757819272e-8
5.86485889440720e-8
6.61271242635822e-8
7.36146908803035e-8
8.10313923546598e-8
8.83110160916472e-8
9.53987067874735e-8
1.02249033620981e-7
1.08824373918806e-7
1.15093550616027e-7
1.21030674292807e-7
1.26614151941527e-7
1.31825833558808e-7
1.36650274494689e-7
1.41074096592896e-7
1.45085434994981e-7
1.48673460453079e-7
1.51827969428067e-7
1.54539036428412e-7
1.56796725118950e-7
1.58590856932893e-7
1.59910838243903e-7
1.60745549953528e-7
1.61083306379836e-7
1.60911894007827e-7
1.60218704808087e-7
1.58990983533298e-7
1.57216213574260e-7
1.54882671253344e-7
1.51980183484309e-7
1.48501127394548e-7
1.44441711486961e-7
1.39803573810310e-7
1.34595720119553e-7
1.28836799925586e-7
1.22557675389595e-7
1.15804172086596e-7
1.08639808517576e-7
1.01148184833347e-7
9.34345831700190e-8
8.56262214453097e-8
7.78705602472500e-8
7.03311583241012e-8
6.31808773679230e-8
5.65927830214509e-8
5.07298089090340e-8
4.57349264352179e-8
4.17238425523633e-8
3.87817852922531e-8
3.69646531227484e-8
3.63031121447012e-8
3.68069752080143e-8
3.84672134585284e-8
4.12544027348043e-8
4.51145476619528e-8
4.99648315428701e-8
5.56920503358171e-8
6.21553488229485e-8
6.91931690451293e-8
7.66329420724114e-8
8.43014910671277e-8
9.20343334508367e-8
9.96827335593323e-8
1.07118094898001e-7
1.14233854907332e-7
1.20945374410355e-7
1.27188425587204e-7
1.32916847697232e-7
1.38099831230170e-7
1.42719161865652e-7
1.46766636711592e-7
1.50241770425079e-7
1.53149840565148e-7
1.55500276801876e-7
1.57305372184073e-7
1.58579281456247e-7
1.59337266719753e-7
1.59595151506715e-7
1.59368947889880e-7
1.58674626287719e-7
1.57528003009795e-7
1.55944725853093e-7
1.53940342916061e-7
1.51530444157927e-7
1.48730869027802e-7
1.45557976884984e-7
1.42028979888041e-7
1.38162340688005e-7
1.33978239674456e-7
1.29499118734712e-7
1.24750310540227e-7
1.19760764254793e-7
1.14563880231248e-7
1.09198467658835e-7
1.03709839992526e-7
9.81510632115799e-8
9.25843709632671e-8
8.70827580134326e-8
8.17317582270296e-8
7.66314044836877e-8
7.18983538861629e-8
6.76681403524049e-8
6.40974854128246e-8
6.13665534415272e-8
5.96809753558340e-8
5.92733802446562e-8
6.04040622754255e-8
6.33602660101742e-8
6.84533946594062e-8
7.60132356881240e-8
8.63780696054998e-8
9.98793112935620e-8
1.16819187723708e-7
1.37439982086482e-7
1.61883729350752e-7
1.90142155422863e-7
2.21998393463382e-7
2.56964880746485e-7
2.94226025665526e-7
3.32599591962973e-7
3.70536445494278e-7
4.06182409861092e-7
4.37525153919264e-7
4.62638871477558e-7
4.80016020576689e-7
4.88938177105841e-7
4.89794629435974e-7
4.84225960072251e-7
4.74976450757482e-7
4.65404480990178e-7
4.58719995539781e-7
4.57150050242538e-7
4.61307500471568e-7
4.69996968976976e-7
4.80537706962988e-7
4.89485979016266e-7
4.93499866711764e-7
4.90070433621059e-7
4.77936149958163e-7
4.57138295710175e-7
4.28793062798936e-7
3.94712688338531e-7
3.57004231539095e-7
3.17735054231181e-7
2.78705998254380e-7
2.41334604073753e-7
2.06627922902508e-7
1.75216066141649e-7
1.47418828974262e-7
1.23323644602325e-7
1.02860244749951e-7
8.58637514839380e-8
7.21227355976805e-8
6.14119993401609e-8
5.35117582225019e-8
4.82158713606929e-8
4.53321203221464e-8
4.46774924006295e-8
4.60711314108520e-8
4.93271649156031e-8
5.42490594437248e-8
6.06265458979985e-8
6.82355510405115e-8
7.68410260677495e-8
8.62021331115492e-8
9.60789723995698e-8
1.06239920013901e-7
1.16468685918149e-7
1.26570359666663e-7
1.36375940107632e-7
1.45745096780176e-7
1.54567143228053e-7
1.62760387827036e-7
1.70270152172524e-7
1.77065809802154e-7
1.83137207517510e-7
1.88490801311863e-7
1.93145783829607e-7
1.97130413770493e-7
2.00478690365069e-7
2.03227455179358e-7
2.05413953061594e-7
2.07073845619328e-7
2.08239643813447e-7
2.08939509803226e-7
2.09196370146256e-7
2.09027280957824e-7
2.08442988929525e-7
2.07447638865951e-7
2.06038587777027e-7
2.04206297121364e-7
2.01934288801086e-7
1.99199167669523e-7
1.95970734955569e-7
1.92212245309334e-7
1.87880897790818e-7
1.82928701522570e-7
1.77303923252763e-7
1.70953409133271e-7
1.63826174781526e-7
1.55878764812380e-7
1.47082964478290e-7
1.37436435068294e-7
1.26976618617779e-7
1.15797622423271e-7
1.04068506796156e-7
9.20492929471868e-8
8.00983149283693e-8
6.86624458142944e-8
5.82428202023513e-8
4.93361820561597e-8
4.23662858727387e-8
3.76330030824588e-8
3.53031084273381e-8
3.54382142570453e-8
3.80230613200554e-8
4.29595806690393e-8
5.00333166708872e-8
5.88930169506252e-8
6.90739727886809e-8
8.00590634734074e-8
9.13484410351860e-8
1.02512258113837e-7
1.13216817627656e-7
1.23227597181307e-7
1.32397822144210e-7
1.40650804588517e-7
1.47961614250693e-7
1.54340993057234e-7
1.59822559998584e-7
1.64453302436027e-7
1.68286879740732e-7
1.71379133768996e-7
1.73785235277318e-7
1.75557993522368e-7
1.76746965258847e-7
1.77398096341648e-7
1.77553706954155e-7
1.77252690348392e-7
1.76530837750167e-7
1.75421232340209e-7
1.73954676192270e-7
1.72160128267046e-7
1.70065141104450e-7
1.67696290112362e-7
1.65079593334525e-7
1.62240922086898e-7
1.59206404270338e-7
1.56002822879126e-7
1.52658012437005e-7
1.49201255902480e-7
1.45663684025262e-7
1.42078678330108e-7
1.38482277642279e-7
1.34913586480682e-7
1.31415181454568e-7
1.28033509038354e-7
1.24819264430229e-7
1.21827736616629e-7
1.19119098836615e-7
1.16758616325505e-7
1.14816734080717e-7
1.13368996379823e-7
1.12495736700043e-7
1.12281461601342e-7
1.12813835511427e-7
1.14182156032626e-7
1.16475193125429e-7
1.19778253130383e-7
1.24169324449116e-7
1.29714172145517e-7
1.36460282454487e-7
1.44429626320893e-7
1.53610326824913e-7
1.63947492494784e-7
1.75333728624937e-7
1.87600165846068e-7
2.00509238319918e-7
2.13750866302938e-7
2.26944075748007e-7
2.39646300874936e-7
2.51372497215047e-7
2.61625545786528e-7
2.69938073512398e-7
2.75923666745589e-7
2.79332634927623e-7
2.80104422888883e-7
2.78406266228884e-7
2.74646800687846e-7
2.69455131498404e-7
2.63620930385927e-7
2.57999071848265e-7
2.53391508257972e-7
2.50426841800085e-7
2.49461497454721e-7
2.50523645208832e-7
2.53312187149236e-7
2.57250597019469e-7
2.61583008667598e-7
2.65491457388625e-7
2.68210793595956e-7
2.69121458665740e-7
2.67808052117717e-7
2.64080566207240e-7
2.57962755077775e-7
2.49656835971100e-7
2.39495302938149e-7
2.27889691057346e-7
