2.14741383331060e-6
5.82186591861251e-8
5.34738645484786e-8
3.76090890284347e-8
2.72387229091867e-8
2.11346788117677e-8
1.85874486054261e-8
1.89473002589433e-8
2.16435206607260e-8
2.61848924662029e-8
3.21551453971249e-8
3.92054943211974e-8
4.70459730045141e-8
5.54367120018942e-8
6.41798447514191e-8
7.31123752002060e-8
8.21001016869028e-8
9.10325486700372e-8
9.98187863706701e-8
1.08383994769911e-7
1.16666632783895e-7
1.24616091323987e-7
1.32190731294766e-7
1.39356228923983e-7
1.46084169113537e-7
1.52350841931027e-7
1.58136208301728e-7
1.63423009092413e-7
1.68195997795991e-7
1.72441281660002e-7
1.76145759863331e-7
1.79296650695684e-7
1.81881102907462e-7
1.83885889850395e-7
1.85297188723757e-7
1.86100451608653e-7
1.86280379927866e-7
1.85821019832588e-7
1.84706002668425e-7
1.82918962264773e-7
1.80444168865224e-7
1.77267427669887e-7
1.73377296919192e-7
1.68766684362867e-7
1.63434878646111e-7
1.57390058983880e-7
1.50652296031221e-7
1.43257001032641e-7
1.35258690354836e-7
1.26734801618496e-7
1.17789126326797e-7
1.08554227906061e-7
9.91920359054785e-8
8.98917246364300e-8
8.08641098771609e-8
7.23322487815115e-8
6.45187621124375e-8
5.76315043438897e-8
5.18502209958685e-8
4.73171678688103e-8
4.41337830888446e-8
4.23633673469766e-8
4.20371656579979e-8
4.31597157701933e-8
4.57100021457386e-8
4.96376812989389e-8
5.48568322910193e-8
6.12413934319036e-8
6.86257971936162e-8
7.68119878048400e-8
8.55815005625950e-8
9.47098019389709e-8
1.03979960435213e-7
1.13193542675466e-7
1.22177775843374e-7
1.30789002457873e-7
1.38913065830721e-7
1.46463508877557e-7
1.53378452639033e-7
1.59616866587613e-7
1.65154744700137e-7
1.69981515476726e-7
1.74096865586776e-7
1.77508050819828e-7
1.80227699510878e-7
1.82272074183158e-7
1.83659738079796e-7
1.84410567388710e-7
1.84545051960442e-7
1.84083833466784e-7
1.83047437890917e-7
1.81456167577479e-7
1.79330126010996e-7
1.76689355733448e-7
1.73554076196221e-7
1.69945013941782e-7
1.65883822408603e-7
1.61393592999811e-7
1.56499462942604e-7
1.51229328996866e-7
1.45614679353407e-7
1.39691559067622e-7
1.33501687051455e-7
1.27093744954758e-7
1.20524859823204e-7
1.13862302986499e-7
1.07185426447224e-7
1.00587854318448e-7
9.41799392324273e-8
8.80914803010137e-8
8.24746776099502e-8
7.75072649790006e-8
7.33957133010736e-8
7.03783253887712e-8
6.87279429421990e-8
6.87538487170601e-8
7.08022639134647e-8
7.52546050730582e-8
8.25223743048022e-8
9.30372201788133e-8
1.07234353753389e-7
1.25527200583410e-7
1.48271037757750e-7
1.75713610280837e-7
2.07931654828039e-7
2.44754304865523e-7
2.85678001520782e-7
3.29783204237136e-7
3.75670903830754e-7
4.21445769268702e-7
4.64780122529232e-7
5.03093954021942e-7
5.33873869252541e-7
5.55121196563283e-7
5.65864539291504e-7
5.66605360825134e-7
5.59515382906561e-7
5.48213966343812e-7
5.37056392878720e-7
5.30051492247176e-7
5.29725568211601e-7
5.36343095786460e-7
5.47798938629736e-7
5.60234820038758e-7
5.69138579308407e-7
5.70516630991541e-7
5.61761554671218e-7
5.42018396264759e-7
5.12066785538798e-7
4.73880672487083e-7
4.30068698941816e-7
3.83359626782289e-7
3.36224993689412e-7
2.90663371520859e-7
2.48125724262099e-7
2.09541240989814e-7
1.75400991813567e-7
1.45864451963532e-7
1.20864802823039e-7
1.00199087132667e-7
8.35971387090065e-8
7.07684842571725e-8
6.14295434547596e-8
5.53150310400809e-8
5.21780242982046e-8
5.17830849588940e-8
5.38963565783982e-8
5.82758392045558e-8
6.46641675842304e-8
7.27852731224566e-8
8.23453862546337e-8
9.30380312476176e-8
1.04552063106405e-7
1.16581447716368e-7
1.28835399717640e-7
1.41047632499353e-7
1.52983774099092e-7
1.64446380567318e-7
1.75277358163870e-7
1.85357929103537e-7
1.94606508560860e-7
2.02974993451922e-7
2.10444004908961e-7
2.17017596533977e-7
2.22717864013129e-7
2.27579791687141e-7
2.31646567077631e-7
2.34965498259636e-7
2.37584588935745e-7
2.39549764950514e-7
2.40902703749481e-7
2.41679192591895e-7
2.41907929126845e-7
2.41609676111116e-7
2.40796687748887e-7
2.39472336092671e-7
2.37630881120503e-7
2.35257346646456e-7
2.32327487015429e-7
2.28807857727116e-7
2.24656039594330e-7
2.19821114325824e-7
2.14244554758642e-7
2.07861780817656e-7
2.00604748043069e-7
1.92406080295729e-7
1.83205422390898e-7
1.72958837302063e-7
1.61652123781486e-7
1.49318719274354e-7
1.36062101121000e-7
1.22080921768617e-7
1.07692175412464e-7
9.33436745565221e-8
7.96036045313844e-8
6.71158029171030e-8
5.65199525502083e-8
4.83572367993284e-8
4.30020126174986e-8
4.06533492224270e-8
4.13755229034576e-8
4.51309914449535e-8
5.17622778422284e-8
6.09451936669091e-8
7.21754258298668e-8
8.48200731629070e-8
9.82110058048105e-8
1.11735259320722e-7
1.24892916320778e-7
1.37317503220092e-7
1.48768827744773e-7
1.59111459908262e-7
1.68289116217581e-7
1.76300888440525e-7
1.83181834896164e-7
1.88988386383431e-7
1.93788027119751e-7
1.97652377419309e-7
2.00652805350106e-7
2.02857830654219e-7
2.04331751730852e-7
2.05134079746537e-7
2.05319487528221e-7
2.04938074075594e-7
2.04035812639550e-7
2.02655097332965e-7
2.00835335300633e-7
1.98613553052802e-7
1.96024999687253e-7
1.93103738918265e-7
1.89883227544345e-7
1.86396881450240e-7
1.82678632182337e-7
1.78763477975605e-7
1.74688033231058e-7
1.70491079959115e-7
1.66214123689710e-7
1.61901954799492e-7
1.57603214042786e-7
1.53370958181373e-7
1.49263217726119e-7
1.45343533817026e-7
1.41681454676682e-7
1.38352963748626e-7
1.35440800941984e-7
1.33034625130746e-7
1.31230949709458e-7
1.30132763411253e-7
1.29848725779661e-7
1.30491801212606e-7
1.32177168805193e-7
1.35019219943945e-7
1.39127436465317e-7
1.44600936338091e-7
1.51521491969556e-7
1.59944883037185e-7
1.69890560076461e-7
1.81329789128226e-7
1.94172744157416e-7
2.08255429958611e-7
2.23327855511820e-7
2.39045507276089e-7
2.54966814712869e-7
2.70559807255244e-7
2.85221301666554e-7
2.98311427333813e-7
3.09204769785299e-7
3.17356653920578e-7
3.22379123489070e-7
3.24116488461602e-7
3.22705996442315e-7
3.18606880615540e-7
3.12582563144434e-7
3.05627408322560e-7
2.98840917800995e-7
2.93266339449360e-7
2.89723115201342e-7
2.88668612223779e-7
2.90120836576978e-7
2.93660343344121e-7
2.98510214106841e-7
3.03674116164066e-7
3.08100197203050e-7
3.10836214680187e-7
3.11148281198254e-7
3.08588269968441e-7
3.03008505003401e-7
2.94532970670077e-7
2.83499999372024e-7
2.70392307531320e-7
2.55767707202257e-7
2.40199588132231e-7
