7.51593993826434e-6
1.36023591969703e-7
1.25535296321279e-7
8.27199313681942e-8
6.91216942507381e-8
7.58893437086763e-8
9.75860989283521e-8
1.29818110378257e-7
1.69144575998528e-7
2.12909517614808e-7
2.59077788343065e-7
3.06094624718649e-7
3.52773319428835e-7
3.98208485186586e-7
4.41709846606812e-7
4.82751471879103e-7
5.20932314555017e-7
5.55945048654419e-7
5.87551106250325e-7
6.15560493292705e-7
6.39815408095886e-7
6.60176988019977e-7
6.76514726879640e-7
6.88698286258785e-7
6.96591601055206e-7
7.00049377482777e-7
6.98916318568981e-7
6.93029702151743e-7
6.82226286790573e-7
6.66354922642676e-7
6.45296653858264e-7
6.18994404949737e-7
5.87494316843301e-7
5.51000028881771e-7
5.09939056210683e-7
4.65036092096239e-7
4.17380973259691e-7
3.68469702625188e-7
3.20188562532961e-7
2.74711451529625e-7
2.34299629191720e-7
2.01036214268203e-7
1.76579194703938e-7
1.62032065617189e-7
1.57968406366572e-7
1.64532044218010e-7
1.81478045495936e-7
2.08100838533880e-7
2.43137768825412e-7
2.84783421007457e-7
3.30863615210700e-7
3.79104400977899e-7
4.27390397949021e-7
4.73940144616269e-7
5.17381139286777e-7
5.56744762586181e-7
5.91413500841454e-7
6.21048915330459e-7
6.45519191837724e-7
6.64836080269527e-7
6.79104750129935e-7
6.88486512149700e-7
6.93172723906925e-7
6.93367725380663e-7
6.89278769763680e-7
6.81111278244680e-7
6.69068169792582e-7
6.53352414133360e-7
6.34172299286035e-7
6.11749192526937e-7
5.86327815033211e-7
5.58189257191069e-7
5.27667143730564e-7
4.95167519779035e-7
4.61193167427489e-7
4.26373162018043e-7
3.91498504328453e-7
3.57564556399767e-7
3.25820658394222e-7
2.97826537904185e-7
2.75513671007120e-7
2.61247211774798e-7
2.57879903076177e-7
2.68782776156887e-7
2.97827619936056e-7
3.49282564325667e-7
4.27565082461298e-7
5.36779265855205e-7
6.79954778801966e-7
8.57921481457765e-7
1.06782811482527e-6
1.30148997538994e-6
1.54406655925234e-6
1.77399801835545e-6
1.96546764108564e-6
2.09442591775577e-6
2.14775337235690e-6
2.13226378941528e-6
2.07738820900670e-6
2.02595130790278e-6
2.01415330735220e-6
2.05153970812041e-6
2.11494231349827e-6
2.16126658912487e-6
2.14992491937139e-6
2.06020526838368e-6
1.89551950601899e-6
1.67664806684450e-6
1.43105228939843e-6
1.18409790195590e-6
9.54449974504363e-7
7.53166366730389e-7
5.84974046827675e-7
4.50318108547043e-7
3.47292264785433e-7
2.73054038675514e-7
2.24653829258472e-7
1.99374351101972e-7
1.94739429281112e-7
2.08355377499791e-7
2.37721925100429e-7
2.80107275325821e-7
3.32532955402960e-7
3.91868186645944e-7
4.54999723671193e-7
5.19027251346862e-7
5.81436519873055e-7
6.40217157780328e-7
6.93911735893631e-7
7.41600186685913e-7
7.82835060441164e-7
8.17547501960916e-7
8.45942696196081e-7
8.68399196897810e-7
8.85381196309434e-7
8.97367906969796e-7
9.04800541882231e-7
9.08045050938436e-7
9.07367620725347e-7
9.02919668630059e-7
8.94729368793240e-7
8.82697429774738e-7
8.66595808863925e-7
8.46069331490937e-7
8.20641962063994e-7
7.89732072514276e-7
7.52684941117259e-7
7.08836349572739e-7
6.57628490002984e-7
5.98806515418640e-7
5.32724081061543e-7
4.60762341311168e-7
3.85790009062725e-7
3.12439996962928e-7
2.46813336946021e-7
1.95310735657558e-7
1.62970000134021e-7
1.52506932026740e-7
1.64630400316409e-7
1.98334249031072e-7
2.50279403743358e-7
3.14704468792348e-7
3.84827898030817e-7
4.54623198990906e-7
5.19788685622966e-7
5.77819070538305e-7
6.27614105650087e-7
6.68998168311590e-7
7.02324791125725e-7
7.28204926421701e-7
7.47340721787179e-7
7.60433559352052e-7
7.68139149134610e-7
7.71050350842571e-7
7.69695342975933e-7
7.64543716258377e-7
7.56016273012009e-7
7.44496267284014e-7
7.30340963180558e-7
7.13893033879143e-7
6.95491673209027e-7
6.75483468275777e-7
6.54233156570782e-7
6.32134402931507e-7
6.09620698811541e-7
5.87176412465733e-7
5.65347898334496e-7
5.44754392358874e-7
5.26098154381098e-7
5.10172938509864e-7
4.97869339386200e-7
4.90174836298332e-7
4.88165404465313e-7
4.92984378204903e-7
5.05802895363215e-7
5.27754919837795e-7
5.59838954643417e-7
6.02778911439501e-7
6.56839485733552e-7
7.21598652820131e-7
7.95693759033185e-7
8.76579927938255e-7
9.60369751481435e-7
1.04185597330086e-6
1.11483981540821e-6
1.17287180215001e-6
1.21042855733535e-6
1.22437899399151e-6
1.21536079258510e-6
1.18849083940661e-6
1.15283391709189e-6
1.11939240611404e-6
1.09802393444897e-6
1.09434670783904e-6
1.10791186131721e-6
1.13245409714359e-6
1.15808303831088e-6
1.17441901792867e-6
1.17340739197830e-6
1.15092495083483e-6
1.10697360904390e-6
1.04481750280529e-6
