5.00801760904243e-6
1.05221226572917e-7
9.64628235888354e-8
6.36453534941663e-8
4.80965051031326e-8
4.50813130264021e-8
5.17294795172202e-8
6.56135269242405e-8
8.47547367010394e-8
1.07568225190621e-7
1.32798456586950e-7
1.59456779806261e-7
1.86766798337912e-7
2.14119355182331e-7
2.41036657751973e-7
2.67144102559999e-7
2.92148168756100e-7
3.15818933754379e-7
3.37976070811427e-7
3.58477487310702e-7
3.77210003414214e-7
3.94081646767305e-7
4.09015261520043e-7
4.21943215060190e-7
4.32803048305514e-7
4.41533966175655e-7
4.48074112518427e-7
4.52358623946606e-7
4.54318514577982e-7
4.53880512188544e-7
4.50968048812162e-7
4.45503706560772e-7
4.37413530490677e-7
4.26633735816266e-7
4.13120435216519e-7
3.96863050944320e-7
3.77901980616416e-7
3.56350736015735e-7
3.32422006381820e-7
3.06455727200388e-7
2.78945149896784e-7
2.50554261583119e-7
2.22117433652263e-7
1.94611509263910e-7
1.69094084912807e-7
1.46611484089969e-7
1.28094672883388e-7
1.14273871665055e-7
1.05640839717171e-7
1.02464631536329e-7
1.04832975273601e-7
1.12675217384549e-7
1.25743366394530e-7
1.43569974277458e-7
1.65447011000065e-7
1.90457674712899e-7
2.17559020957930e-7
2.45687147602106e-7
2.73852662149691e-7
3.01206279801098e-7
3.27069858020683e-7
3.50938736203655e-7
3.72465296680435e-7
3.91433175529834e-7
4.07729075437112e-7
4.21316410606710e-7
4.32212845541339e-7
4.40472354346736e-7
4.46171616003837e-7
4.49400185989419e-7
4.50253775466949e-7
4.48830002584259e-7
4.45226077810542e-7
4.39538002144688e-7
4.31860970960914e-7
4.22290778051452e-7
4.10926101641093e-7
3.97871628352200e-7
3.83242034574296e-7
3.67166900212805e-7
3.49796679449730e-7
3.31309897899733e-7
3.11921784916477e-7
2.91894580942333e-7
2.71549776710218e-7
2.51282532720118e-7
2.31578475627852e-7
2.13032944121058e-7
1.96372516525802e-7
1.82478230639814e-7
1.72409210106825e-7
1.67424314250372e-7
1.68997767795139e-7
1.78822318723252e-7
1.98790151857118e-7
2.30937510168402e-7
2.77334035509912e-7
3.39893239879316e-7
4.20078587654934e-7
5.18484883810073e-7
6.34294386837204e-7
7.64651329479752e-7
9.04076901033828e-7
1.04415915263722e-6
1.17387110100991e-6
1.28091701853435e-6
1.35434395275518e-6
1.38813934667151e-6
1.38467896011521e-6
1.35608891402003e-6
1.32165720772379e-6
1.30107184579554e-6
1.30603147374114e-6
1.33468076694903e-6
1.37228693173439e-6
1.39783816064111e-6
1.39270261213538e-6
1.34688557268232e-6
1.26069754368012e-6
1.14250745842685e-6
1.00474294449320e-6
8.60143372810803e-7
7.19310750360909e-7
5.89690324249561e-7
4.75612170032389e-7
3.78906300924980e-7
2.99694989219252e-7
2.37117839625161e-7
1.89877809379190e-7
1.56585201743601e-7
1.35925393153832e-7
1.26697038417253e-7
1.27771970624569e-7
1.38023287914231e-7
1.56258211639528e-7
1.81179563539234e-7
2.11386155929686e-7
2.45410159789292e-7
2.81780584793976e-7
3.19097575221714e-7
3.56102320663981e-7
3.91730916646242e-7
4.25145781541055e-7
4.55743542155543e-7
4.83142426443207e-7
5.07154606168889e-7
5.27749665468069e-7
5.45014847554679e-7
5.59116487244364e-7
5.70265551996980e-7
5.78688826952804e-7
5.84606173158154e-7
5.88213520882494e-7
5.89670809069722e-7
5.89093886362392e-7
5.86549378490372e-7
5.82051641136429e-7
5.75561116162035e-7
5.66983675250825e-7
5.56170877569226e-7
5.42921524018587e-7
5.26985527766426e-7
5.08072038036046e-7
4.85865068792975e-7
4.60051680051413e-7
4.30369940667321e-7
3.96685843536776e-7
3.59108213862996e-7
3.18144390549861e-7
2.74880216217663e-7
2.31128851211293e-7
1.89440023205140e-7
1.52838620487143e-7
1.24260485685668e-7
1.05914367653149e-7
9.89902835503581e-8
1.03835056500135e-7
1.20124048656343e-7
1.46653201784133e-7
1.81139391547877e-7
2.20534126742870e-7
2.61708638881839e-7
3.02043648967361e-7
3.39688180210052e-7
3.73537578337547e-7
4.03074593864541e-7
4.28184728666969e-7
4.48999866914921e-7
4.65784817398704e-7
4.78862860815087e-7
4.88570754037285e-7
4.95233845397636e-7
4.99154027665385e-7
5.00605459422321e-7
4.99834750827194e-7
4.97063562424631e-7
4.92492396624199e-7
4.86304889301549e-7
4.78672233561792e-7
4.69757561663654e-7
4.59720223357032e-7
4.48719960889399e-7
4.36921011975925e-7
4.24496183700498e-7
4.11630938926143e-7
3.98527525069725e-7
3.85409153560772e-7
3.72524205289732e-7
3.60150389683153e-7
3.48598717874684e-7
3.38217057198585e-7
3.29392907098800e-7
3.22554866398764e-7
3.18172040025202e-7
3.16750353665552e-7
3.18824408710032e-7
3.24943134009779e-7
3.35647119877705e-7
3.51435244454910e-7
3.72718183695746e-7
3.99756890792182e-7
4.32585509269244e-7
4.70920918241601e-7
5.14065691008227e-7
5.60817987084674e-7
6.09410527709593e-7
6.57509898563668e-7
7.02313720800744e-7
7.40781270891759e-7
7.70015931186337e-7
7.87779618979107e-7
7.93060679856081e-7
7.86551098467128e-7
7.70845836259710e-7
7.50195525290289e-7
7.29750703554085e-7
7.14417760910089e-7
7.07634655549790e-7
7.10466453355707e-7
7.21343553849177e-7
7.36534532029970e-7
7.51170018419027e-7
7.60451408757228e-7
7.60666257149066e-7
7.49768360871832e-7
7.27473140005943e-7
6.94974309661886e-7
6.54458872357443e-7
