3.16437393837862e-6
7.70343461995982e-8
7.05698014185331e-8
4.79757257211617e-8
3.47275506510817e-8
2.85336743971007e-8
2.80350435395136e-8
3.20286502607914e-8
3.94915562279904e-8
4.95708220973611e-8
6.15651769066138e-8
7.49033891667153e-8
8.91227455554181e-8
1.03849521640988e-7
1.18782233594609e-7
1.33677768088601e-7
1.48340118491468e-7
1.62611309213806e-7
1.76364076361751e-7
1.89495924387302e-7
2.01924251903853e-7
2.13582311805865e-7
2.24415831111419e-7
2.34380162310776e-7
2.43437871875299e-7
2.51556695950261e-7
2.58707811024305e-7
2.64864381100833e-7
2.70000354553991e-7
2.74089494879984e-7
2.77104641044853e-7
2.79017206015282e-7
2.79796936994186e-7
2.79411978496116e-7
2.77829300219564e-7
2.75015575611322e-7
2.70938623717839e-7
2.65569554326669e-7
2.58885780690023e-7
2.50875077827702e-7
2.41540854961013e-7
2.30908758770459e-7
2.19034602321794e-7
2.06013388684249e-7
1.91988834638526e-7
1.77162282518472e-7
1.61799252473921e-7
1.46231268848383e-7
1.30850278904031e-7
1.16093409370230e-7
1.02417443598967e-7
9.02654054895327e-8
8.00313443684969e-8
7.20320286877448e-8
6.64933647832631e-8
6.35537111537505e-8
6.32778843896412e-8
6.56698877773255e-8
7.06742201953862e-8
7.81647137194236e-8
8.79297716930002e-8
9.96664141873319e-8
1.12990889081416e-7
1.27465102315134e-7
1.42631581139894e-7
1.58047953181558e-7
1.73314174355156e-7
1.88089507962294e-7
2.02099507914577e-7
2.15135137821103e-7
2.27046740929631e-7
2.37735329253308e-7
2.47143052388071e-7
2.55244052679111e-7
2.62036369566774e-7
2.67535167433784e-7
2.71767316363002e-7
2.74767220287875e-7
2.76573726975678e-7
2.77227940404737e-7
2.76771767634371e-7
2.75247055918954e-7
2.72695203502088e-7
2.69157154876290e-7
2.64673716351574e-7
2.59286149733643e-7
2.53037020983146e-7
2.45971297148402e-7
2.38137699277590e-7
2.29590331824700e-7
2.20390620679547e-7
2.10609602579334e-7
2.00330618217783e-7
1.89652469518233e-7
1.78693107382115e-7
1.67593918260385e-7
1.56524673654352e-7
1.45689192283287e-7
1.35331734530065e-7
1.25744094546006e-7
1.17273265419394e-7
1.10329410860432e-7
1.05393661450329e-7
1.03024937127917e-7
1.03864547566613e-7
1.08636703743725e-7
1.18142259154287e-7
1.33241983756596e-7
1.54824510945583e-7
1.83752953519943e-7
2.20783423621950e-7
2.66448994364371e-7
3.20905129816698e-7
3.83738915548272e-7
4.53756527386508e-7
5.28782948686505e-7
6.05534751836653e-7
6.79655857611527e-7
7.46024326240378e-7
7.99421702736131e-7
8.35575474964524e-7
8.52421833132352e-7
8.51216981687934e-7
8.36954026867908e-7
8.17585940783346e-7
8.01942478009104e-7
7.96886953056102e-7
8.04833427175515e-7
8.22783210848531e-7
8.43380013205918e-7
8.57487885577087e-7
8.57110623505719e-7
8.37492925842062e-7
7.97835585038318e-7
7.40753605358076e-7
6.71022423625193e-7
5.94202980195351e-7
5.15545826356592e-7
4.39330388316703e-7
3.68613548584815e-7
3.05272916410216e-7
2.50214730985377e-7
2.03640435367305e-7
1.65302222293122e-7
1.34710859289615e-7
1.11283121973964e-7
9.44310499638835e-8
8.36030753457562e-8
7.82902335592813e-8
7.80109905032415e-8
8.22868704525673e-8
9.06187088049714e-8
1.02470395636150e-7
1.17263781890808e-7
1.34385379298465e-7
1.53202987566648e-7
1.73088731010795e-7
1.93444313785465e-7
2.13724537952736e-7
2.33456033303723e-7
2.52249396835374e-7
2.69804214619708e-7
2.85907498760064e-7
3.00426787409592e-7
3.13299502588857e-7
3.24520191815414e-7
3.34127088167875e-7
3.42189109116972e-7
3.48794062436328e-7
3.54038497974786e-7
3.58019371804126e-7
3.60827487359757e-7
3.62542545572764e-7
3.63229562683519e-7
3.62936387721129e-7
3.61692058692065e-7
3.59505767124523e-7
3.56366247947771e-7
3.52241472512553e-7
3.47078598617955e-7
3.40804228053625e-7
3.33325150541050e-7
3.24529929173506e-7
3.14291927607800e-7
3.02474716165297e-7
2.88941236825525e-7
2.73568636382042e-7
2.56271185277279e-7
2.37033891401724e-7
2.15958654605027e-7
1.93321956039688e-7
1.69636605096708e-7
1.45699018257233e-7
1.22590292396865e-7
1.01594270385575e-7
8.40180941817996e-8
7.09623941460923e-8
6.31551187157912e-8
6.09435777631410e-8
6.43939030815316e-8
7.33297287059000e-8
8.72439482691268e-8
1.05219554791857e-7
1.26008163673747e-7
1.48247413776519e-7
1.70689355822056e-7
1.92343845290185e-7
2.12520834595615e-7
2.30803022984563e-7
2.46987443725696e-7
2.61022847367365e-7
2.72956125546757e-7
2.82891756408044e-7
2.90963542288624e-7
2.97316183908255e-7
3.02094034226406e-7
3.05434783118599e-7
3.07466375169163e-7
3.08305962738572e-7
3.08060087446783e-7
3.06825565989418e-7
3.04690751107496e-7
3.01736968519142e-7
2.98040015052778e-7
2.93671656890667e-7
2.88701100147387e-7
2.83196426036190e-7
2.77225994346981e-7
2.70859824916346e-7
2.64170968965877e-7
2.57236881804584e-7
2.50140805918861e-7
2.42973168947347e-7
2.35832994402032e-7
2.28829313593684e-7
2.22082554445158e-7
2.15725865617888e-7
2.09906311386016e-7
2.04785842486647e-7
2.00541909027951e-7
1.97367531839163e-7
1.95470587111707e-7
1.95071985405931e-7
1.96402341807479e-7
1.99696644141735e-7
2.05186341496657e-7
2.13088215159720e-7
2.23589390029347e-7
2.36827944316870e-7
2.52868845392155e-7
2.71675464415940e-7
2.93077795855482e-7
3.16739810947942e-7
3.42130131147538e-7
3.68502316229882e-7
3.94893198531275e-7
4.20149216048400e-7
4.42990588492596e-7
4.62120145160473e-7
4.76376417376393e-7
4.84918763453435e-7
4.87417013963174e-7
4.84203182662335e-7
4.76334560273157e-7
4.65523371662162e-7
4.53912965901695e-7
4.43722113270887e-7
4.36825796843122e-7
4.34374192579868e-7
4.36553653917447e-7
4.42558180448274e-7
4.50777988220514e-7
4.59147663837915e-7
4.65555309477176e-7
4.68209577491267e-7
4.65889847877476e-7
4.58049671815260e-7
4.44786074958579e-7
4.26714614009365e-7
4.04798783365554e-7
