2.79353264129663e-6
7.05131841407924e-8
6.46349811241293e-8
4.44049104191627e-8
3.20624385782615e-8
2.57306839145089e-8
2.43049580207459e-8
2.67962441549715e-8
3.23544495599227e-8
4.02633023209098e-8
4.99280518863109e-8
6.08597867292550e-8
7.26591452484206e-8
8.50010759838161e-8
9.76214551741255e-8
1.10305797949214e-7
1.22879964113479e-7
1.35202599416249e-7
1.47159006642087e-7
1.58656157396914e-7
1.69618599779456e-7
1.79985067864694e-7
1.89705645182365e-7
1.98739371895671e-7
2.07052214023004e-7
2.14615333840219e-7
2.21403615876299e-7
2.27394414124896e-7
2.32566495044642e-7
2.36899158655948e-7
2.40371527456337e-7
2.42962000709933e-7
2.44647880376014e-7
2.45405185085771e-7
2.45208680399675e-7
2.44032167569609e-7
2.41849089036306e-7
2.38633526779572e-7
2.34361688307527e-7
2.29013992218230e-7
2.22577876764528e-7
2.15051453502737e-7
2.06448102870570e-7
1.96802043324268e-7
1.86174780017185e-7
1.74662130203438e-7
1.62401214245371e-7
1.49576398550242e-7
1.36422733226959e-7
1.23225075879876e-7
1.10311067617891e-7
9.80367354528736e-8
8.67649880451952e-8
7.68395861012163e-8
6.85596243493321e-8
6.21607969753688e-8
5.78082486539992e-8
5.56012791557977e-8
5.55844575068438e-8
5.77564757465050e-8
6.20701626474886e-8
6.84236462266288e-8
7.66492621196380e-8
8.65089484764887e-8
9.77016135600404e-8
1.09882156313873e-7
1.22687223626703e-7
1.35761340285842e-7
1.48778356085812e-7
1.61455674695085e-7
1.73561067300601e-7
1.84913355866371e-7
1.95378833193758e-7
2.04865237701830e-7
2.13314734254821e-7
2.20696902346698e-7
2.27002329793143e-7
2.32237103972865e-7
2.36418286952701e-7
2.39570337962077e-7
2.41722383630699e-7
2.42906212672694e-7
2.43154871296607e-7
2.42501747693021e-7
2.40980051494906e-7
2.38622613029817e-7
2.35461945304689e-7
2.31530528069810e-7
2.26861287656460e-7
2.21488258790036e-7
2.15447425371802e-7
2.08777746818137e-7
2.01522385074383e-7
1.93730155206401e-7
1.85457229626067e-7
1.76769132463770e-7
1.67743066105074e-7
1.58470616010936e-7
1.49060881571243e-7
1.39644078541439e-7
1.30375650162689e-7
1.21440906080672e-7
1.13060175677189e-7
1.05494408603979e-7
9.90510706253265e-8
9.40900547524362e-8
9.10291398687582e-8
9.03482618423999e-8
9.25914935910605e-8
9.83651400871886e-8
1.08329730385461e-7
1.23182944177693e-7
1.43629707766867e-7
1.70334988130994e-7
2.03854509711284e-7
2.44539249217833e-7
2.92411957403784e-7
3.47019246241295e-7
4.07272236595641e-7
4.71303265960975e-7
5.36385073843065e-7
5.98978228457015e-7
6.54982838456702e-7
7.00255859136494e-7
7.31396560186380e-7
7.46689555037246e-7
7.46945685018276e-7
7.35862253486747e-7
7.19542192285406e-7
7.05054172022992e-7
6.98351356715554e-7
7.02287703155883e-7
7.15581024186277e-7
7.33214960784391e-7
7.48110409372121e-7
7.53331196597747e-7
7.43948986935532e-7
7.17994716258009e-7
6.76410787888628e-7
6.22297363035502e-7
5.59881120502066e-7
4.93563609447369e-7
4.27244739177736e-7
3.63965021788261e-7
3.05814531265502e-7
2.54019218448407e-7
2.09117494534404e-7
1.71160898788809e-7
1.39897355133102e-7
1.14916388904847e-7
9.57503496113740e-8
8.19346036642762e-8
7.30342738128775e-8
6.86468831799266e-8
6.83903147680926e-8
7.18845138489666e-8
7.87337386660850e-8
8.85141602482117e-8
1.00769452223176e-7
1.15014942493224e-7
1.30749169018206e-7
1.47470491383671e-7
1.64695856770268e-7
1.81978877518061e-7
1.98924912027821e-7
2.15201651158770e-7
2.30544590188484e-7
2.44757542088065e-7
2.57708916641052e-7
2.69324815549819e-7
2.79580094402798e-7
2.88488469945993e-7
2.96092569175334e-7
3.02454584895880e-7
3.07647967214388e-7
3.11750372278772e-7
3.14837924093754e-7
3.16980726520115e-7
3.18239487308957e-7
3.18663077114971e-7
3.18286835363219e-7
3.17131444074646e-7
3.15202214077571e-7
3.12488661566208e-7
3.08964295488392e-7
3.04586588660817e-7
2.99297172081985e-7
2.93022379667140e-7
2.85674390018911e-7
2.77153376378100e-7
2.67351300299346e-7
2.56158278774747e-7
2.43472809846818e-7
2.29217500714095e-7
2.13362142722753e-7
1.95955664268931e-7
1.77167016780683e-7
1.57331463648370e-7
1.36992186266540e-7
1.16918123530604e-7
9.80719849487555e-8
8.15080083039479e-8
6.82095789260573e-8
5.89273594790792e-8
5.41045233424549e-8
5.39185891532803e-8
5.83556777851465e-8
6.72037429150783e-8
7.99714831631752e-8
9.58538203388239e-8
1.13822226956580e-7
1.32797647181298e-7
1.51813205760006e-7
1.70109405660084e-7
1.87157874255364e-7
2.02637744022826e-7
2.16391361387389e-7
2.28377574392740e-7
2.38631650866645e-7
2.47234622236599e-7
2.54291603514885e-7
2.59917397998664e-7
2.64227507251898e-7
2.67332920677681e-7
2.69337432222624e-7
2.70336582698141e-7
2.70417608068272e-7
2.69659982652879e-7
2.68136293037021e-7
2.65913278407772e-7
2.63052939339972e-7
2.59613660046318e-7
2.55651316489955e-7
2.51220359660349e-7
2.46374873466009e-7
2.41169612327630e-7
2.35661026278940e-7
2.29908282004091e-7
2.23974287413686e-7
2.17926725145401e-7
2.11839096900512e-7
2.05791775488673e-7
1.99873054595701e-7
1.94180176995962e-7
1.88820309576797e-7
1.83911417291857e-7
1.79582966983308e-7
1.75976364892827e-7
1.73244997565068e-7
1.71553703921147e-7
1.71077456400229e-7
1.71998972187799e-7
1.74504914856901e-7
1.78780288677859e-7
1.85000584076937e-7
1.93321222120945e-7
2.03863896920931e-7
2.16699567326211e-7
2.31828154500831e-7
2.49155519013403e-7
2.68469075889020e-7
2.89414489970559e-7
3.11477246828018e-7
3.33974373267631e-7
3.56062869176456e-7
3.76771970566702e-7
3.95065438350372e-7
4.09936812013600e-7
4.20534342816757e-7
4.26303192340489e-7
4.27121805480024e-7
4.23400178997295e-7
4.16104495341049e-7
4.06679789167173e-7
3.96862148643779e-7
3.88401741936081e-7
3.82749143695554e-7
3.80777732474476e-7
3.82613671327006e-7
3.87619239877421e-7
3.94532841639300e-7
4.01725569189932e-7
4.07505899067302e-7
4.10399722566116e-7
4.09350658154083e-7
4.03815434495897e-7
3.93758868641064e-7
3.79573664742082e-7
3.61958714750820e-7
3.41787534290830e-7
