4.48943594303529e-6
9.78927233264602e-8
8.96818228702387e-8
5.94856605139098e-8
4.42346488303366e-8
3.99390949449387e-8
4.41911694997416e-8
5.49311537120437e-8
7.04625490049936e-8
8.94131799673965e-8
1.10686275699614e-7
1.33411192463707e-7
1.56899109382143e-7
1.80605752418171e-7
2.04101227427994e-7
2.27046083018784e-7
2.49172420646261e-7
2.70268919955968e-7
2.90168843362069e-7
3.08740305868347e-7
3.25878289411409e-7
3.41498029296568e-7
3.55529506664701e-7
3.67912855103114e-7
3.78594542361513e-7
3.87524228343870e-7
3.94652235204057e-7
3.99927598986696e-7
4.03296708911713e-7
4.04702582615420e-7
4.04084876069622e-7
4.01380787265554e-7
3.96527083547388e-7
3.89463562141269e-7
3.80138335076764e-7
3.68515398218304e-7
3.54584969874358e-7
3.38377016253833e-7
3.19978138974405e-7
2.99551473889737e-7
2.77358316059477e-7
2.53778758070429e-7
2.29326781134512e-7
2.04653394759478e-7
1.80530567396278e-7
1.57810387365342e-7
1.37359683064783e-7
1.19980186718911e-7
1.06334604389287e-7
9.69020648460560e-8
9.19752916953595e-8
9.16886669305003e-8
9.60468485777589e-8
1.04926282439492e-7
1.18047956739864e-7
1.34947435585635e-7
1.54973931407990e-7
1.77331889846490e-7
2.01154235280564e-7
2.25583561041052e-7
2.49839797982321e-7
2.73263277446209e-7
2.95332448926919e-7
3.15661723816437e-7
3.33986831301341e-7
3.50144276753051e-7
3.64049626347146e-7
3.75677446397850e-7
3.85044253462483e-7
3.92194863648968e-7
3.97191981935136e-7
4.00108617717688e-7
4.01022838147264e-7
4.00014393977199e-7
3.97162820784942e-7
3.92546701135733e-7
3.86243854646554e-7
3.78332296269097e-7
3.68891866482601e-7
3.58006491138859e-7
3.45767075067621e-7
3.32275074021831e-7
3.17646825636163e-7
3.02018752778758e-7
2.85553581858659e-7
2.68447743218490e-7
2.50940137343178e-7
2.33322453520632e-7
2.15951206884436e-7
1.99261599771973e-7
1.83783189915469e-7
1.70157125524239e-7
1.59154334088641e-7
1.51693456325929e-7
1.48856404486537e-7
1.51898079389532e-7
1.62244879133424e-7
1.81474079143810e-7
2.11262974098227e-7
2.53293133165288e-7
3.09092063127987e-7
3.79793799867425e-7
4.65804761349800e-7
5.66376830833172e-7
6.79122972131543e-7
7.99567933998330e-7
9.20907126472210e-7
1.03423129749974e-6
1.12951041181132e-6
1.19752526580562e-6
1.23259064967870e-6
1.23532210970488e-6
1.21409188191774e-6
1.18372179495914e-6
1.16090512607587e-6
1.15773868144248e-6
1.17642870385618e-6
1.20815190234840e-6
1.23681305533681e-6
1.24558806526874e-6
1.22284500544923e-6
1.16501373805313e-6
1.07606639851508e-6
9.64861158803270e-7
8.41992559091231e-7
7.17301271997153e-7
5.98471597570291e-7
4.90615166974305e-7
3.96509261324608e-7
3.17147303069411e-7
2.52349324360064e-7
2.01287598306372e-7
1.62867937030817e-7
1.35961630854038e-7
1.19511830511373e-7
1.12549884660106e-7
1.14158757943660e-7
1.23416575093422e-7
1.39345981613397e-7
1.60885871349860e-7
1.86892447288452e-7
2.16167988057717e-7
2.47509399423119e-7
2.79765436527034e-7
3.11891419990401e-7
3.42992638011910e-7
3.72351299494225e-7
3.99435721705914e-7
4.23893532484511e-7
4.45532607671861e-7
4.64294219917865e-7
4.80222685935259e-7
4.93435018541818e-7
5.04093057732792e-7
5.12379529440814e-7
5.18478616730173e-7
5.22560991262596e-7
5.24772844980720e-7
5.25228249372631e-7
5.24004106432477e-7
5.21136996502004e-7
5.16621339733258e-7
5.10408449641356e-7
5.02406265452518e-7
4.92479818023196e-7
4.80452844435654e-7
4.66111472013430e-7
4.49211615833747e-7
4.29492753466318e-7
4.06702097470832e-7
3.80634765552398e-7
3.51196820373058e-7
3.18497585397166e-7
2.82972439954926e-7
2.45522526670631e-7
2.07629021604923e-7
1.71361511877164e-7
1.39183341416791e-7
1.13524421671756e-7
9.62765640825929e-8
8.85229391497498e-8
9.06420931358738e-8
1.02483579884129e-7
1.23261031310766e-7
1.51343043703022e-7
1.84374620090722e-7
2.19758799801088e-7
2.55170205562904e-7
2.88849687147854e-7
3.19657558301787e-7
3.46980934376797e-7
3.70591951323483e-7
3.90513839127464e-7
4.06916686871002e-7
4.20045050974943e-7
4.30171714581022e-7
4.37570355624449e-7
4.42500862309967e-7
4.45202643401099e-7
4.45892752206392e-7
4.44766765352135e-7
4.42001139668660e-7
4.37756287019627e-7
4.32179935642040e-7
4.25410549834270e-7
4.17580702213402e-7
4.08820363985144e-7
3.99260118262401e-7
3.89034321185835e-7
3.78284242684658e-7
3.67161217147037e-7
3.55829825670072e-7
3.44471116245975e-7
3.33285845100488e-7
3.22497689317591e-7
3.12356334628827e-7
3.03140278652474e-7
2.95159103623497e-7
2.88754857867515e-7
2.84302035963665e-7
2.82205459017644e-7
2.82895128181224e-7
2.86816864216820e-7
2.94417276951771e-7
3.06121380228758e-7
3.22301070003635e-7
3.43232861483957e-7
3.69043952657837e-7
3.99647136361435e-7
4.34667656270136e-7
4.73369085337250e-7
5.14590760997489e-7
5.56715764521786e-7
5.97694453192144e-7
6.35151371986424e-7
6.66598828939417e-7
6.89763803849053e-7
7.03003166537463e-7
7.05737845046628e-7
6.98791410375553e-7
6.84494601032941e-7
6.66440627337064e-7
6.48861554567670e-7
6.35729293511881e-7
6.29815133067418e-7
6.32000473108372e-7
6.41071839897840e-7
6.54068331345889e-7
6.67053393747334e-7
6.76048173832022e-7
6.77845882685730e-7
6.70515153328048e-7
6.53536218987584e-7
6.27631611484511e-7
5.94415379682892e-7
5.55989429285680e-7
