8.26061842326315e-6
1.44044946891312e-7
1.33299181241271e-7
8.83323854833668e-8
7.62952546982490e-8
8.69775076361741e-8
1.14091548663314e-7
1.52612808962195e-7
1.98644114008653e-7
2.49203236962879e-7
3.02022756647564e-7
3.55382860345236e-7
4.07979989055074e-7
4.58826608641600e-7
5.07175204601890e-7
5.52460147182481e-7
5.94252518765546e-7
6.32224431425978e-7
6.66120474207108e-7
6.95734696338108e-7
7.20892039158948e-7
7.41433474429475e-7
7.57204369906310e-7
7.68045841028016e-7
7.73789099882848e-7
7.74253108538804e-7
7.69246205868447e-7
7.58572820420496e-7
7.42046903818904e-7
7.19514278189333e-7
6.90886565016247e-7
6.56189482136146e-7
6.15627554372751e-7
5.69664858274601e-7
5.19116216279286e-7
4.65234316614229e-7
4.09765942061096e-7
3.54938781780538e-7
3.03339050029912e-7
2.57663949766683e-7
2.20389885588000e-7
1.93466019655747e-7
1.78161566469889e-7
1.75106892455066e-7
1.84416039961195e-7
2.05718497495605e-7
2.38054663466188e-7
2.79771428291627e-7
3.28583812984121e-7
3.81832532533821e-7
4.36829716232946e-7
4.91158802411716e-7
5.42854402804834e-7
5.90458270454536e-7
6.32986565533538e-7
6.69850772479748e-7
7.00765084290321e-7
7.25659809287783e-7
7.44609631598936e-7
7.57778815228369e-7
7.65381998249827e-7
7.67657914090555e-7
7.64853230285609e-7
7.57214076854214e-7
7.44983391579236e-7
7.28402766454474e-7
7.07717971738048e-7
6.83187747737150e-7
6.55095799112539e-7
6.23766218572323e-7
5.89582821255660e-7
5.53013096851098e-7
5.14637681612701e-7
4.75186399394538e-7
4.35581976972252e-7
3.96992422840250e-7
3.60892628335751e-7
3.29134770234880e-7
3.04025193027750e-7
2.88402063867172e-7
2.85702420361101e-7
2.99998221850805e-7
3.35967510067862e-7
3.98747996177297e-7
4.93597094064019e-7
6.25259449699968e-7
7.96933716157679e-7
1.00876293665878e-6
1.25589613114599e-6
1.52644653051601e-6
1.80014521420401e-6
2.04907145782268e-6
2.24214668186009e-6
2.35431346598232e-6
2.37863704770077e-6
2.33533183119765e-6
2.26912070974739e-6
2.23050776563401e-6
2.24849200830873e-6
2.31273832084873e-6
2.37918008616222e-6
2.39507617059350e-6
2.32525649816407e-6
2.16402377986411e-6
1.93072494504059e-6
1.65700797813097e-6
1.37459567581738e-6
1.10801114359712e-6
8.72425284000888e-7
6.74803710114071e-7
5.16389476244892e-7
3.95199476007220e-7
3.07909275709296e-7
2.50981414986376e-7
2.21144731080384e-7
2.15429781333922e-7
2.30976607852666e-7
2.64797618371223e-7
3.13621680319669e-7
3.73879475267909e-7
4.41828301754490e-7
5.13769793938395e-7
5.86294303012703e-7
6.56490443025420e-7
7.22079528036965e-7
7.81461200034516e-7
8.33679053614245e-7
8.78328558651169e-7
9.15433653593462e-7
9.45315497215266e-7
9.68470391097469e-7
9.85466684220772e-7
9.96864332269539e-7
1.00315645031683e-6
1.00472968725934e-6
1.00183921713630e-6
9.94594146062552e-7
9.82949803462487e-7
9.66704498596570e-7
9.45499831669691e-7
9.18825702117121e-7
8.86034116854461e-7
8.46370347328927e-7
7.99036607543080e-7
7.43312561210210e-7
6.78767144019754e-7
6.05600601260293e-7
5.25135626057702e-7
4.40395565749208e-7
3.56527070813798e-7
2.80591759738687e-7
2.20274691306248e-7
1.81829493608687e-7
1.68729307382357e-7
1.81943288789402e-7
2.20317503303225e-7
2.79828397912950e-7
3.53510634507198e-7
4.33267800450616e-7
5.12060312636082e-7
5.85007914773555e-7
6.49384524072335e-7
7.04091855610563e-7
7.49066996735672e-7
7.84816118679281e-7
8.12105232112641e-7
8.31777433509252e-7
8.44655870185727e-7
8.51499323619387e-7
8.52987863533391e-7
8.49724590320319e-7
8.42245329838094e-7
8.31031802280385e-7
8.16525955456492e-7
7.99144388529239e-7
7.79292469826122e-7
7.57378105418401e-7
7.33825280680994e-7
7.09087551992183e-7
6.83661648459799e-7
6.58101268726649e-7
6.33031023086003e-7
6.09160260658896e-7
5.87296207487862e-7
5.68355384191075e-7
5.53371620705110e-7
5.43498083292136e-7
5.39999522938700e-7
5.44229423034173e-7
5.57584926976591e-7
5.81430590560562e-7
6.16980663436193e-7
6.65129788509245e-7
7.26225452716681e-7
7.99784777764813e-7
8.84176421619305e-7
9.76318071911835e-7
1.07148080486926e-6
1.16333559412481e-6
1.24440384445454e-6
1.30704698240655e-6
1.34500646907525e-6
1.35526234513567e-6
1.33966151053134e-6
1.30553161070545e-6
1.26457855917947e-6
1.22993050770692e-6
1.21211104047840e-6
1.21549887638594e-6
1.23685936443462e-6
1.26663015500343e-6
1.29231344282713e-6
1.30241692967874e-6
1.28940072648805e-6
1.25084538104285e-6
1.18895939096612e-6
