1.50002309731168e-5
2.03987022787546e-7
1.94782225731487e-7
1.45600364600008e-7
1.64419764455627e-7
2.26842829582857e-7
3.17589207147881e-7
4.25352712346369e-7
5.41886833699585e-7
6.61220971463616e-7
7.79039731424099e-7
8.92226686481570e-7
9.98533922297733e-7
1.09634040546734e-6
1.18447153480313e-6
1.26206153666390e-6
1.32844705110399e-6
1.38308449573896e-6
1.42548645974476e-6
1.45517426744383e-6
1.47164551645938e-6
1.47435720651611e-6
1.46272729054152e-6
1.43616027794275e-6
1.39410593525434e-6
1.33616382899330e-6
1.26224926197707e-6
1.17283521504289e-6
1.06927461586772e-6
9.54178820315439e-7
8.31772594687083e-7
7.08065744028223e-7
5.90615985540634e-7
4.87704924600078e-7
4.07021738828014e-7
3.54383081950133e-7
3.33175252232864e-7
3.44621411796434e-7
3.88111276662583e-7
4.60935782461354e-7
5.57868017743739e-7
6.71497632909861e-7
7.93449097014912e-7
9.15812196680864e-7
1.03213250436882e-6
1.13777386243142e-6
1.22980898067404e-6
1.30667960043100e-6
1.36780854058416e-6
1.41325951750604e-6
1.44347750663840e-6
1.45910879430504e-6
1.46088680017805e-6
1.44956761565855e-6
1.42590166105716e-6
1.39063160432633e-6
1.34451029400659e-6
1.28833550540233e-6
1.22300077343780e-6
1.14956362045089e-6
1.06933421829942e-6
9.83989020124576e-7
8.95715099274833e-7
8.07391570108493e-7
7.22813908959034e-7
6.46964010400597e-7
5.86321176595622e-7
5.49193159545447e-7
5.46015838451151e-7
5.89516428139499e-7
6.94547801179809e-7
8.77273195517890e-7
1.15322160266448e-6
1.53360633575796e-6
2.01937827853429e-6
2.59313782012422e-6
3.21080518862790e-6
3.79819001782221e-6
4.26119277786320e-6
4.51775546256827e-6
4.54712266621055e-6
4.42598091712903e-6
4.30444467954278e-6
4.30950095087715e-6
4.44453750209292e-6
4.58331262658481e-6
4.56745404118986e-6
4.31225859179580e-6
3.83818527976572e-6
3.23302438104768e-6
2.59671075752016e-6
2.00563428841826e-6
1.50258564432514e-6
1.10257667464836e-6
8.03674348568623e-7
5.96454883294536e-7
4.69879831674319e-7
4.13771998826033e-7
4.18997446402365e-7
4.76597528756150e-7
5.76878772709560e-7
7.09061513342378e-7
8.61642994223957e-7
1.02327491592495e-6
1.18378351746275e-6
1.33498437401554e-6
1.47109410424705e-6
1.58871596447772e-6
1.68650055632726e-6
1.76463146481939e-6
1.82427325767144e-6
1.86707604142974e-6
1.89478301411616e-6
1.90895004042391e-6
1.91076358550132e-6
1.90093358987219e-6
1.87963714054264e-6
1.84649357612996e-6
1.80055999188467e-6
1.74034799138981e-6
1.66388014849002e-6
1.56883242853272e-6
1.45285245476452e-6
1.31420429350603e-6
1.15294567359984e-6
9.72797059074353e-7
7.83471195347082e-7
6.02181912672505e-7
4.51741993383096e-7
3.53760769941495e-7
3.21453652616083e-7
3.58751717628113e-7
4.61003189930803e-7
6.12148474554419e-7
7.87772069758005e-7
9.64632462408096e-7
1.12683009077695e-6
1.26621996322527e-6
1.38019098633532e-6
1.46928961526341e-6
1.53553590151933e-6
1.58144143783555e-6
1.60951325654387e-6
1.62204315598248e-6
1.62104831526075e-6
1.60828532370070e-6
1.58529620745553e-6
1.55346604506426e-6
1.51408307312427e-6
1.46839796146798e-6
1.41768171565235e-6
1.36328284752002e-6
1.30668476171197e-6
1.24956405761876e-6
1.19384971857499e-6
1.14178186225498e-6
1.09596662591565e-6
1.05942049334565e-6
1.03559245524682e-6
1.02834530299887e-6
1.04186771586254e-6
1.08047687756000e-6
1.14825900252748e-6
1.24848746357598e-6
1.38276592826395e-6
1.54988582520097e-6
1.74449029399262e-6
1.95582656689058e-6
2.16714424095665e-6
2.35657762612838e-6
2.50041383376774e-6
2.57912788262805e-6
2.58515009590677e-6
2.52925940273681e-6
2.44108579019207e-6
2.36052791393106e-6
2.32183480231301e-6
2.33803159184860e-6
2.39495535898821e-6
2.45864579971207e-6
2.49118776463238e-6
2.46560945210779e-6
2.37302133062900e-6
2.22122239357579e-6
