9.90427431074416e-6
1.60444437981713e-7
1.49481545822718e-7
1.01016857005828e-7
9.38497604776202e-8
1.14592101241494e-7
1.54960457796920e-7
2.08481620768983e-7
2.70227265656325e-7
3.36488706833049e-7
4.04488271778255e-7
4.72148646728433e-7
5.37917164409491e-7
6.00634247329778e-7
6.59434538023999e-7
7.13671451249720e-7
7.62858537012471e-7
8.06623204209238e-7
8.44669856454528e-7
8.76750469769945e-7
9.02641290386011e-7
9.22124812198306e-7
9.34976622321946e-7
9.40957158454537e-7
9.39808960697844e-7
9.31260666586568e-7
9.15039816809247e-7
8.90897493965192e-7
8.58648794387649e-7
8.18233823069024e-7
7.69803635257045e-7
7.13833104204606e-7
6.51256199058694e-7
5.83606468106056e-7
5.13125850952395e-7
4.42782611432472e-7
3.76128948299829e-7
3.16957064400646e-7
2.68800662661642e-7
2.34450799643457e-7
2.15703592447845e-7
2.13416574410865e-7
2.27687637055818e-7
2.57877286841286e-7
3.02433512146515e-7
3.58774210206296e-7
4.23470779679434e-7
4.92712032901058e-7
5.62832706786284e-7
6.30707209917858e-7
6.93935183538712e-7
7.50849979329138e-7
8.00420878485210e-7
8.42113648094843e-7
8.75751378417548e-7
9.01396200438007e-7
9.19258222848997e-7
9.29630470415564e-7
9.32845568341953e-7
9.29249374408066e-7
9.19187355504453e-7
9.03000479441915e-7
8.81028385871015e-7
8.53618474482858e-7
8.21140277709415e-7
7.84005088417797e-7
7.42691322635314e-7
6.97776540642028e-7
6.49977439857763e-7
6.00199458267356e-7
5.49597838038197e-7
4.99651985303230e-7
4.52254515833306e-7
4.09815136024803e-7
3.75376876011473e-7
3.52737223828224e-7
3.46558003294838e-7
3.62433473171569e-7
4.06863841851523e-7
4.87049399276745e-7
6.10379653188034e-7
7.83450684311912e-7
1.01042756687846e-6
1.29063248055290e-6
1.61548003070651e-6
1.96542333469263e-6
2.30847350562421e-6
2.60285095487165e-6
2.80647172452149e-6
2.89356946289111e-6
2.87265232854901e-6
2.79283400451237e-6
2.72587745862743e-6
2.72677493218128e-6
2.79805951445148e-6
2.88700906606363e-6
2.91892818793916e-6
2.83950551882824e-6
2.63704512608868e-6
2.33765432464365e-6
1.98587370322678e-6
1.62586641064078e-6
1.29067302873138e-6
9.99574579170946e-7
7.60356824524311e-7
5.73271875477611e-7
4.34707109948678e-7
3.39741164842489e-7
2.83502792010452e-7
2.61595003963183e-7
2.69952708558431e-7
3.04482278651505e-7
3.60748720305457e-7
4.33863230995931e-7
5.18607458359468e-7
6.09737451221631e-7
7.02360206017960e-7
7.92273269485084e-7
8.76190741114319e-7
9.51825990852731e-7
1.01784297185131e-6
1.07371329851669e-6
1.11952386710837e-6
1.15577442558838e-6
1.18319272202378e-6
1.20258214596871e-6
1.21470635646309e-6
1.22020842850205e-6
1.21955837476388e-6
1.21302174307368e-6
1.20064251222081e-6
1.18223508153093e-6
1.15738247989482e-6
1.12544109869895e-6
1.08555679125867e-6
1.03670403646487e-6
9.77770333789151e-7
9.07723045004647e-7
8.25913809044445e-7
7.32585780903114e-7
6.29619182118048e-7
5.21414498173542e-7
4.15497761872166e-7
3.22039969475771e-7
2.51630616669114e-7
2.12173029837614e-7
2.07440096060894e-7
2.37807819723132e-7
3.00124284124965e-7
3.86596588003127e-7
4.86162707775394e-7
5.87986175081348e-7
6.83990420640506e-7
7.69404837411171e-7
8.42122798179587e-7
9.01774201744350e-7
9.48952089883840e-7
9.84693296384505e-7
1.01017324548607e-6
1.02654625019478e-6
1.03487392829047e-6
1.03610289260352e-6
1.03106807895391e-6
1.02050830516435e-6
1.00508690776817e-6
9.85413910608055e-7
9.62068172817864e-7
9.35619018552710e-7
9.06647374538713e-7
8.75766665010590e-7
8.43643759647399e-7
8.11020194756428e-7
7.78733704143652e-7
7.47739786375718e-7
7.19132555456129e-7
6.94163403533028e-7
6.74254954585854e-7
6.61006297007715e-7
6.56183442347295e-7
6.61686308159056e-7
6.79480351398303e-7
7.11477693037919e-7
7.59350191902455e-7
8.24257476731197e-7
9.06479919696365e-7
1.00496508229182e-6
1.11683240175789e-6
1.23693913893911e-6
1.35768715517266e-6
1.46932291679018e-6
1.56100120846807e-6
1.62276686182613e-6
1.64828321291900e-6
1.63761194289059e-6
1.59882886768739e-6
1.54715927015504e-6
1.50104772354719e-6
1.47610276696269e-6
1.47937338745464e-6
1.50672788691298e-6
1.54467373772557e-6
1.57561099511761e-6
1.58387915592395e-6
1.56003519108264e-6
1.50220352692279e-6
1.41489531955138e-6
