4.11172608057645e-12
2.50737032088132e-13
2.49828933910026e-13
2.47404743157812e-13
2.44997856070263e-13
2.42606811846848e-13
2.40231604965409e-13
2.37872228106280e-13
2.35528671503073e-13
2.33200925253101e-13
2.30888978156361e-13
2.28592817974681e-13
2.26312431015062e-13
2.24047803420696e-13
2.21798919456384e-13
2.19565762309231e-13
2.17348315210193e-13
2.15146559648509e-13
2.12960476119408e-13
2.10790044456739e-13
2.08635243062289e-13
2.06496050495771e-13
2.04372442758647e-13
2.02264397046059e-13
2.00171887632801e-13
1.98094889221802e-13
1.96033375342197e-13
1.93987318705520e-13
1.91956691095313e-13
1.89941463310288e-13
1.87941605973017e-13
1.85957088246978e-13
1.83987879089591e-13
1.82033946580109e-13
1.80095257417168e-13
1.78171778627421e-13
1.76263475968380e-13
1.74370313985246e-13
1.72492257762694e-13
1.70629270858708e-13
1.68781315919015e-13
1.66948356058899e-13
1.65130352637794e-13
1.63327266867627e-13
1.61539059573961e-13
1.59765690290773e-13
1.58007118606306e-13
1.56263303719431e-13
1.54534203186798e-13
1.52819775078771e-13
1.51119976525666e-13
1.49434764112122e-13
1.47764093873722e-13
1.46107921531935e-13
1.44466201949954e-13
1.42838889931581e-13
1.41225939805210e-13
1.39627304612504e-13
1.38042938081296e-13
1.36472793065985e-13
1.34916821431131e-13
1.33374975410909e-13
1.31847206724361e-13
1.30333465652730e-13
1.28833703931498e-13
1.27347871241899e-13
1.25875917587534e-13
1.24417792863477e-13
1.22973445949105e-13
1.21542826001020e-13
1.20125881259376e-13
1.18722560220153e-13
1.17332810751778e-13
1.15956580427502e-13
1.14593816393616e-13
1.13244465827028e-13
1.11908475511609e-13
1.10585791695485e-13
1.09276360494769e-13
1.07980128245329e-13
1.06697040276119e-13
1.05427042223726e-13
1.04170078984774e-13
1.02926095788756e-13
1.01695037373583e-13
1.00476848297127e-13
9.92714727529766e-14
9.80788552173748e-14
9.68989393909334e-14
9.57316689250492e-14
9.45769878614931e-14
9.34348394502941e-14
9.23051670004245e-14
9.11879133732942e-14
9.00830221736645e-14
8.89904356389468e-14
8.79100969918469e-14
8.68419486844850e-14
8.57859331291212e-14
8.47419926808654e-14
8.37100696672584e-14
8.26901066620504e-14
8.16820450111905e-14
8.06858273605978e-14
7.97013954988499e-14
7.87286910935622e-14
7.77676561310797e-14
7.68182321053726e-14
7.58803607929462e-14
7.49539842690358e-14
7.40390434531431e-14
7.31354803132892e-14
7.22432361654059e-14
7.13622525804539e-14
7.04924709532367e-14
6.96338329029078e-14
6.87862795860877e-14
6.79497526963087e-14
6.71241936400091e-14
6.63095435804046e-14
6.55057443374573e-14
6.47127370832772e-14
6.39304634843558e-14
6.31588647570923e-14
6.23978827495708e-14
6.16474588070933e-14
6.09075346183777e-14
6.01780515840052e-14
5.94589518506943e-14
5.87501766306185e-14
5.80516678661762e-14
5.73633676735535e-14
5.66852175054960e-14
5.60171594991975e-14
5.53591357193973e-14
5.47110883768491e-14
5.40729593123907e-14
5.34446911337364e-14
5.28262258252784e-14
5.22175063170988e-14
5.16184744733091e-14
5.10290733230542e-14
5.04492455222411e-14
4.98789339905612e-14
4.93180811177558e-14
4.87666306867327e-14
4.82245250776849e-14
4.76917081218166e-14
4.71681228830879e-14
4.66537128313943e-14
4.61484216558311e-14
4.56521930231096e-14
4.51649707565058e-14
4.46866990843401e-14
4.42173219035453e-14
4.37567831297504e-14
4.33050277818584e-14
4.28620002874755e-14
4.24276447991928e-14
4.20019068879407e-14
4.15847308701350e-14
4.11760621651525e-14
4.07758462038034e-14
4.03840277575658e-14
4.00005533354598e-14
3.96253680381611e-14
3.92584178616836e-14
3.88996491129791e-14
3.85490079480647e-14
3.82064403724910e-14
3.78718936415695e-14
3.75453138814543e-14
3.72266484737030e-14
3.69158442219916e-14
3.66128484028051e-14
3.63176086195111e-14
3.60300725775490e-14
3.57501875466860e-14
3.54779019781021e-14
3.52131640679482e-14
3.49559221612488e-14
3.47061245889134e-14
3.44637200583435e-14
3.42286577440597e-14
3.40008867162176e-14
3.37803560197673e-14
3.35670155204308e-14
3.33608148276096e-14
3.31617037220616e-14
3.29696320636829e-14
3.27845505097419e-14
3.26064095499008e-14
3.24351595229194e-14
3.22707517546537e-14
3.21131370315449e-14
3.19622669218149e-14
3.18180923390876e-14
3.16805658215108e-14
3.15496384305147e-14
3.14252630195144e-14
3.13073910816766e-14
3.11959761239385e-14
3.10909701231649e-14
3.09923263278178e-14
3.08999977579081e-14
3.08139380295004e-14
3.07341001238885e-14
3.06604387309044e-14
3.05929067838403e-14
3.05314596198348e-14
3.04760506958363e-14
3.04266352347260e-14
3.03831675667314e-14
3.03456033253804e-14
3.03138972616654e-14
3.02880052163994e-14
3.02678828887731e-14
3.02534856250210e-14
3.02447705085971e-14
3.02416929809366e-14
3.02442100676350e-14
3.02522785848853e-14
3.02658551845774e-14
3.02848973065225e-14
3.03093623538156e-14
3.03392075864948e-14
3.03743915455134e-14
3.04148719495438e-14
3.04606066098795e-14
3.05115549255519e-14
3.05676746472110e-14
3.06289256688646e-14
3.06952663692070e-14
3.07666560767631e-14
3.08430551902212e-14
3.09244224346591e-14
3.10107185754847e-14
3.11019032081659e-14
3.11979377754503e-14
3.12987815298568e-14
3.14043960357446e-14
3.15147427729781e-14
3.16297820402725e-14
3.17494760015088e-14
3.18737863275029e-14
3.20026750014421e-14
3.21361035876678e-14
3.22740347113221e-14
3.24164309857141e-14
3.25632554318829e-14
3.27144704493892e-14
3.28700393732719e-14
3.30299261598510e-14
3.31940932177751e-14
3.33625055345096e-14
3.35351268119704e-14
3.37119204765790e-14
3.38928518621902e-14
3.40778853918471e-14
3.42669854147628e-14
3.44601174063294e-14
3.46572470122798e-14
3.48583384346876e-14
3.50633584609669e-14
3.52722724576987e-14
3.54850462607006e-14
3.57016468437489e-14
3.59220401238200e-14
3.61461925152566e-14
3.63740714605641e-14
3.66056435847700e-14
3.68408765630610e-14
3.70797370872279e-14
3.73221936962885e-14
3.75682134804273e-14
3.78177648574849e-14
3.80708161351814e-14
3.83273352796214e-14
3.85872912983426e-14
3.88506530509258e-14
3.91173894059164e-14
3.93874692716642e-14
3.96608625723832e-14
3.99375383946798e-14
4.02174665385342e-14
4.05006171418785e-14
4.07869601915898e-14
4.10764667209014e-14
4.13691058656783e-14
4.16648493673578e-14
4.19636679395696e-14
4.22655321165025e-14
4.25704136660379e-14
4.28782843623787e-14
4.31891142085295e-14
4.35028771029237e-14
4.38195433959813e-14
4.41390861030174e-14
4.44614767883181e-14
4.47866886625442e-14
4.51146945384401e-14
4.54454664967996e-14
4.57789777023090e-14
4.61152016935919e-14
4.64541121304074e-14
4.67956814129610e-14
4.71398850427736e-14
4.74866944304017e-14
4.78360861762228e-14
4.81880327267362e-14
4.85425093691421e-14
4.88994903752228e-14
4.92589498163416e-14
4.96208642047819e-14
4.99852071799539e-14
5.03519540509774e-14
5.07210808393256e-14
5.10925628225906e-14
5.14663755922875e-14
5.18424944965194e-14
5.22208969914519e-14
5.26015576004961e-14
5.29844540789438e-14
5.33695618456762e-14
5.37568577605306e-14
5.41463193112759e-14
5.45379223583202e-14
5.49316451910503e-14
5.53274639629004e-14
5.57253571606654e-14
5.61253015597609e-14
5.65272745057482e-14
5.69312553574511e-14
5.73372207011799e-14
5.77451489695993e-14
5.81550192830538e-14
5.85668093000701e-14
5.89804978489993e-14
5.93960632871211e-14
5.98134851022053e-14
6.02327421627799e-14
6.06538134086675e-14
6.10766783445418e-14
6.15013160354850e-14
6.19277066466614e-14
6.23558293264836e-14
6.27856642920670e-14
6.32171917743957e-14
6.36503911811903e-14
6.40852435179881e-14
6.45217284262790e-14
6.49598274825517e-14
6.53995198957206e-14
6.58407880568969e-14
6.62836112140394e-14
6.67279722457704e-14
6.71738510602248e-14
6.76212293468916e-14
6.80700884672358e-14
6.85204097307850e-14
6.89721756540680e-14
6.94253673259180e-14
6.98799668697751e-14
7.03359564859738e-14
7.07933182653397e-14
7.12520347394449e-14
7.17120874901393e-14
7.21734601658737e-14
7.26361349275934e-14
7.31000946471306e-14
7.35653217184117e-14
7.40318001948885e-14
7.44995124285500e-14
7.49684420667023e-14
7.54385715805507e-14
7.59098865851253e-14
7.63823681419558e-14
7.68560016560532e-14
7.73307702929790e-14
7.78066579173326e-14
7.82836490540241e-14
7.87617276357189e-14
7.92408773861699e-14
7.97210836442688e-14
8.02023301434243e-14
8.06846021421952e-14
8.11678835848208e-14
8.16521595452389e-14
8.21374149818029e-14
8.26236355512878e-14
8.31108051016237e-14
8.35989100281174e-14
8.40879346559644e-14
8.45778649790104e-14
8.50686870597234e-14
8.55603846950263e-14
8.60529457346808e-14
8.65463544201397e-14
8.70405984092745e-14
8.75356613608445e-14
8.80315310492262e-14
8.85281932984451e-14
8.90256344012677e-14
8.95238411744274e-14
9.00227986869302e-14
9.05224959237373e-14
9.10229162803908e-14
9.15240503660707e-14
9.20258818109917e-14
9.25283992496087e-14
9.30315895319108e-14
9.35354390156018e-14
9.40399361164570e-14
9.45450670208444e-14
9.50508198127365e-14
9.55571821636324e-14
9.60641404639650e-14
9.65716838761171e-14
9.70797992606124e-14
9.75884752209188e-14
9.80976977034273e-14
9.86074573040719e-14
9.91177406814269e-14
9.96285360938137e-14
1.00139831911448e-13
1.00651616208587e-13
1.01163878131516e-13
1.01676605569482e-13
1.02189787441034e-13
1.02703411635115e-13
1.03217467966010e-13
1.03731944204906e-13
1.04246830002354e-13
1.04762114534130e-13
1.05277785307762e-13
1.05793833204758e-13
1.06310246638889e-13
1.06827014647049e-13
1.07344127191835e-13
1.07861573458158e-13
1.08379341907036e-13
1.08897424086019e-13
1.09415808178307e-13
1.09934484363017e-13
1.10453441451982e-13
1.10972671708441e-13
1.11492161949832e-13
1.12011904712349e-13
1.12531888898798e-13
1.13052105063270e-13
1.13572541858490e-13
1.14093192196904e-13
1.14614044493355e-13
1.15135089652063e-13
1.15656318007429e-13
1.16177720702380e-13
1.16699287741730e-13
1.17221009366797e-13
1.17742877745507e-13
1.18264882089925e-13
1.18787013925879e-13
1.19309264806786e-13
1.19831624276679e-13
1.20354085165511e-13
1.20876636728989e-13
1.21399271632610e-13
1.21921979911824e-13
1.22444753817062e-13
1.22967584345849e-13
1.23490462949160e-13
1.24013380369859e-13
1.24536329563316e-13
1.25059300617235e-13
1.25582286694750e-13
1.26105278097011e-13
1.26628267569397e-13
1.27151246069086e-13
1.27674206613317e-13
1.28197139845263e-13
1.28720039083746e-13
1.29242894449529e-13
1.29765700941761e-13
1.30288447618627e-13
1.30811129149288e-13
1.31333735965537e-13
1.31856261652980e-13
1.32378697918600e-13
1.32901037365433e-13
1.33423272495273e-13
1.33945395354819e-13
1.34467399755293e-13
1.34989277349974e-13
1.35511020495175e-13
1.36032623217046e-13
1.36554076780403e-13
1.37075375053626e-13
1.37596510922201e-13
1.38117476596747e-13
1.38638265331978e-13
1.39158871358765e-13
1.39679285483998e-13
1.40199502237977e-13
1.40719515731848e-13
1.41239316904713e-13
1.41758900599522e-13
1.42278259730703e-13
1.42797387524783e-13
1.43316277970393e-13
1.43834923220953e-13
1.44353318169523e-13
1.44871455840289e-13
1.45389329651269e-13
1.45906933523707e-13
1.46424260918152e-13
1.46941305525651e-13
1.47458060978342e-13
1.47974521762323e-13
1.48490681362484e-13
1.49006533373887e-13
1.49522071611849e-13
1.50037291358722e-13
1.50552184645821e-13
1.51066747056109e-13
1.51580972384348e-13
1.52094854408258e-13
1.52608387558627e-13
1.53121565956126e-13
1.53634383849484e-13
1.54146835211902e-13
1.54658915795221e-13
1.55170617811035e-13
1.55681937789484e-13
1.56192869458680e-13
1.56703406000678e-13
1.57213543452247e-13
1.57723276705339e-13
1.58232599115543e-13
1.58741505558870e-13
1.59249991672215e-13
1.59758051517257e-13
1.60265679811927e-13
1.60772871165502e-13
1.61279620797334e-13
1.61785923838803e-13
1.62291774765818e-13
1.62797168444881e-13
1.63302099623702e-13
1.63806564468246e-13
1.64310557510696e-13
1.64814072031433e-13
1.65317106133866e-13
1.65819653056366e-13
1.66321708557874e-13
1.66823267699379e-13
1.67324325725947e-13
1.67824877894715e-13
1.68324919856969e-13
1.68824446778245e-13
1.69323454311581e-13
1.69821936407503e-13
1.70319890061708e-13
1.70817311472616e-13
1.71314193481255e-13
1.71810534439248e-13
1.72306327785102e-13
1.72801570207605e-13
1.73296257651995e-13
1.73790384257126e-13
1.74283947474116e-13
1.74776942552994e-13
1.75269363833467e-13
1.75761208869983e-13
1.76252472640123e-13
1.76743150992427e-13
1.77233240956643e-13
1.77722736805385e-13
1.78211635101910e-13
1.78699931333740e-13
1.79187622725586e-13
1.79674704449802e-13
1.80161172385069e-13
1.80647022850482e-13
1.81132252319066e-13
1.81616855814950e-13
1.82100830224349e-13
1.82584172938055e-13
1.83066877406423e-13
1.83548942903524e-13
1.84030362794792e-13
1.84511134973750e-13
1.84991256218150e-13
1.85470721229389e-13
1.85949528518488e-13
1.86427672014044e-13
1.86905149836083e-13
1.87381957615232e-13
1.87858092736100e-13
1.88333550698172e-13
1.88808328717225e-13
1.89282422609981e-13
1.89755829344411e-13
1.90228545936904e-13
1.90700567839472e-13
1.91171892765690e-13
1.91642517032892e-13
1.92112436684114e-13
1.92581649744662e-13
1.93050152201380e-13
1.93517940255079e-13
1.93985011069052e-13
1.94451362431346e-13
1.94916989763710e-13
1.95381890207231e-13
1.95846061025792e-13
1.96309499377021e-13
1.96772200443078e-13
1.97234163518304e-13
1.97695384317390e-13
1.98155859028381e-13
1.98615586688928e-13
1.99074562457473e-13
1.99532783786449e-13
1.99990248473140e-13
2.00446952065733e-13
2.00902894351878e-13
2.01358070099652e-13
2.01812475759478e-13
2.02266111092955e-13
2.02718972206008e-13
2.03171055106508e-13
2.03622358886435e-13
2.04072878788622e-13
2.04522614106004e-13
2.04971559791537e-13
2.05419715481496e-13
2.05867077861763e-13
2.06313642175804e-13
2.06759408767459e-13
2.07204372893357e-13
2.07648532619275e-13
2.08091885844632e-13
2.08534429516195e-13
2.08976160643751e-13
2.09417077269787e-13
2.09857176594952e-13
2.10296455916756e-13
2.10734913333506e-13
2.11172545937636e-13
2.11609351528338e-13
2.12045326660030e-13
2.12480470392772e-13
2.12914779553874e-13
2.13348251248241e-13
2.13780884140083e-13
2.14212675519855e-13
2.14643622387254e-13
2.15073722965741e-13
2.15502975046801e-13
2.15931375548587e-13
2.16358923259421e-13
2.16785615770271e-13
2.17211449305448e-13
2.17636423712369e-13
2.18060535211898e-13
2.18483783035337e-13
2.18906162826122e-13
2.19327674477016e-13
2.19748314700395e-13
2.20168082228664e-13
2.20586974166850e-13
2.21004988502579e-13
2.21422122513415e-13
2.21838376409666e-13
2.22253744747389e-13
2.22668228108039e-13
2.23081822758139e-13
2.23494528540235e-13
2.23906341651219e-13
2.24317260722995e-13
2.24727283558570e-13
2.25136408669528e-13
2.25544633250179e-13
2.25951956643631e-13
2.26358375227157e-13
2.26763887960189e-13
2.27168494057839e-13
2.27572188262810e-13
2.27974973331885e-13
2.28376842917086e-13
2.28777797967589e-13
2.29177835480810e-13
2.29576953593735e-13
2.29975151343756e-13
2.30372426124483e-13
2.30768775709278e-13
2.31164199476616e-13
2.31558694597888e-13
2.31952259948260e-13
2.32344893042362e-13
2.32736593306317e-13
2.33127357414983e-13
2.33517185559163e-13
2.33906073770904e-13
2.34294021791437e-13
2.34681027962068e-13
2.35067089331843e-13
2.35452206369499e-13
2.35836375112167e-13
2.36219595046557e-13
2.36601865452704e-13
2.36983181803865e-13
2.37363545424448e-13
2.37742953475842e-13
2.38121404045115e-13
2.38498895553578e-13
2.38875427512124e-13
2.39250996650165e-13
2.39625603135016e-13
2.39999243938459e-13
2.40371917983222e-13
2.40743625002073e-13
2.41114360762219e-13
2.41484125722155e-13
2.41852918124532e-13
2.42220735826174e-13
2.42587578141674e-13
2.42953443470045e-13
2.43318328677020e-13
2.43682234587593e-13
2.44045159065109e-13
2.44407099494138e-13
2.44768054919616e-13
2.45128025002227e-13
2.45487007898175e-13
2.45845000316716e-13
2.46202003842557e-13
2.46558014109260e-13
2.46913032303560e-13
2.47267055468112e-13
2.47620082310478e-13
2.47972111598811e-13
2.48323141948130e-13
2.48673173666260e-13
2.49022201648537e-13
2.49370228602622e-13
2.49717249782658e-13
2.50063265678077e-13
2.50408275923094e-13
2.50752276746318e-13
2.51095267689605e-13
2.51437248555905e-13
2.51778216631495e-13
2.52118170960490e-13
2.52457111444650e-13
2.52795035561414e-13
2.53131942389642e-13
2.53467829475843e-13
2.53802698064080e-13
2.54136544358819e-13
2.54469369271428e-13
2.54801169399531e-13
2.55131944622273e-13
2.55461695361157e-13
2.55790416126181e-13
2.56118110589086e-13
2.56444773506425e-13
2.56770406729822e-13
2.57095006415757e-13
2.57418573059233e-13
2.57741104572612e-13
2.58062601542402e-13
2.58383060590782e-13
2.58702480221802e-13
2.59020862802606e-13
2.59338202704697e-13
2.59654502025664e-13
2.59969758142782e-13
2.60283969691142e-13
2.60597135846453e-13
2.60909256442579e-13
2.61220329400726e-13
2.61530351893099e-13
2.61839326828789e-13
2.62147249889857e-13
2.62454120032222e-13
2.62759938422296e-13
2.63064701188109e-13
2.63368409950370e-13
2.63671060480998e-13
2.63972653848453e-13
2.64273189069880e-13
2.64572664514859e-13
2.64871077385740e-13
2.65168430048335e-13
2.65464718789639e-13
2.65759942137027e-13
2.66054102494318e-13
2.66347195139216e-13
2.66639220533717e-13
2.66930176933137e-13
2.67220064310998e-13
2.67508880991140e-13
2.67796625081387e-13
2.68083297766025e-13
2.68368896103339e-13
2.68653419084170e-13
2.68936866418893e-13
2.69219237226911e-13
2.69500529264558e-13
2.69780742579245e-13
2.70059875548312e-13
2.70337928986423e-13
2.70614898071460e-13
2.70890784983980e-13
2.71165588207517e-13
2.71439305214191e-13
2.71711935953509e-13
2.71983481189914e-13
2.72253936054355e-13
2.72523303278090e-13
2.72791578982566e-13
2.73058764316049e-13
2.73324856585673e-13
2.73589856291529e-13
2.73853761654219e-13
2.74116570983361e-13
2.74378285189876e-13
2.74638901246986e-13
2.74898418593156e-13
2.75156838524690e-13
2.75414156615052e-13
2.75670374566234e-13
2.75925489111500e-13
2.76179500958205e-13
2.76432409491074e-13
2.76684211750900e-13
2.76934908613800e-13
2.77184497932645e-13
2.77432979252507e-13
2.77680351847812e-13
2.77926613766808e-13
2.78171765245568e-13
2.78415804864016e-13
2.78658731433728e-13
2.78900544353372e-13
2.79141242162089e-13
2.79380823653130e-13
2.79619289237595e-13
2.79856636797740e-13
2.80092864899776e-13
2.80327974695766e-13
2.80561962787129e-13
2.80794830444346e-13
2.81026574629513e-13
2.81257195329938e-13
2.81486692170359e-13
2.81715062917736e-13
2.81942308113770e-13
2.82168425325161e-13
2.82393414934305e-13
2.82617274808941e-13
2.82840004346008e-13
2.83061603877563e-13
2.83282069878084e-13
2.83501403660594e-13
2.83719604070521e-13
2.83936669075037e-13
2.84152597061107e-13
2.84367390247052e-13
2.84581044184531e-13
2.84793560149841e-13
2.85004936479588e-13
2.85215172156085e-13
2.85424265481578e-13
2.85632216816234e-13
2.85839025403499e-13
2.86044689758776e-13
2.86249206805999e-13
2.86452579656866e-13
2.86654804775572e-13
2.86855881135349e-13
2.87055808414969e-13
2.87254585514376e-13
2.87452212262108e-13
2.87648686511399e-13
2.87844009073189e-13
2.88038175454519e-13
2.88231189131333e-13
2.88423045790512e-13
2.88613746523845e-13
2.88803287915502e-13
2.88991672891588e-13
2.89178897130490e-13
2.89364960797744e-13
2.89549863709960e-13
2.89733602278636e-13
2.89916180069479e-13
2.90097591708434e-13
2.90277838269541e-13
2.90456919164970e-13
2.90634832610761e-13
2.90811577487583e-13
2.90987154020231e-13
2.91161559046430e-13
2.91334793378454e-13
2.91506856699874e-13
2.91677746851047e-13
2.91847461657890e-13
2.92016003275560e-13
2.92183367622496e-13
2.92349555371786e-13
2.92514564867341e-13
2.92678398172691e-13
2.92841048349433e-13
2.93002519465060e-13
2.93162808299022e-13
2.93321915084611e-13
2.93479837663873e-13
2.93636575204484e-13
2.93792126998961e-13
2.93946494139962e-13
2.94099671115030e-13
2.94251660958849e-13
2.94402460954870e-13
2.94552070839479e-13
2.94700487886664e-13
2.94847713685425e-13
2.94993745112078e-13
2.95138582227978e-13
2.95282224822961e-13
2.95424669654143e-13
2.95565917808695e-13
2.95705967052175e-13
2.95844815651797e-13
2.95982466590394e-13
2.96118913292045e-13
2.96254158808079e-13
2.96388201318758e-13
2.96521038105812e-13
2.96652670245113e-13
2.96783094956144e-13
2.96912312879741e-13
2.97040321718615e-13
2.97167121586380e-13
2.97292710683305e-13
2.97417088157057e-13
2.97540252654951e-13
2.97662203815365e-13
2.97782940279127e-13
2.97902460729716e-13
2.98020764754654e-13
2.98137851010346e-13
2.98253718595277e-13
2.98368365709803e-13
2.98481792886847e-13
2.98593997324770e-13
2.98704979574706e-13
2.98814736323464e-13
2.98923270073218e-13
2.99030577012380e-13
2.99136655738432e-13
2.99241508275353e-13
2.99345129822659e-13
2.99447521895117e-13
2.99548682592426e-13
2.99648611485801e-13
2.99747304746709e-13
2.99844765798677e-13
2.99940990795494e-13
3.00035978343020e-13
3.00129729409218e-13
3.00222239661394e-13
3.00313512047386e-13
3.00403542696040e-13
3.00492331611304e-13
3.00579877365301e-13
3.00666178988970e-13
3.00751234542755e-13
3.00835045490533e-13
3.00917607450398e-13
3.00998921883491e-13
3.01078986332852e-13
3.01157799350134e-13
3.01235362365796e-13
3.01311670492396e-13
3.01386726150190e-13
3.01460525900278e-13
3.01533069705945e-13
3.01604356570367e-13
3.01674384991076e-13
3.01743152490512e-13
3.01810661459960e-13
3.01876908446932e-13
3.01941890461769e-13
3.02005611366303e-13
3.02068064744586e-13
3.02129253480844e-13
3.02189174568177e-13
3.02247826967134e-13
