1.61778212458575e-8
8.22072248425049e-10
7.98490962560879e-10
7.33135553126614e-10
6.72118484899447e-10
6.15001473552899e-10
5.61699915189336e-10
5.12117803610258e-10
4.66151964646398e-10
4.23693344503121e-10
3.84628210019847e-10
3.48839243281891e-10
3.16206535390613e-10
2.86608484458519e-10
2.59922602742012e-10
2.36026238319496e-10
2.14797216014748e-10
1.96114402964933e-10
1.79858203570323e-10
1.65910988632155e-10
1.54157463429733e-10
1.44484979431544e-10
1.36783793732644e-10
1.30947280715526e-10
1.26872100065372e-10
1.24458324939199e-10
1.23609534186516e-10
1.24232872139723e-10
1.26239079601137e-10
1.29542499183907e-10
1.34061057876259e-10
1.39716230371563e-10
1.46432985129443e-10
1.54139716208527e-10
1.62768162977867e-10
1.72253320081777e-10
1.82533339419202e-10
1.93549425720438e-10
2.05245728278802e-10
2.17569228735089e-10
2.30469627747938e-10
2.43899230602208e-10
2.57812833210296e-10
2.72167609015516e-10
2.86922998113997e-10
3.02040598253873e-10
3.17484058857024e-10
3.33218978531582e-10
3.49212805612771e-10
3.65434742850661e-10
3.81855655640632e-10
3.98447984412040e-10
4.15185660748059e-10
4.32044027873352e-10
4.48999764510730e-10
4.66030813043158e-10
4.83116311010601e-10
5.00236526603948e-10
5.17372797298408e-10
5.34507471786196e-10
5.51623855620465e-10
5.68706159034075e-10
5.85739448236395e-10
6.02709599344214e-10
6.19603254342546e-10
6.36407780268755e-10
6.53111229914260e-10
6.69702304773050e-10
6.86170320740619e-10
7.02505174078246e-10
7.18697311017108e-10
7.34737697314701e-10
7.50617790409286e-10
7.66329512389199e-10
7.81865224941835e-10
7.97217704375874e-10
8.12380119405020e-10
8.27346008610277e-10
8.42109259534562e-10
8.56664089024844e-10
8.71005023908508e-10
8.85126882665980e-10
8.99024758352836e-10
9.12694001648200e-10
9.26130205085932e-10
9.39329187743105e-10
9.52286980584018e-10
9.64999812712975e-10
9.77464097734781e-10
9.89676420882928e-10
1.00163352707651e-9
1.01333230864359e-9
1.02476979441021e-9
1.03594313858673e-9
1.04684961068167e-9
1.05748658518815e-9
1.06785153227813e-9
1.07794200862224e-9
1.08775564876612e-9
1.09729015618317e-9
1.10654329620540e-9
1.11551288743911e-9
1.12419679502644e-9
1.13259292338510e-9
1.14069920975868e-9
1.14851361751718e-9
1.15603413049071e-9
1.16325874711868e-9
1.17018547492151e-9
1.17681232555399e-9
1.18313730980928e-9
1.18915843308585e-9
1.19487369157438e-9
1.20028106756453e-9
1.20537852666485e-9
1.21016401386988e-9
1.21463545060549e-9
1.21879073249435e-9
1.22262772638919e-9
1.22614426880349e-9
1.22933816377229e-9
1.23220718186655e-9
1.23474905920310e-9
1.23696149666583e-9
1.23884215952004e-9
1.24038867832380e-9
1.24159864896564e-9
1.24246963417278e-9
1.24299916456782e-9
1.24318474187185e-9
1.24302384037109e-9
1.24251391111102e-9
1.24165238528421e-9
1.24043667894111e-9
1.23886419819485e-9
1.23693234526128e-9
1.23463852481625e-9
1.23198015213811e-9
1.22895466104590e-9
1.22555951355447e-9
1.22179221005789e-9
1.21765030068180e-9
1.21313139785797e-9
1.20823319007655e-9
1.20295345633530e-9
1.19729008246220e-9
1.19124107905329e-9
1.18480459934983e-9
1.17797896071429e-9
1.17076266569910e-9
1.16315442594485e-9
1.15515318725132e-9
1.14675815637878e-9
1.13796882982461e-9
1.12878502395484e-9
1.11920690769657e-9
1.10923503590967e-9
1.09887038622168e-9
1.08811439600214e-9
1.07696900242808e-9
1.06543668361667e-9
1.05352050191422e-9
1.04122414840651e-9
1.02855198877526e-9
1.01550911126182e-9
1.00210137472516e-9
9.88335458099002e-10
9.74218910370271e-10
9.59760200601459e-10
9.44968767637904e-10
9.29855069837130e-10
9.14430632386607e-10
8.98708094348523e-10
8.82701252000769e-10
8.66425099984530e-10
8.49895868088976e-10
8.33131053400689e-10
8.16149446951697e-10
7.98971154248671e-10
7.81617607112409e-10
7.64111568659818e-10
7.46477127500314e-10
7.28739682450860e-10
7.10925914929747e-10
6.93063750059912e-10
6.75182304216720e-10
6.57311818627171e-10
6.39483579300797e-10
6.21729822401914e-10
6.04083624405804e-10
5.86578778636838e-10
5.69249657821363e-10
5.52131063192867e-10
5.35258062394885e-10
5.18665816899707e-10
5.02389401275513e-10
4.86463616711941e-10
4.70922801147145e-10
4.55800639582867e-10
4.41129977099014e-10
4.26942638702068e-10
4.13269258678489e-10
4.00139123823244e-10
3.87580032898545e-10
3.75618175840648e-10
3.64278034932276e-10
3.53582310019866e-10
3.43551868709530e-10
3.34205722732976e-10
3.25561028798576e-10
3.17633113582584e-10
3.10435520541114e-10
3.03980074795254e-10
2.98276962730835e-10
2.93334822045262e-10
2.89160836683810e-10
2.85760832258723e-10
2.83139366481814e-10
2.81299810115097e-10
2.80244413738291e-10
2.79974357529697e-10
2.80489780630420e-10
2.81789789330099e-10
2.83872443113191e-10
2.86734719726205e-10
2.90372460901584e-10
2.94780301982895e-10
2.99951588800075e-10
3.05878286645844e-10
3.12550886199453e-10
3.19958311110275e-10
3.28087832755936e-10
3.36924996537501e-10
3.46453564422093e-10
3.56655476537652e-10
3.67510835584653e-10
3.78997915160027e-10
3.91093193676698e-10
4.03771413242339e-10
4.17005663914882e-10
4.30767490440730e-10
4.45027020554616e-10
4.59753111450237e-10
4.74913511864592e-10
4.90475035827743e-10
5.06403745349029e-10
5.22665137983739e-10
5.39224336436356e-10
5.56046276636762e-10
5.73095891717768e-10
5.90338289192101e-10
6.07738918980519e-10
6.25263731010951e-10
6.42879320092975e-10
6.60553057827831e-10
6.78253210325964e-10
6.95949041382181e-10
7.13610901407256e-10
7.31210301512816e-10
7.48719974093218e-10
7.66113919575532e-10
7.83367440574551e-10
8.00457164402548e-10
8.17361054023511e-10
8.34058409556623e-10
8.50529860401200e-10
8.66757349340525e-10
8.82724109822668e-10
8.98414636711614e-10
9.13814652164161e-10
9.28911067084133e-10
9.43691938982873e-10
9.58146426925274e-10
9.72264744664373e-10
9.86038112097117e-10
9.99458705720362e-10
1.01251960861988e-9
1.02521476082180e-9
1.03753890949605e-9
1.04948756005381e-9
1.06105692832824e-9
1.07224389392325e-9
1.08304595462331e-9
1.09346118279886e-9
1.10348818315826e-9
1.11312605240127e-9
1.12237434054276e-9
1.13123301409808e-9
1.13970242140753e-9
1.14778325936422e-9
1.15547654219375e-9
1.16278357252811e-9
1.16970591318533e-9
1.17624536189369e-9
1.18240392701684e-9
1.18818380480515e-9
1.19358735891280e-9
1.19861710095425e-9
1.20327567214576e-9
1.20756582750433e-9
1.21149042013928e-9
1.21505238744431e-9
1.21825473857298e-9
1.22110054263509e-9
1.22359291827794e-9
1.22573502435965e-9
1.22753005118261e-9
1.22898121316821e-9
1.23009174192531e-9
1.23086488050787e-9
1.23130387804914e-9
1.23141198557364e-9
1.23119245220991e-9
1.23064852186513e-9
1.22978343111763e-9
1.22860040689802e-9
1.22710266550722e-9
1.22529341148345e-9
1.22317583739384e-9
1.22075312385403e-9
1.21802844013691e-9
1.21500494508985e-9
1.21168578864529e-9
1.20807411334511e-9
1.20417305677176e-9
1.19998575380455e-9
1.19551533976901e-9
1.19076495333326e-9
1.18573774029039e-9
1.18043685731375e-9
1.17486547633795e-9
1.16902678873988e-9
1.16292401071614e-9
1.15656038785350e-9
1.14993920120691e-9
1.14306377288460e-9
1.13593747198030e-9
1.12856372146743e-9
1.12094600487729e-9
1.11308787331200e-9
1.10499295342417e-9
1.09666495465243e-9
1.08810767819925e-9
1.07932502527235e-9
1.07032100613061e-9
1.06109974987658e-9
1.05166551397926e-9
1.04202269476082e-9
1.03217583832805e-9
1.02212965144103e-9
1.01188901375324e-9
1.00145898957423e-9
9.90844840981613e-10
9.80052040939415e-10
9.69086287366006e-10
9.57953517266843e-10
9.46659922275577e-10
9.35211963970054e-10
9.23616390244505e-10
9.11880252690255e-10
9.00010923858763e-10
8.88016116042501e-10
8.75903900307316e-10
8.63682726467779e-10
8.51361443985261e-10
8.38949323217540e-10
8.26456078274959e-10
8.13891889828636e-10
8.01267429629372e-10
7.88593885449589e-10
7.75882986842406e-10
7.63147032450712e-10
7.50398917563986e-10
7.37652163034526e-10
7.24920945172609e-10
7.12220126342042e-10
6.99565286910088e-10
6.86972757814095e-10
6.74459654343924e-10
6.62043910799046e-10
6.49744315904397e-10
6.37580549479159e-10
6.25573219542478e-10
6.13743900607351e-10
6.02115172300189e-10
5.90710659113213e-10
5.79555070235853e-10
5.68674240335290e-10
5.58095170176954e-10
5.47846067912577e-10
5.37956389922368e-10
5.28456882053450e-10
5.19379619761585e-10
5.10758048326643e-10
5.02627021574078e-10
4.95022839728899e-10
4.87983285455112e-10
4.81547657949963e-10
4.75756804633142e-10
4.70653149826900e-10
4.66280719914371e-10
4.62685164392704e-10
4.59913772183867e-10
4.58015482275024e-10
4.57040888060633e-10
4.57042234391518e-10
4.58073406379818e-10
4.60189908892895e-10
4.63448835372735e-10
4.67908825249295e-10
4.73630007845427e-10
4.80673931951539e-10
4.89103479093211e-10
4.98982758962831e-10
5.10376985289862e-10
5.23352329958748e-10
5.37975753765390e-10
5.54314811327530e-10
5.72437428232782e-10
5.92411647856153e-10
6.14305345855316e-10
6.38185909546118e-10
6.64119880072175e-10
6.92172554741651e-10
7.22407547132159e-10
7.54886302995069e-10
7.89667569343149e-10
8.26806815123631e-10
8.66355601565298e-10
9.08360901202253e-10
9.52864363969714e-10
9.99901531299131e-10
1.04950099686288e-9
1.10168351660327e-9
1.15646106949515e-9
1.21383587164217e-9
1.27379934978841e-9
1.33633107806409e-9
1.40139768697649e-9
1.46895175408790e-9
1.53893068662033e-9
1.61125561026838e-9
1.68583028134759e-9
1.76254003836768e-9
1.84125081712950e-9
1.92180825133736e-9
2.00403688675812e-9
2.08773953790581e-9
2.17269682065420e-9
2.25866689446329e-9
2.34538545183535e-9
2.43256599326504e-9
2.51990042744889e-9
2.60706003639418e-9
2.69369684342501e-9
2.77944542206310e-9
2.86392517688395e-9
2.94674312721838e-9
3.02749721029441e-9
3.10578011932077e-9
3.18118367534096e-9
3.25330371923776e-9
3.32174549833619e-9
3.38612949806394e-9
3.44609765761095e-9
3.50131987996937e-9
3.55150073117927e-9
3.59638619909024e-9
3.63577036013720e-9
3.66950178364458e-9
3.69748948819503e-9
3.71970824650677e-9
3.73620303338256e-9
3.74709240476268e-9
3.75257060413050e-9
3.75290820812012e-9
3.74845114343363e-9
3.73961794365049e-9
3.72689515646555e-9
3.71083086074977e-9
3.69202631646871e-9
3.67112583083805e-9
3.64880499507666e-9
3.62575751508840e-9
3.60268092308060e-9
3.58026152177740e-9
3.55915895886673e-9
3.53999087173298e-9
3.52331806164480e-9
3.50963066355871e-9
3.49933576139000e-9
3.49274686625005e-9
3.49007562093009e-9
3.49142602531509e-9
3.49679139353259e-9
3.50605415847338e-9
3.51898854145585e-9
3.53526600142518e-9
3.55446328247524e-9
3.57607278866823e-9
3.59951493903319e-9
3.62415209473823e-9
3.64930360926724e-9
3.67426152776481e-9
3.69830646140240e-9
3.72072317662438e-9
3.74081547298812e-9
3.75791997149078e-9
3.77141849340714e-9
3.78074877679051e-9
3.78541334919728e-9
3.78498644635356e-9
3.77911893740908e-9
3.76754127983078e-9
3.75006458668533e-9
3.72657993582323e-9
3.69705609032789e-9
3.66153582810844e-9
3.62013109695883e-9
3.57301722195550e-9
3.52042639151999e-9
3.46264064321142e-9
3.39998455721818e-9
3.33281784835346e-9
3.26152802653009e-9
3.18652327284106e-9
3.10822565445154e-9
3.02706477681089e-9
2.94347194916596e-9
2.85787491671035e-9
2.77069319230790e-9
2.68233400345294e-9
2.59318885389703e-9
2.50363068590427e-9
2.41401161895927e-9
2.32466123167417e-9
2.23588534743250e-9
2.14796527965688e-9
2.06115749040299e-9
1.97569361404365e-9
1.89178079839075e-9
1.80960231654292e-9
1.72931840451474e-9
1.65106728210304e-9
1.57496631810715e-9
1.50111330324929e-9
1.42958779867975e-9
1.36045253014448e-9
1.29375480330038e-9
1.22952791659695e-9
1.16779255357123e-9
1.10855813820921e-9
1.05182413997321e-9
9.97581318374898e-10
9.45812898188068e-10
8.96495669528937e-10
8.49601008511610e-10
8.05095815542665e-10
7.62943370175970e-10
7.23104102554333e-10
6.85536282415449e-10
6.50196627540646e-10
6.17040834494241e-10
5.86024034561334e-10
5.57101179031442e-10
5.30227357615386e-10
5.05358054536305e-10
4.82449346874873e-10
4.61458049863430e-10
4.42341814001703e-10
4.25059178667021e-10
4.09569587346089e-10
3.95833368710308e-10
3.83811688791715e-10
3.73466478271183e-10
3.64760339442065e-10
3.57656437256216e-10
3.52118377862744e-10
3.48110079106609e-10
3.45595636043596e-10
3.44539184878173e-10
3.44904768611138e-10
3.46656206680730e-10
3.49756971730293e-10
3.54170074925306e-10
3.59857962681379e-10
3.66782425484339e-10
3.74904520803496e-10
3.84184510927534e-10
3.94581816568648e-10
4.06054986367610e-10
4.18561683220281e-10
4.32058686845315e-10
4.46501912281304e-10
4.61846444652210e-10
4.78046588153388e-10
4.95055929913098e-10
5.12827416405297e-10
5.31313442175639e-10
5.50465948968817e-10
5.70236534412218e-10
5.90576568231932e-10
6.11437315348238e-10
6.32770063311590e-10
6.54526253391046e-10
6.76657613657889e-10
6.99116292236727e-10
7.21854989839964e-10
7.44827089918830e-10
7.67986785378510e-10
7.91289200602062e-10
8.14690507883231e-10
8.38148037277668e-10
8.61620378822280e-10
8.85067477168435e-10
9.08450717043102e-10
9.31732999998164e-10
9.54878811537587e-10
9.77854278875253e-10
1.00062721857517e-9
1.02316717507890e-9
1.04544544885868e-9
1.06743511574218e-9
1.08911103702660e-9
1.11044986011689e-9
1.13143001165657e-9
1.15203168191538e-9
1.17223680199479e-9
1.19202901422628e-9
1.21139363548202e-9
1.23031761542615e-9
1.24878948911926e-9
1.26679932466174e-9
1.28433866730271e-9
1.30140047952793e-9
1.31797907852530e-9
1.33407007082712e-9
1.34967028540308e-9
1.36477770531995e-9
1.37939139803199e-9
1.39351144585832e-9
1.40713887552509e-9
1.42027558898602e-9
1.43292429386118e-9
1.44508843571026e-9
1.45677213060275e-9
1.46798010025268e-9
1.47871760787742e-9
1.48899039634231e-9
1.49880462836121e-9
1.50816682897265e-9
1.51708382984416e-9
1.52556271637288e-9
1.53361077695176e-9
1.54123545468846e-9
1.54844430205285e-9
1.55524493699782e-9
1.56164500255046e-9
1.56765212827650e-9
1.57327389425991e-9
1.57851779728212e-9
1.58339121972942e-9
1.58790139983565e-9
1.59205540507247e-9
1.59586010660387e-9
1.59932215654196e-9
1.60244796626099e-9
1.60524368719778e-9
1.60771519298776e-9
1.60986806279364e-9
1.61170756693823e-9
1.61323865323914e-9
1.61446593501429e-9
1.61539367988961e-9
1.61602580038884e-9
1.61636584465894e-9
1.61641698902523e-9
1.61618203048653e-9
1.61566338115728e-9
1.61486306208849e-9
1.61378269873448e-9
1.61242351687089e-9
1.61078633814896e-9
1.60887157770909e-9
1.60667924046428e-9
1.60420891943901e-9
1.60145979300401e-9
1.59843062345216e-9
1.59511975540178e-9
1.59152511490216e-9
1.58764420799542e-9
1.58347412072680e-9
1.57901151871046e-9
1.57425264681129e-9
1.56919333039477e-9
1.56382897543983e-9
1.55815457019228e-9
1.55216468724875e-9
1.54585348587756e-9
1.53921471522262e-9
1.53224171868586e-9
1.52492743903902e-9
1.51726442446067e-9
1.50924483692237e-9
1.50086046056322e-9
1.49210271349045e-9
1.48296266065886e-9
1.47343102925431e-9
1.46349822744176e-9
1.45315436527571e-9
1.44238928002310e-9
1.43119256476995e-9
1.41955360201978e-9
1.40746160224259e-9
1.39490564822686e-9
1.38187474495077e-9
1.36835787812660e-9
1.35434407933447e-9
1.33982250018413e-9
1.32478249622153e-9
1.30921372145585e-9
1.29310623392895e-9
1.27645061463635e-9
1.25923809892866e-9
1.24146072340863e-9
1.22311148784019e-9
1.20418453374773e-9
1.18467534017620e-9
1.16458093758498e-9
1.14390014004003e-9
1.12263379609534e-9
1.10078505831042e-9
1.07835967001044e-9
1.05536626952832e-9
1.03181670848024e-9
1.00772638271030e-9
9.83114570882300e-10
9.58004778106150e-10
9.32425075949333e-10
9.06408433654540e-10
8.79993031466691e-10
8.53222544667752e-10
8.26146387938217e-10
7.98819906417200e-10
7.71304498744246e-10
7.43667657767678e-10
7.15982911843225e-10
6.88329653138734e-10
6.60792837051164e-10
6.33462541606032e-10
6.06433377623638e-10
5.79803745498796e-10
5.53674940815267e-10
5.28150118278994e-10
5.03333130552410e-10
4.79327271007898e-10
4.56233954391882e-10
4.34151382301362e-10
4.13173243684503e-10
3.93387508167504e-10
3.74875368346735e-10
3.57710384937338e-10
3.41957879323300e-10
3.27674604016028e-10
3.14908703717323e-10
3.03699956992059e-10
2.94080266185446e-10
2.86074340849993e-10
2.79700501007455e-10
2.74971515243966e-10
2.71895383841158e-10
2.70475982915494e-10
2.70713499874435e-10
2.72604613968706e-10
2.76142402058974e-10
2.81315982340654e-10
2.88109935794534e-10
2.96503570062964e-10
3.06470107124082e-10
3.17975883906007e-10
3.30979651912685e-10
3.45432053240641e-10
3.61275331494214e-10
3.78443315883428e-10
3.96861692448942e-10
4.16448555357209e-10
4.37115211061691e-10
4.58767193457550e-10
4.81305438311309e-10
5.04627560473335e-10
5.28629177199594e-10
5.53205224805112e-10
5.78251221890765e-10
6.03664441993803e-10
6.29344966162198e-10
6.55196596614878e-10
6.81127620325159e-10
7.07051419590030e-10
7.32886932389287e-10
7.58558971189034e-10
7.83998411023531e-10
8.09142261717151e-10
8.33933638975517e-10
8.58321650199736e-10
8.82261210636116e-10
9.05712804046777e-10
9.28642201583576e-10
9.51020150605550e-10
9.72822044329448e-10
9.94027581069070e-10
1.01462042010401e-9
1.03458784175207e-9
1.05392041460488e-9
1.07261167558908e-9
1.09065782454171e-9
1.10805743506586e-9
1.12481118448242e-9
1.14092160143768e-9
1.15639283337218e-9
1.17123043194086e-9
1.18544115756109e-9
1.19903280151655e-9
1.21201402409128e-9
1.22439421001585e-9
1.23618333768620e-9
1.24739186320960e-9
1.25803061646345e-9
1.26811070974351e-9
1.27764345701422e-9
1.28664030308427e-9
1.29511276166881e-9
1.30307236196899e-9
1.31053060219786e-9
1.31749891024593e-9
1.32398860965041e-9
1.33001089147483e-9
1.33557679075418e-9
1.34069716671826e-9
1.34538268745310e-9
1.34964381766137e-9
1.35349080860769e-9
1.35693369197283e-9
1.35998227462561e-9
1.36264613626864e-9
1.36493462852662e-9
1.36685687499489e-9
1.36842177360179e-9
1.36963799913273e-9
1.37051400721569e-9
1.37105803901237e-9
1.37127812632053e-9
1.37118209766607e-9
1.37077758477192e-9
1.37007202904588e-9
1.36907268873666e-9
1.36778664662096e-9
1.36622081706114e-9
1.36438195402920e-9
1.36227665876541e-9
1.35991138789972e-9
1.35729246115773e-9
1.35442606947384e-9
1.35131828291770e-9
1.34797505877189e-9
1.34440224932441e-9
1.34060560998976e-9
1.33659080685869e-9
1.33236342495840e-9
1.32792897564834e-9
1.32329290437024e-9
1.31846059852938e-9
1.31343739482925e-9
1.30822858684879e-9
1.30283943259227e-9
1.29727516181203e-9
1.29154098335243e-9
1.28564209251447e-9
1.27958367822785e-9
1.27337093042815e-9
1.26700904681935e-9
1.26050324072902e-9
1.25385874729586e-9
1.24708083140345e-9
1.24017479428332e-9
1.23314598046555e-9
1.22599978531398e-9
1.21874166148523e-9
1.21137712639728e-9
1.20391176892375e-9
1.19635125668340e-9
1.18870134288600e-9
1.18096787361355e-9
1.17315679456939e-9
1.16527415841768e-9
1.15732613188108e-9
1.14931900263880e-9
1.14125918669948e-9
1.13315323545274e-9
1.12500784279264e-9
1.11682985255149e-9
1.10862626520915e-9
1.10040424593219e-9
1.09217113069255e-9
1.08393443469817e-9
1.07570185854694e-9
1.06748129628045e-9
1.05928084183861e-9
1.05110879693726e-9
1.04297367753999e-9
1.03488422137206e-9
1.02684939454270e-9
1.01887839883196e-9
1.01098067801877e-9
1.00316592487404e-9
9.95444087509793e-10
9.87825375677247e-10
9.80320266934199e-10
9.72939512393041e-10
9.65694142333272e-10
9.58595471545124e-10
9.51655104013030e-10
9.44884937653476e-10
9.38297168037076e-10
9.31904292127192e-10
9.25719111171046e-10
9.19754732882610e-10
9.14024573181689e-10
9.08542356831454e-10
9.03322117626199e-10
8.98378197089073e-10
8.93725242619028e-10
8.89378204333471e-10
8.85352330470045e-10
8.81663161778124e-10
8.78326524011694e-10
8.75358519281897e-10
8.72775515249682e-10
8.70594132745758e-10
8.68831231012475e-10
8.67503891128538e-10
8.66629396691742e-10
8.66225212301894e-10
8.66308958986086e-10
8.66898386898059e-10
8.68011344877786e-10
8.69665746587268e-10
8.71879533251303e-10
8.74670632407521e-10
8.78056912921390e-10
8.82056135648751e-10
8.86685899741926e-10
8.91963584143247e-10
8.97906284409356e-10
9.04530744333732e-10
9.11853282129021e-10
9.19889711338847e-10
9.28655255842550e-10
9.38164459075466e-10
9.48431087255432e-10
9.59468026383233e-10
9.71287173051254e-10
9.83899319104674e-10
9.97314029774491e-10
1.01153951591831e-9
1.02658249981719e-9
1.04244807536870e-9
1.05913956234125e-9
1.07665835558574e-9
1.09500376915423e-9
1.11417287630676e-9
1.13416034568320e-9
1.15495827498643e-9
1.17655602231846e-9
1.19894003727833e-9
1.22209369210376e-9
1.24599711501618e-9
1.27062702690985e-9
1.29595658378051e-9
1.32195522582216e-9
1.34858853680840e-9
1.37581811509110e-9
1.40360145900478e-9
1.43189187006702e-9
1.46063837614630e-9
1.48978567843095e-9
1.51927412497329e-9
1.54903971473204e-9
1.57901413538922e-9
1.60912483830507e-9
1.63929515490061e-9
1.66944445740746e-9
1.69948836727138e-9
1.72933901567459e-9
1.75890535744174e-9
1.78809354247930e-9
1.81680734616546e-9
1.84494866023804e-9
1.87241804623397e-9
1.89911534985387e-9
