2.46798925320247e-7
9.94765447092703e-9
9.40121379538259e-9
7.79700371869964e-9
6.44093909154665e-9
5.29772339674570e-9
4.35235267927897e-9
3.58918113125768e-9
2.99260664727357e-9
2.54735537638832e-9
2.23870144246957e-9
2.05262661367098e-9
1.97592897620749e-9
1.99628898532918e-9
2.10230060902836e-9
2.28347459327310e-9
2.53022015000613e-9
2.83381061273510e-9
3.18633784261098e-9
3.58065940177079e-9
4.01034178107052e-9
4.46960228182768e-9
4.95325153647203e-9
5.45663810061749e-9
5.97559609890694e-9
6.50639651679733e-9
7.04570244561719e-9
7.59052834221846e-9
8.13820322520023e-9
8.68633759043774e-9
9.23279378565064e-9
9.77565953103044e-9
1.03132242699717e-8
1.08439580372370e-8
1.13664925532687e-8
1.18796042728427e-8
1.23821991490098e-8
1.28732988974805e-8
1.33520285800731e-8
1.38176053397396e-8
1.42693281631006e-8
1.47065685396152e-8
1.51287619311710e-8
1.55353999577895e-8
1.59260232365569e-8
1.63002148047140e-8
1.66575940807099e-8
1.69978113144022e-8
1.73205424905003e-8
1.76254846496340e-8
1.79123516002318e-8
1.81808699971732e-8
1.84307757661917e-8
1.86618108584689e-8
1.88737203238628e-8
1.90662496938888e-8
1.92391426699791e-8
1.93921391177790e-8
1.95249733727401e-8
1.96373728655008e-8
1.97290570854268e-8
1.97997368979677e-8
1.98491142539453e-8
1.98768823128467e-8
1.98827260359515e-8
1.98663232931680e-8
1.98273465453482e-8
1.97654651754158e-8
1.96803485462676e-8
1.95716698772941e-8
1.94391110404654e-8
1.92823683849937e-8
1.91011597173545e-8
1.88952325506078e-8
1.86643737648091e-8
1.84084207999761e-8
1.81272745058363e-8
1.78209137515110e-8
1.74894118793698e-8
1.71329550320700e-8
1.67518623366082e-8
1.63466078406741e-8
1.59178439931089e-8
1.54664263196537e-8
1.49934387924275e-8
1.45002191754056e-8
1.39883834246721e-8
1.34598479511146e-8
1.29168483215621e-8
1.23619527151266e-8
1.17980682646534e-8
1.12284382998411e-8
1.06566285195966e-8
1.00865003482661e-8
9.52217015797548e-9
8.96795378875768e-9
8.42829681626835e-9
7.90769230978545e-9
7.41058930995655e-9
6.94129672573267e-9
6.50388865276909e-9
6.10211788414029e-9
5.73934441672055e-9
5.41848477177836e-9
5.14198591571156e-9
4.91182460094765e-9
4.72952944314791e-9
4.59621961519006e-9
4.51265138420713e-9
4.47926249273047e-9
4.49620502012032e-9
4.56335983749880e-9
4.68032967919922e-9
4.84641239238587e-9
5.06056012735544e-9
5.32133323141014e-9
5.62685883747128e-9
5.97480346969671e-9
6.36236671697095e-9
6.78629975136122e-9
7.24294891653499e-9
7.72832142419146e-9
8.23816785485387e-9
8.76807485770031e-9
9.31356118404345e-9
9.87017077375417e-9
1.04335577835213e-8
1.09995598961778e-8
1.15642577547623e-8
1.21240197237789e-8
1.26755322892872e-8
1.32158172286178e-8
1.37422372073556e-8
1.42524917309024e-8
1.47446054492594e-8
1.52169107315081e-8
1.56680262462671e-8
1.60968330559503e-8
1.65024494742320e-8
1.68842056879295e-8
1.72416189100090e-8
1.75743696232868e-8
1.78822793045192e-8
1.81652898688572e-8
1.84234449627354e-8
1.86568731507651e-8
1.88657729676513e-8
1.90503997701194e-8
1.92110542863369e-8
1.93480727445131e-8
1.94618184538555e-8
1.95526747057657e-8
1.96210388691244e-8
1.96673175569068e-8
1.96919227501481e-8
1.96952687768749e-8
1.96777700505851e-8
1.96398394870339e-8
1.95818875251659e-8
1.95043216883677e-8
1.94075466377174e-8
1.92919646651302e-8
1.91579765976073e-8
1.90059830800335e-8
1.88363862141065e-8
1.86495915443261e-8
1.84460103750917e-8
1.82260624203006e-8
1.79901787868323e-8
1.77388052988395e-8
1.74724061729295e-8
1.71914680630024e-8
1.68965044936955e-8
1.65880607063639e-8
1.62667189468334e-8
1.59331042261461e-8
1.55878905896809e-8
1.52318079332995e-8
1.48656494080577e-8
1.44902794571882e-8
1.41066425327375e-8
1.37157725372906e-8
1.33188030419882e-8
1.29169783271641e-8
1.25116652911643e-8
1.21043662731969e-8
1.16967328233347e-8
1.12905804516715e-8
1.08879043715940e-8
1.04908962393503e-8
1.01019618655614e-8
9.72373985410848e-9
9.35912107884287e-9
9.01126887072995e-9
8.68363972368171e-9
8.38000426356809e-9
8.10446812929195e-9
7.86149231540586e-9
7.65591239181003e-9
7.49295586157688e-9
7.37825673538831e-9
7.31786618220841e-9
7.31825786195254e-9
7.38632625616065e-9
7.52937597878234e-9
7.75509968164678e-9
8.07154176009348e-9
8.48704463669866e-9
9.01017395355125e-9
9.64961857259643e-9
1.04140608946392e-8
1.13120127147165e-8
1.23516116963265e-8
1.35403736626148e-8
1.48848963785953e-8
1.63905114742309e-8
1.80608828132784e-8
1.98975521206008e-8
2.18994362755365e-8
2.40622855451300e-8
2.63781183648288e-8
2.88346561597627e-8
3.14147910991024e-8
3.40961303459673e-8
3.68506716582889e-8
3.96446761722054e-8
4.24388131816772e-8
4.51886566437465e-8
4.78456111488813e-8
5.03583330444270e-8
5.26746870264776e-8
5.47442371294690e-8
5.65212124041954e-8
5.79678130840315e-8
5.90576378059278e-8
5.97789262626590e-8
6.01372391521681e-8
6.01571568540256e-8
5.98825893476198e-8
5.93753687264708e-8
5.87119496367092e-8
5.79782653041303e-8
5.72630532597860e-8
5.66502341629061e-8
5.62111470341423e-8
5.59975624898622e-8
5.60363734829117e-8
5.63266883003390e-8
5.68397437684442e-8
5.75216696444402e-8
5.82987398364722e-8
5.90844166299783e-8
5.97872889641966e-8
6.03189541644336e-8
6.06009895757375e-8
6.05703722470816e-8
6.01829795360600e-8
5.94150861190716e-8
5.82630171881432e-8
5.67412938108853e-8
5.48797033287075e-8
5.27197500125000e-8
5.03109044984124e-8
4.77069951812445e-8
4.49629909902770e-8
4.21323296642977e-8
3.92648605522827e-8
3.64054027882432e-8
3.35928707381319e-8
3.08598880646978e-8
2.82327968910417e-8
2.57319657844089e-8
2.33723059753977e-8
2.11639161095573e-8
1.91127892609156e-8
1.72215299736086e-8
1.54900424269161e-8
1.39161626714384e-8
1.24962178864200e-8
1.12255036919171e-8
1.00986768155822e-8
9.11006507652035e-9
8.25389996399239e-9
7.52447930838410e-9
6.91626890957654e-9
6.42395269101219e-9
6.04244116155398e-9
5.76684779976216e-9
5.59244253003478e-9
5.51459079160311e-9
5.52868586504328e-9
5.63008115077867e-9
5.81402802263639e-9
6.07562373691276e-9
6.40977270741483e-9
6.81116328174192e-9
7.27426102689984e-9
7.79331848608521e-9
8.36240044193333e-9
8.97542293827176e-9
9.62620371891899e-9
1.03085213142738e-8
1.10161797865975e-8
1.17430761002150e-8
1.24832671935230e-8
1.32310340984981e-8
1.39809408062369e-8
1.47278860269477e-8
1.54671464579884e-8
1.61944106752738e-8
1.69058032178170e-8
1.75978988730060e-8
1.82677275314041e-8
1.89127702885098e-8
1.95309476968988e-8
2.01206012281094e-8
2.06804691030173e-8
2.12096576661738e-8
2.17076094701831e-8
2.21740691688354e-8
2.26090482198386e-8
2.30127892961748e-8
2.33857311649474e-8
2.37284746691944e-8
2.40417503153559e-8
2.43263878492500e-8
2.45832880810523e-8
2.48133971316490e-8
2.50176831696052e-8
2.51971156447888e-8
2.53526469638668e-8
2.54851964896278e-8
2.55956367385731e-8
2.56847815957065e-8
2.57533763681768e-8
2.58020894905139e-8
2.58315056774621e-8
2.58421203486131e-8
2.58343351343350e-8
2.58084542982143e-8
2.57646819260665e-8
2.57031197413508e-8
2.56237654373987e-8
2.55265114318257e-8
2.54111439772368e-8
2.52773425953991e-8
2.51246798176437e-8
2.49526212778749e-8
2.47605262197622e-8
2.45476485481355e-8
2.43131386051436e-8
2.40560459289741e-8
2.37753233275774e-8
2.34698327082425e-8
2.31383532254332e-8
2.27795924363473e-8
2.23922013379956e-8
2.19747943213740e-8
2.15259753076824e-8
2.10443715380503e-8
2.05286767017333e-8
1.99777052990074e-8
1.93904602347702e-8
1.87662156663578e-8
1.81046168953528e-8
1.74057985710601e-8
1.66705214331175e-8
1.59003261461266e-8
1.50977002267611e-8
1.42662504938132e-8
1.34108688515062e-8
1.25378736784706e-8
1.16551032893220e-8
1.07719329870009e-8
9.89918508670536e-9
9.04890452039307e-9
8.23398402958624e-9
7.46764446270713e-9
6.76280664914168e-9
6.13142664154333e-9
5.58389510887701e-9
5.12860980694762e-9
4.77180426331464e-9
4.51765322848894e-9
4.36859074256075e-9
4.32570186993595e-9
4.38902103417048e-9
4.55760927308363e-9
4.82937830103578e-9
5.20073954527328e-9
5.66623146307929e-9
6.21828792682554e-9
6.84725767936673e-9
7.54170044184429e-9
8.28890668943095e-9
9.07554101883263e-9
9.88829979471034e-9
1.07144936224784e-8
1.15424991525852e-8
1.23620593532493e-8
1.31644384624673e-8
1.39424545348352e-8
1.46904196773927e-8
1.54040183216053e-8
1.60801500144147e-8
1.67167575791629e-8
1.73126556503510e-8
1.78673693998326e-8
1.83809891257438e-8
1.88540433047882e-8
1.92873905994762e-8
1.96821299692213e-8
2.00395272747991e-8
2.03609564070703e-8
2.06478528836115e-8
2.09016779292999e-8
2.11238912342482e-8
2.13159307848455e-8
2.14791983954830e-8
2.16150497754102e-8
2.17247881707393e-8
2.18096607884977e-8
2.18708573613362e-8
2.19095103421274e-8
2.19266963140889e-8
2.19234382999935e-8
2.19007087143523e-8
2.18594327659930e-8
2.18004921619167e-8
2.17247289996499e-8
2.16329497665144e-8
2.15259293810732e-8
2.14044152380355e-8
2.12691312278768e-8
2.11207817077824e-8
2.09600554195530e-8
2.07876293492531e-8
2.06041725259027e-8
2.04103497686099e-8
2.02068253839595e-8
1.99942668250378e-8
1.97733483193683e-8
1.95447544737479e-8
1.93091838694453e-8
1.90673526508971e-8
1.88199981202826e-8
1.85678823426521e-8
1.83117957652911e-8
1.80525608587238e-8
1.77910357756288e-8
1.75281180280054e-8
1.72647481770115e-8
1.70019135278438e-8
1.67406518122018e-8
1.64820548444201e-8
1.62272721226316e-8
1.59775143439343e-8
1.57340567954507e-8
1.54982425666993e-8
1.52714855278530e-8
1.50552729962203e-8
1.48511680059654e-8
1.46608110763150e-8
1.44859213552222e-8
1.43282969974536e-8
1.41898146095463e-8
1.40724275725962e-8
1.39781630232480e-8
1.39091172455578e-8
1.38674491944719e-8
1.38553718386417e-8
1.38751409776943e-8
1.39290411569376e-8
1.40193682703337e-8
1.41484084198536e-8
1.43184125777561e-8
1.45315665910286e-8
1.47899560733066e-8
1.50955257562461e-8
1.54500329220991e-8
1.58549946278383e-8
1.63116285533307e-8
1.68207874871094e-8
1.73828876942580e-8
1.79978317212875e-8
1.86649265712434e-8
1.93827986538623e-8
2.01493074701380e-8
2.09614606350941e-8
2.18153335661985e-8
2.27059979527044e-8
2.36274639298269e-8
2.45726416904690e-8
2.55333289819070e-8
2.65002314957435e-8
2.74630234471107e-8
2.84104555440654e-8
2.93305169198323e-8
3.02106563183904e-8
3.10380657499699e-8
3.18000268673506e-8
3.24843164348426e-8
3.30796624892719e-8
3.35762373028479e-8
3.39661673305176e-8
3.42440344154195e-8
3.44073372257078e-8
3.44568779192248e-8
3.43970371634472e-8
3.42359016483784e-8
3.39852127045778e-8
3.36601129743863e-8
3.32786801854248e-8
3.28612524071320e-8
3.24295666439622e-8
3.20057506230419e-8
3.16112242018904e-8
3.12655798854312e-8
3.09855195244199e-8
3.07839249641684e-8
3.06691335042150e-8
3.06444748120871e-8
3.07081056441124e-8
3.08531544863624e-8
3.10681627178333e-8
3.13377849830180e-8
3.16436917543744e-8
3.19656035740288e-8
3.22823803064215e-8
3.25730900277317e-8
3.28179901607549e-8
3.29993665970272e-8
3.31021929250259e-8
3.31145894178361e-8
3.30280782792200e-8
3.28376462600882e-8
3.25416371849025e-8
3.21415046576371e-8
3.16414592743119e-8
3.10480454132671e-8
3.03696807458623e-8
2.96161877113494e-8
2.87983411067775e-8
2.79274503252962e-8
2.70149891644672e-8
2.60722809623053e-8
