1.91804756521820e-7
7.96949645644090e-9
7.55592754713208e-9
6.35175313506930e-9
5.31894919923395e-9
4.43416396082619e-9
3.68799951934079e-9
3.07055373691562e-9
2.57185397754202e-9
2.18203762699444e-9
1.89149624841730e-9
1.69098527657650e-9
1.57170389281414e-9
1.52534941153339e-9
1.54415021928459e-9
1.62088100076951e-9
1.74886366795703e-9
1.92195706861817e-9
2.13453820491582e-9
2.38147733523655e-9
2.65810898661174e-9
2.96020055507632e-9
3.28391985929754e-9
3.62580270959420e-9
3.98272129687844e-9
4.35185397323969e-9
4.73065680787334e-9
5.11683713994060e-9
5.50832923363203e-9
5.90327203550407e-9
6.29998897880022e-9
6.69696972239397e-9
7.09285368869701e-9
7.48641524919353e-9
7.87655039900619e-9
8.26226476891693e-9
8.64266282694391e-9
9.01693813660429e-9
9.38436454744879e-9
9.74428820962513e-9
1.00961203176108e-8
1.04393304984363e-8
1.07734407695980e-8
1.10980200073328e-8
1.14126788704987e-8
1.17170651316142e-8
1.20108593783419e-8
1.22937710485589e-8
1.25655347730660e-8
1.28259069953440e-8
1.30746628517530e-8
1.33115932889378e-8
1.35365024034713e-8
1.37492049908557e-8
1.39495242866680e-8
1.41372898965180e-8
1.43123358988787e-8
1.44744991200107e-8
1.46236175718145e-8
1.47595290520054e-8
1.48820699025302e-8
1.49910739319170e-8
1.50863714979436e-8
1.51677887626296e-8
1.52351471217521e-8
1.52882628249481e-8
1.53269467951554e-8
1.53510046686932e-8
1.53602370732295e-8
1.53544401730028e-8
1.53334065023640e-8
1.52969261293858e-8
1.52447881821219e-8
1.51767827794275e-8
1.50927034171996e-8
1.49923498605340e-8
1.48755315947972e-8
1.47420719017570e-8
1.45918126188546e-8
1.44246196460296e-8
1.42403892664880e-8
1.40390553362755e-8
1.38205974005952e-8
1.35850497694026e-8
1.33325115811236e-8
1.30631578454461e-8
1.27772514276440e-8
1.24751558881788e-8
1.21573490381653e-8
1.18244369949938e-8
1.14771684397509e-8
1.11164486863138e-8
1.07433530544351e-8
1.03591389256118e-8
9.96525575014527e-9
9.56335215239258e-9
9.15527920661261e-9
8.74308889905406e-9
8.32902680940905e-9
7.91551813442754e-9
7.50514636954537e-9
7.10062428789356e-9
6.70475729358467e-9
6.32039979877499e-9
5.95040593164557e-9
5.59757657969221e-9
5.26460543632162e-9
4.95402720889583e-9
4.66817140025983e-9
4.40912492268627e-9
4.17870622399511e-9
3.97845255329695e-9
3.80962056605648e-9
3.67319883276266e-9
3.56992922503224e-9
3.50033289896642e-9
3.46473595902950e-9
3.46329003030875e-9
3.49598394512358e-9
3.56264440873074e-9
3.66292556405016e-9
3.79628944899309e-9
3.96198103402188e-9
4.15900256185949e-9
4.38609211534567e-9
4.64171074974073e-9
4.92404130745918e-9
5.23100045771747e-9
5.56026385932164e-9
5.90930290177418e-9
6.27543040352948e-9
6.65585202997718e-9
7.04772003116821e-9
7.44818612116922e-9
7.85445080720787e-9
8.26380713617973e-9
8.67367751662688e-9
9.08164294491546e-9
9.48546453149559e-9
9.88309767823786e-9
1.02726995770073e-8
1.06526309014333e-8
1.10214526609520e-8
1.13779191974899e-8
1.17209682610347e-8
1.20497090158502e-8
1.23634087160677e-8
1.26614786777819e-8
1.29434600537348e-8
1.32090098091102e-8
1.34578871975202e-8
1.36899409568163e-8
1.39050973615855e-8
1.41033492255644e-8
1.42847458886720e-8
1.44493841979711e-8
1.45974004578049e-8
1.47289633113877e-8
1.48442675015252e-8
1.49435284490178e-8
1.50269775891582e-8
1.50948583974160e-8
1.51474230436841e-8
1.51849296173432e-8
1.52076398608403e-8
1.52158173648902e-8
1.52097261752497e-8
1.51896297702289e-8
1.51557903684686e-8
1.51084685379131e-8
1.50479230733517e-8
1.49744111218442e-8
1.48881885322828e-8
1.47895104166976e-8
1.46786319047606e-8
1.45558090877299e-8
1.44213001394222e-8
1.42753666136807e-8
1.41182749154523e-8
1.39502979466487e-8
1.37717169282206e-8
1.35828234089851e-8
1.33839214605685e-8
1.31753300763765e-8
1.29573857782345e-8
1.27304454502905e-8
1.24948894098984e-8
1.22511247342434e-8
1.19995888613389e-8
1.17407534831228e-8
1.14751287517237e-8
1.12032678221110e-8
1.09257717528344e-8
1.06432947879568e-8
1.03565500464034e-8
1.00663156375375e-8
9.77344123350791e-9
9.47885511056808e-9
9.18357168695966e-9
8.88869956747244e-9
8.59545010730999e-9
8.30514650149812e-9
8.01923338848412e-9
7.73928696203283e-9
7.46702555192534e-9
7.20432063077274e-9
6.95320817378657e-9
6.71590027504427e-9
6.49479688491016e-9
6.29249749875799e-9
6.11181257212615e-9
5.95577437905001e-9
5.82764696452325e-9
5.73093475243837e-9
5.66938927888867e-9
5.64701340662168e-9
5.66806224768371e-9
5.73703987760523e-9
5.85869075991218e-9
6.03798462264769e-9
6.28009333497639e-9
6.59035813007601e-9
6.97424531549029e-9
7.43728841513082e-9
7.98501451239769e-9
8.62285243263519e-9
9.35602034492168e-9
1.01893904064728e-8
1.11273282768835e-8
1.21735057339341e-8
1.33306853082887e-8
1.46004768872176e-8
1.59830677119568e-8
1.74769291833732e-8
1.90785064826058e-8
2.07819002741347e-8
2.25785536770867e-8
2.44569622634222e-8
2.64024298756611e-8
2.83968983109881e-8
3.04188838944750e-8
3.24435580237116e-8
3.44430109811406e-8
3.63867375457418e-8
3.82423779421510e-8
3.99767370217637e-8
4.15570872253253e-8
4.29527360348254e-8
4.41368065986432e-8
4.50881423674771e-8
4.57932062059213e-8
4.62478064570379e-8
4.64584536963689e-8
4.64431401912139e-8
4.62313471834101e-8
4.58631288855231e-8
4.53871985076817e-8
4.48580470147443e-8
4.43322490379028e-8
4.38642355148204e-8
4.35019179168618e-8
4.32826127346608e-8
4.32297201316205e-8
4.33505495274803e-8
4.36355618087172e-8
4.40591300555053e-8
4.45817348464863e-8
4.51533372752823e-8
4.57175409285067e-8
4.62160827836418e-8
4.65931893854714e-8
4.67993930764495e-8
4.67945074750426e-8
4.65495901113677e-8
4.60478507656500e-8
4.52845779313172e-8
4.42662406131284e-8
4.30089731382471e-8
4.15366679284883e-8
3.98788908389959e-8
3.80688037417095e-8
3.61412379959745e-8
3.41310178226842e-8
3.20715901969365e-8
2.99939814695278e-8
2.79260724546237e-8
2.58921636069723e-8
2.39127895459669e-8
2.20047363358490e-8
2.01812141294231e-8
1.84521405332366e-8
1.68244950473133e-8
1.53027110851946e-8
1.38890785738562e-8
1.25841364075803e-8
1.13870397175504e-8
1.02958918448053e-8
9.30803498895935e-9
8.42029678111034e-9
7.62919255799854e-9
6.93108499515339e-9
6.32230409926781e-9
5.79923146005369e-9
5.35835321551914e-9
4.99628647104311e-9
4.70978398742268e-9
4.49572187324610e-9
4.35107481315446e-9
4.27288306339374e-9
4.25821507141506e-9
4.30412914009456e-9
4.40763707434585e-9
4.56567223077741e-9
4.77506385318859e-9
5.03251903386807e-9
5.33461310528015e-9
5.67778876090656e-9
6.05836373580915e-9
6.47254646745507e-9
6.91645881679150e-9
7.38616466064679e-9
7.87770298530641e-9
8.38712400721801e-9
8.91052682311463e-9
9.44409714135156e-9
9.98414375535438e-9
1.05271325774446e-8
1.10697172490155e-8
1.16087655559337e-8
1.21413811061949e-8
1.26649199452620e-8
1.31770019989011e-8
1.36755174108536e-8
1.41586280159032e-8
1.46247643050891e-8
1.50726183528616e-8
1.55011332294283e-8
1.59094894751920e-8
1.62970892126435e-8
1.66635384756422e-8
1.70086282963887e-8
1.73323150594543e-8
1.76347005742468e-8
1.79160122638731e-8
1.81765838044979e-8
1.84168364950605e-8
1.86372615689688e-8
1.88384036140741e-8
1.90208452117749e-8
1.91851928578276e-8
1.93320642004316e-8
1.94620765835792e-8
1.95758368676107e-8
1.96739324702795e-8
1.97569235638665e-8
1.98253363387406e-8
1.98796572504363e-8
1.99203281543182e-8
1.99477422290278e-8
1.99622406012719e-8
1.99641095767461e-8
1.99535783913275e-8
1.99308174068753e-8
1.98959366760299e-8
1.98489848157200e-8
1.97899481361055e-8
1.97187499816063e-8
1.96352502541198e-8
1.95392451040015e-8
1.94304667831273e-8
1.93085836757564e-8
1.91732005475445e-8
1.90238590605086e-8
1.88600386476427e-8
1.86811578537500e-8
1.84865763035487e-8
1.82755974838586e-8
1.80474725956563e-8
1.78014057750213e-8
1.75365610699229e-8
1.72520716189574e-8
1.69470515900706e-8
1.66206115125459e-8
1.62718777578908e-8
1.59000170094556e-8
1.55042666590736e-8
1.50839721222707e-8
1.46386320659516e-8
1.41679524667382e-8
1.36719101899117e-8
1.31508263704123e-8
1.26054491956020e-8
1.20370446606344e-8
1.14474924223164e-8
1.08393819645895e-8
1.02161019262237e-8
9.58191277951871e-9
8.94199039622812e-9
8.30242597727441e-9
7.67016722828110e-9
7.05288761034431e-9
6.45877616291284e-9
5.89625048192849e-9
5.37360972483527e-9
4.89866096972038e-9
4.47836676309046e-9
4.11856837003949e-9
3.82383226925896e-9
3.59744390698004e-9
3.44153593428466e-9
3.35729864734862e-9
3.34519345101650e-9
3.40508920738102e-9
3.53627016324212e-9
3.73731326319859e-9
4.00588268680858e-9
4.33852052473873e-9
4.73051395835420e-9
5.17589389513735e-9
5.66758069490211e-9
6.19765498424950e-9
6.75770683886706e-9
7.33920861974863e-9
7.93386286884308e-9
8.53389105832449e-9
9.13224560520172e-9
9.72274211466302e-9
1.03001191733945e-8
1.08600388564535e-8
1.13990431760463e-8
1.19144811403403e-8
1.24044190335308e-8
1.28675438505286e-8
1.33030671270309e-8
1.37106340079277e-8
1.40902404655641e-8
1.44421601077580e-8
1.47668809777182e-8
1.50650520605690e-8
1.53374387863861e-8
1.55848866092608e-8
1.58082916464935e-8
1.60085773786637e-8
1.61866764607722e-8
1.63435167926331e-8
1.64800110896993e-8
1.65970493069329e-8
1.66954933598968e-8
1.67761736773851e-8
1.68398872074060e-8
1.68873965519245e-8
1.69194299824937e-8
1.69366821223238e-8
1.69398151335975e-8
1.69294602744546e-8
1.69062197269641e-8
1.68706686079059e-8
1.68233571052645e-8
1.67648126926260e-8
1.66955423810534e-8
1.66160349885055e-8
1.65267634019487e-8
1.64281868257086e-8
1.63207530012614e-8
1.62049004005150e-8
1.60810603851398e-8
1.59496593375382e-8
1.58111207611618e-8
1.56658673547781e-8
1.55143230669723e-8
1.53569151297281e-8
1.51940760820213e-8
1.50262457825828e-8
1.48538734196448e-8
1.46774195200463e-8
1.44973579632918e-8
1.43141779993404e-8
1.41283862785903e-8
1.39405088904072e-8
1.37510934110824e-8
1.35607109629412e-8
1.33699582790166e-8
1.31794597698177e-8
1.29898695861274e-8
1.28018736679016e-8
1.26161917701627e-8
1.24335794460326e-8
1.22548299749967e-8
1.20807762085393e-8
1.19122923066988e-8
1.17502953371716e-8
1.15957466899492e-8
1.14496532691608e-8
1.13130684044403e-8
1.11870924190740e-8
1.10728727859330e-8
1.09716037839768e-8
1.08845255642362e-8
1.08129225172938e-8
1.07581208189722e-8
1.07214850225537e-8
1.07044135442455e-8
1.07083328779347e-8
1.07346903580563e-8
1.07849452748934e-8
1.08605581353428e-8
1.09629778496884e-8
1.10936266196602e-8
1.12538823013458e-8
1.14450580205831e-8
1.16683788365847e-8
1.19249552729943e-8
1.22157535791314e-8
1.25415626446171e-8
1.29029575714730e-8
1.33002600150427e-8
1.37334955448375e-8
1.42023484443242e-8
1.47061145761455e-8
1.52436531863078e-8
1.58133387999591e-8
1.64130146862568e-8
1.70399497145521e-8
1.76908008009838e-8
1.83615835150035e-8
1.90476537844028e-8
1.97437039454714e-8
2.04437766292705e-8
2.11413000808119e-8
2.18291484484124e-8
2.24997302841451e-8
2.31451079195741e-8
2.37571494591334e-8
2.43277138428402e-8
2.48488677213099e-8
2.53131308118014e-8
2.57137439582987e-8
2.60449514531609e-8
2.63022864077315e-8
2.64828453192470e-8
2.65855357370468e-8
2.66112793697587e-8
2.65631524507578e-8
2.64464459495648e-8
2.62686305560378e-8
2.60392153558172e-8
2.57694947601724e-8
2.54721852848057e-8
2.51609617816312e-8
2.48499110673955e-8
2.45529287960214e-8
2.42830920108050e-8
2.40520443124918e-8
2.38694322589573e-8
2.37424301138514e-8
2.36753852392312e-8
2.36696086486578e-8
2.37233250956377e-8
2.38317855793001e-8
2.39875333950425e-8
2.41808040272092e-8
2.44000302967770e-8
2.46324180317319e-8
2.48645545610159e-8
2.50830126168683e-8
2.52749154647580e-8
2.54284347069056e-8
2.55331994494363e-8
2.55806035441420e-8
2.55640056382371e-8
2.54788240674973e-8
2.53225347429739e-8
2.50945847774540e-8
2.47962375770564e-8
2.44303665442585e-8
2.40012145841971e-8
2.35141355441075e-8
2.29753318512695e-8
2.23916002474320e-8
2.17700949207638e-8
2.11181147400948e-8
2.04429188623236e-8
1.97515728477070e-8
1.90508256164056e-8
