3.90528884659308e-7
1.47945533510048e-8
1.38961805202700e-8
1.12122410475042e-8
9.01337923317368e-9
7.22455253116132e-9
5.81088113381065e-9
4.73674555753420e-9
3.96733600345294e-9
3.46927510515781e-9
3.21105923415217e-9
3.16333945753364e-9
3.29907226499414e-9
3.59356727622732e-9
4.02445624360422e-9
4.57160462223390e-9
5.21698384084858e-9
5.94451928355633e-9
6.73992597772176e-9
7.59054118712900e-9
8.48516063692372e-9
9.41388295603890e-9
1.03679651907620e-8
1.13396908725478e-8
1.23222510990308e-8
1.33096383678198e-8
1.42965524336017e-8
1.52783171786150e-8
1.62508073707920e-8
1.72103841503206e-8
1.81538381433497e-8
1.90783391869269e-8
1.99813917577702e-8
2.08607953193844e-8
2.17146089073670e-8
2.25411193887046e-8
2.33388129073589e-8
2.41063491184597e-8
2.48425378831523e-8
2.55463181378619e-8
2.62167387085213e-8
2.68529408774168e-8
2.74541425342232e-8
2.80196237747724e-8
2.85487138302646e-8
2.90407792303870e-8
2.94952131143186e-8
2.99114256384516e-8
3.02888354134209e-8
3.06268619604812e-8
3.09249191516962e-8
3.11824096521209e-8
3.13987203772486e-8
3.15732190152388e-8
3.17052516749917e-8
3.17941417610463e-8
3.18391901905179e-8
3.18396771083260e-8
3.17948652920443e-8
3.17040054686441e-8
3.15663438065188e-8
3.13811319028119e-8
3.11476395958239e-8
3.08651710182629e-8
3.05330842965635e-8
3.01508153687876e-8
2.97179063845696e-8
2.92340391573206e-8
2.86990740951950e-8
2.81130949613166e-8
2.74764596785366e-8
2.67898571851611e-8
2.60543700349347e-8
2.52715420360771e-8
2.44434496613912e-8
2.35727752833015e-8
2.26628794554814e-8
2.17178685059864e-8
2.07426526800104e-8
1.97429890500871e-8
1.87255025418573e-8
1.76976778959639e-8
1.66678154386355e-8
1.56449444695796e-8
1.46386901048882e-8
1.36590928145595e-8
1.27163845647685e-8
1.18207312379954e-8
1.09819571071761e-8
1.02092725633189e-8
9.51102962648679e-9
8.89452955067422e-9
8.36590204784587e-9
7.93006607571233e-9
7.59076892192858e-9
7.35068596651792e-9
7.21155148860125e-9
7.17428474945311e-9
7.23907765164144e-9
7.40542076650347e-9
7.67206105553431e-9
8.03690293865502e-9
8.49687957729676e-9
9.04782950628706e-9
9.68441338878380e-9
1.04000975460789e-8
1.11872178427963e-8
1.20371231391906e-8
1.29403851360838e-8
1.38870531957119e-8
1.48669293278445e-8
1.58698395153880e-8
1.68858816627258e-8
1.79056362301734e-8
1.89203317265868e-8
1.99219627212763e-8
2.09033623451143e-8
2.18582342170038e-8
2.27811503973017e-8
2.36675226133366e-8
2.45135538146022e-8
2.53161764867511e-8
2.60729831836555e-8
2.67821537248125e-8
2.74423824700864e-8
2.80528081814250e-8
2.86129481712950e-8
2.91226378240471e-8
2.95819760413102e-8
2.99912768078231e-8
3.03510267932405e-8
3.06618487220905e-8
3.09244701255965e-8
3.11396970326157e-8
3.13083921271472e-8
3.14314568968016e-8
3.15098173306104e-8
3.15444127417702e-8
3.15361873434155e-8
3.14860842320358e-8
3.13950414981148e-8
3.12639901992671e-8
3.10938539940570e-8
3.08855502597579e-8
3.06399925524538e-8
3.03580943063704e-8
3.00407736921363e-8
2.96889595830728e-8
2.93035986032226e-8
2.88856632530925e-8
2.84361611295525e-8
2.79561452768852e-8
2.74467257258789e-8
2.69090822872870e-8
2.63444786968618e-8
2.57542782091703e-8
2.51399607650631e-8
2.45031418624428e-8
2.38455932784797e-8
2.31692658007931e-8
2.24763141339061e-8
2.17691241540941e-8
2.10503426905018e-8
2.03229100055762e-8
1.95900951412200e-8
1.88555342808097e-8
1.81232722455525e-8
1.73978072070136e-8
1.66841386288947e-8
1.59878183739287e-8
1.53150047935472e-8
1.46725194671886e-8
1.40679060633079e-8
1.35094905412445e-8
1.30064415885521e-8
1.25688297900025e-8
1.22076835192899e-8
1.19350389282727e-8
1.17639806583183e-8
1.17086689965643e-8
1.17843481275888e-8
1.20073288862029e-8
1.23949379816220e-8
1.29654240616879e-8
1.37378092477776e-8
1.47316729517999e-8
1.59668530175163e-8
1.74630476619558e-8
1.92393006073524e-8
2.13133515453274e-8
2.37008351589489e-8
2.64143150117618e-8
2.94621444830877e-8
3.28471565835125e-8
3.65651989649645e-8
4.06035508358564e-8
4.49392856843378e-8
4.95376780508426e-8
5.43507935629246e-8
5.93164468965607e-8
6.43577579801115e-8
6.93835753197525e-8
7.42900561158895e-8
7.89636817228400e-8
8.32859274680092e-8
8.71396815732083e-8
9.04173070654715e-8
9.30299624925651e-8
9.49174597893078e-8
9.60575838789805e-8
9.64734998064177e-8
9.62377228085172e-8
9.54712238805918e-8
9.43366635318703e-8
9.30255056734415e-8
9.17397872483573e-8
9.06704309380580e-8
8.99749333052552e-8
8.97577676843921e-8
9.00567080063282e-8
9.08374550112390e-8
9.19975689621376e-8
9.33790878071954e-8
9.47877201713250e-8
9.60154923205695e-8
9.68633979172230e-8
9.71609573369708e-8
9.67804747954829e-8
9.56449202280066e-8
9.37294814995139e-8
9.10577173023450e-8
8.76937802599031e-8
8.37323631331317e-8
7.92879130645653e-8
7.44843608328050e-8
6.94462286910855e-8
6.42915966647793e-8
5.91270793024714e-8
5.40447199969258e-8
4.91205526407704e-8
4.44145003603184e-8
3.99712610259739e-8
3.58218502563739e-8
3.19855176944432e-8
2.84718080246974e-8
2.52825950607472e-8
2.24139693656158e-8
1.98579042239270e-8
1.76036603629850e-8
1.56389168655087e-8
1.39506352659685e-8
1.25256771414788e-8
1.13512039351379e-8
1.04148924583367e-8
9.70500148312261e-9
9.21032480243258e-9
8.92006463929596e-9
8.82365671637201e-9
8.91057490211784e-9
9.17013934759986e-9
9.59134756703876e-9
1.01627431870389e-8
1.08723322615588e-8
1.17075523343758e-8
1.26552950192936e-8
1.37019789756570e-8
1.48336669329202e-8
1.60362179935293e-8
1.72954648888310e-8
1.85974051767136e-8
1.99283954800110e-8
2.12753386958861e-8
2.26258554634115e-8
2.39684329333582e-8
2.52925458217286e-8
2.65887467325782e-8
2.78487246093597e-8
2.90653318660344e-8
3.02325821310086e-8
3.13456216185926e-8
3.24006778698191e-8
3.33949900281905e-8
3.43267249574436e-8
3.51948833984421e-8
3.59992000964698e-8
3.67400414058087e-8
3.74183033881586e-8
3.80353128937540e-8
3.85927335723378e-8
3.90924782493465e-8
3.95366286437068e-8
3.99273629791563e-8
4.02668916965852e-8
4.05574011902798e-8
4.08010052632248e-8
4.09997038249162e-8
4.11553482501930e-8
4.12696127274159e-8
4.13439709092196e-8
4.13796771552972e-8
4.13777516922145e-8
4.13389690443293e-8
4.12638491554944e-8
4.11526506836786e-8
4.10053660302289e-8
4.08217177703302e-8
4.06011562345711e-8
4.03428581269682e-8
4.00457261917678e-8
3.97083901045140e-8
3.93292089405227e-8
3.89062758200884e-8
3.84374255811471e-8
3.79202466833700e-8
3.73520989474433e-8
3.67301392301086e-8
3.60513577298750e-8
3.53126283186684e-8
3.45107770851785e-8
3.36426741632642e-8
3.27053547970768e-8
3.16961764085480e-8
3.06130189356828e-8
2.94545356512468e-8
2.82204605307987e-8
2.69119754426709e-8
2.55321350629735e-8
2.40863385878188e-8
2.25828240387708e-8
2.10331428728996e-8
1.94525503660619e-8
1.78602239339879e-8
1.62792034335394e-8
1.47359452265926e-8
1.32594090266044e-8
1.18796660607112e-8
1.06261316198466e-8
9.52566566936113e-9
8.60090256140744e-9
7.86919294503671e-9
7.34240648176038e-9
7.02755607178033e-9
6.92786816341493e-9
7.04371901079335e-9
7.37293086250479e-9
7.91026978985518e-9
8.64642494686839e-9
9.56703097843817e-9
1.06522802453846e-8
1.18774061054605e-8
1.32139758709655e-8
1.46316815939279e-8
1.61002339570835e-8
1.75910262780587e-8
1.90783699830098e-8
2.05402409977465e-8
2.19585781921616e-8
2.33192297774941e-8
2.46116590850614e-8
2.58285116627177e-8
2.69651243340664e-8
2.80190330290105e-8
2.89895149523444e-8
2.98771840682764e-8
3.06836471690441e-8
3.14112202473475e-8
3.20627005363115e-8
3.26411874580548e-8
3.31499450544255e-8
3.35922986740017e-8
3.39715593423699e-8
3.42909701249045e-8
3.45536696731015e-8
3.47626690242784e-8
3.49208384667891e-8
3.50309019513703e-8
3.50954370642592e-8
3.51168790345713e-8
3.50975275946879e-8
3.50395558104001e-8
3.49450202092816e-8
3.48158717255817e-8
3.46539670974783e-8
3.44610804748013e-8
3.42389150585966e-8
3.39891146646518e-8
3.37132751428157e-8
3.34129556147451e-8
3.30896895283871e-8
3.27449955252087e-8
3.23803881496445e-8
3.19973884220749e-8
3.15975343071816e-8
3.11823911131657e-8
3.07535618549245e-8
3.03126976082773e-8
2.98615078888436e-8
2.94017710723251e-8
2.89353448749227e-8
2.84641768948891e-8
2.79903152196072e-8
2.75159190685430e-8
2.70432694501573e-8
2.65747797723342e-8
2.61130063364038e-8
2.56606586124074e-8
2.52206091632093e-8
2.47959030495996e-8
2.43897665022502e-8
2.40056146000549e-8
2.36470576337626e-8
2.33179057647746e-8
2.30221715153430e-8
2.27640695382074e-8
2.25480130121982e-8
2.23786059059928e-8
2.22606302323438e-8
2.21990272830015e-8
2.21988717072433e-8
2.22653371585286e-8
2.24036520985977e-8
2.26190442375621e-8
2.29166719856047e-8
2.33015412451669e-8
2.37784058737158e-8
2.43516502417674e-8
2.50251525189940e-8
2.58021276827789e-8
2.66849498030492e-8
2.76749539563693e-8
2.87722192170787e-8
2.99753356080926e-8
3.12811597025373e-8
3.26845657943518e-8
3.41782021764699e-8
3.57522650517359e-8
3.73943058579323e-8
3.90890911248065e-8
4.08185371451418e-8
4.25617443444797e-8
4.42951577814703e-8
4.59928801059085e-8
4.76271608335222e-8
4.91690802897513e-8
5.05894373362168e-8
5.18598366342669e-8
5.29539535960964e-8
5.38489338468841e-8
5.45268601528497e-8
5.49761954632046e-8
5.51930888899320e-8
5.51824158135146e-8
5.49584178590967e-8
5.45448170812229e-8
5.39743040893612e-8
5.32873429512061e-8
5.25302948257930e-8
5.17529325037714e-8
5.10054916291747e-8
5.03354712170758e-8
4.97844454841873e-8
4.93851713272304e-8
4.91592647936531e-8
4.91156741671145e-8
4.92501011923932e-8
4.95454251365470e-8
4.99730802329672e-8
5.04952403002356e-8
5.10675882817893e-8
5.16424025921124e-8
5.21716806460201e-8
5.26100413002695e-8
5.29171958529924e-8
5.30598422823642e-8
5.30129089818825e-8
5.27601425842987e-8
5.22940920030140e-8
5.16155828539462e-8
5.07328013694721e-8
4.96601156440700e-8
4.84167572754287e-8
4.70254718501698e-8
4.55112261403988e-8
4.39000368392749e-8
4.22179629731625e-8
4.04902837960879e-8
