9.53857570560608e-9
4.98052862887448e-10
4.85515985802467e-10
4.50977980716182e-10
4.18406203351706e-10
3.87609475247668e-10
3.58557505306426e-10
3.31215509891117e-10
3.05545784854988e-10
2.81508126310632e-10
2.59060228806999e-10
2.38158054401555e-10
2.18756173493468e-10
2.00808078735147e-10
1.84266472732227e-10
1.69083531220242e-10
1.55211142449416e-10
1.42601124069412e-10
1.31205418923988e-10
1.20976270556133e-10
1.11866379785045e-10
1.03829043506970e-10
9.68182765998368e-11
9.07889182679415e-11
8.56967236434510e-11
8.14984418206602e-11
7.81518811946560e-11
7.56159630943313e-11
7.38507646612007e-11
7.28175518278934e-11
7.24788031978912e-11
7.27982257577962e-11
7.37407631805177e-11
7.52725972222044e-11
7.73611435620096e-11
7.99750418128914e-11
8.30841412900287e-11
8.66594824562487e-11
9.06732750182726e-11
9.50988729396258e-11
9.99107469274908e-11
1.05084455076877e-10
1.10596611509002e-10
1.16424854186329e-10
1.22547811409696e-10
1.28945067948457e-10
1.35597130729669e-10
1.42485394442816e-10
1.49592107254834e-10
1.56900336911122e-10
1.64393936968195e-10
1.72057514314482e-10
1.79876396477720e-10
1.87836600654672e-10
1.95924802879634e-10
2.04128308658133e-10
2.12435024341899e-10
2.20833429530263e-10
2.29312550518246e-10
2.37861934939418e-10
2.46471627288591e-10
2.55132145309855e-10
2.63834458000611e-10
2.72569963922797e-10
2.81330470942444e-10
2.90108176670477e-10
2.98895650069208e-10
3.07685813613481e-10
3.16471926669947e-10
3.25247569215483e-10
3.34006626938124e-10
3.42743276467830e-10
3.51451971780172e-10
3.60127430847234e-10
3.68764623492927e-10
3.77358758969719e-10
3.85905275331824e-10
3.94399827881836e-10
4.02838279481078e-10
4.11216690421686e-10
4.19531309212361e-10
4.27778563367723e-10
4.35955051430259e-10
4.44057534067549e-10
4.52082926965098e-10
4.60028292855879e-10
4.67890834721082e-10
4.75667888474299e-10
4.83356917152659e-10
4.90955503802012e-10
4.98461346006159e-10
5.05872249709426e-10
5.13186124019442e-10
5.20400975491035e-10
5.27514903215467e-10
5.34526093747826e-10
5.41432816394083e-10
5.48233418697897e-10
5.54926321806120e-10
5.61510016525895e-10
5.67983058938775e-10
5.74344066660728e-10
5.80591714952337e-10
5.86724733106388e-10
5.92741900888563e-10
5.98642045070839e-10
6.04424036345912e-10
6.10086785991135e-10
6.15629242896529e-10
6.21050390656493e-10
6.26349244678456e-10
6.31524849531723e-10
6.36576276326258e-10
6.41502620126863e-10
6.46302997605856e-10
6.50976544647261e-10
6.55522414174321e-10
6.59939773940747e-10
6.64227804580201e-10
6.68385697377023e-10
6.72412652594739e-10
6.76307877673463e-10
6.80070585364337e-10
6.83699992016627e-10
6.87195316353486e-10
6.90555777576487e-10
6.93780594065786e-10
6.96868982379798e-10
6.99820155258017e-10
7.02633321266981e-10
7.05307683224101e-10
7.07842437103182e-10
7.10236771472399e-10
7.12489866316154e-10
7.14600892361487e-10
7.16569010357667e-10
7.18393370606180e-10
7.20073112338513e-10
7.21607363205907e-10
7.22995239159773e-10
7.24235844114770e-10
7.25328269763514e-10
7.26271595828589e-10
7.27064889723089e-10
7.27707207346209e-10
7.28197592741558e-10
7.28535079327814e-10
7.28718689800035e-10
7.28747437278102e-10
7.28620326183275e-10
7.28336353050933e-10
7.27894508100057e-10
7.27293776255661e-10
7.26533138950280e-10
7.25611575810788e-10
7.24528066808720e-10
7.23281593888296e-10
7.21871144092742e-10
7.20295711750026e-10
7.18554301351409e-10
7.16645930981029e-10
7.14569635382712e-10
7.12324470049547e-10
7.09909514795694e-10
7.07323878463644e-10
7.04566703491775e-10
7.01637170641300e-10
6.98534504733162e-10
6.95257980170763e-10
6.91806927095505e-10
6.88180737880753e-10
6.84378874199724e-10
6.80400874353404e-10
6.76246360783002e-10
6.71915048984523e-10
6.67406755720760e-10
6.62721408304018e-10
6.57859054551035e-10
6.52819872613823e-10
6.47604181994169e-10
6.42212454459561e-10
6.36645325684164e-10
6.30903607694337e-10
6.24988300694902e-10
6.18900607137878e-10
6.12641944027698e-10
6.06213957674931e-10
5.99618537272952e-10
5.92857829657605e-10
5.85934253925275e-10
5.78850516250365e-10
5.71609625236141e-10
5.64214906660770e-10
5.56670018599229e-10
5.48978966268441e-10
5.41146116621185e-10
5.33176212420709e-10
5.25074385909919e-10
5.16846171683573e-10
5.08497518530476e-10
5.00034800735108e-10
4.91464827358192e-10
4.82794850814035e-10
4.74032573218712e-10
4.65186151273320e-10
4.56264198538699e-10
4.47275786026751e-10
4.38230439650905e-10
4.29138135020799e-10
4.20009289546713e-10
4.10854750780475e-10
4.01685781935327e-10
3.92514043336752e-10
3.83351570656742e-10
3.74210748746458e-10
3.65104282498647e-10
3.56045163030641e-10
3.47046630565255e-10
3.38122133505113e-10
3.29285284199872e-10
3.20549811341813e-10
3.11929509253055e-10
3.03438185454888e-10
2.95089605345778e-10
2.86897436154859e-10
2.78875189842185e-10
2.71036165702337e-10
2.63393394142336e-10
2.55959581392958e-10
2.48747056597705e-10
2.41767722015904e-10
2.35033006950351e-10
2.28553826230915e-10
2.22340543728001e-10
2.16402942059631e-10
2.10750197967271e-10
2.05390864783873e-10
2.00332861293865e-10
1.95583467466361e-10
1.91149326740236e-10
1.87036454392642e-10
1.83250251677761e-10
1.79795524813136e-10
1.76676508104611e-10
1.73896889988718e-10
1.71459841139368e-10
1.69368043480214e-10
1.67623718552019e-10
1.66228654564302e-10
1.65184230877029e-10
1.64491438665199e-10
1.64150897252250e-10
1.64162865492559e-10
1.64527247247074e-10
1.65243591623853e-10
1.66311086835797e-10
1.67728549174424e-10
1.69494406474889e-10
1.71606677455268e-10
1.74062947583693e-10
1.76860342214235e-10
1.79995498576222e-10
1.83464537289280e-10
1.87263035026350e-10
1.91385998890396e-10
1.95827844484178e-10
2.00582377566647e-10
2.05642780988260e-10
2.11001607328315e-10
2.16650777639225e-10
2.22581586673405e-10
2.28784715035629e-10
2.35250247704639e-10
2.41967699422179e-10
2.48926045864706e-10
2.56113760736993e-10
2.63518857839111e-10
2.71128937575105e-10
2.78931237209901e-10
2.86912683798049e-10
2.95059949540820e-10
3.03359508041068e-10
3.11797691569134e-10
3.20360747643599e-10
3.29034895086760e-10
3.37806378393345e-10
3.46661520151473e-10
3.55586770775105e-10
3.64568755674264e-10
3.73594318614976e-10
3.82650562103331e-10
3.91724883882632e-10
4.00805009578429e-10
4.09879021601298e-10
4.18935384283074e-10
4.27962965262467e-10
4.36951052807250e-10
4.45889370375608e-10
4.54768086994033e-10
4.63577825136494e-10
4.72309665066132e-10
4.80955146856854e-10
4.89506269722201e-10
4.97955488980776e-10
5.06295710937645e-10
5.14520286252323e-10
5.22623001092737e-10
5.30598067496343e-10
5.38440112035430e-10
5.46144163714300e-10
5.53705640956113e-10
5.61120337936542e-10
5.68384410277602e-10
5.75494360567515e-10
5.82447023463164e-10
5.89239550540859e-10
5.95869395630087e-10
6.02334299318945e-10
6.08632274615153e-10
6.14761591996669e-10
6.20720765045018e-10
6.26508536593092e-10
6.32123864776031e-10
6.37565909963715e-10
6.42834021664950e-10
6.47927726328988e-10
6.52846715221303e-10
6.57590833027876e-10
6.62160066858574e-10
6.66554535696297e-10
6.70774480504293e-10
6.74820254512161e-10
6.78692314483224e-10
6.82391211782470e-10
6.85917584599121e-10
6.89272150124542e-10
6.92455697503782e-10
6.95469080870021e-10
6.98313213218175e-10
7.00989060364377e-10
7.03497635413064e-10
7.05839993500108e-10
7.08017227153184e-10
7.10030461745574e-10
7.11880851222707e-10
7.13569574471838e-10
7.15097831725935e-10
7.16466841270615e-10
7.17677836643984e-10
7.18732063640368e-10
7.19630778322655e-10
7.20375244288010e-10
7.20966730977232e-10
7.21406511943905e-10
7.21695863061778e-10
7.21836061367990e-10
7.21828383564817e-10
7.21674105350427e-10
7.21374500341626e-10
7.20930839442165e-10
7.20344390113270e-10
7.19616416283058e-10
7.18748177839387e-10
7.17740930553596e-10
7.16595926034238e-10
7.15314411797776e-10
7.13897631714680e-10
7.12346825910684e-10
7.10663231616087e-10
7.08848083432885e-10
7.06902614055607e-10
7.04828054976021e-10
7.02625637468205e-10
7.00296593156178e-10
6.97842155356273e-10
6.95263559978107e-10
6.92562046753457e-10
6.89738860599066e-10
6.86795252781683e-10
6.83732482434284e-10
6.80551818250325e-10
6.77254539732230e-10
6.73841939237802e-10
6.70315323510063e-10
6.66676015714724e-10
6.62925357293796e-10
6.59064710002667e-10
6.55095458095232e-10
6.51019010507393e-10
6.46836803243035e-10
6.42550301763265e-10
6.38161003408379e-10
6.33670440109456e-10
6.29080181224344e-10
6.24391836050444e-10
6.19607057128776e-10
6.14727543022576e-10
6.09755041669420e-10
6.04691353581539e-10
5.99538335223136e-10
5.94297902777010e-10
5.88972035512332e-10
5.83562779815151e-10
5.78072253202114e-10
5.72502648228639e-10
5.66856236808759e-10
5.61135374810406e-10
5.55342506324987e-10
5.49480168775672e-10
5.43550997471566e-10
5.37557730926797e-10
5.31503216123193e-10
5.25390413825205e-10
5.19222404501522e-10
5.13002393882672e-10
5.06733719167935e-10
5.00419855396834e-10
4.94064421759157e-10
4.87671188314763e-10
4.81244083089916e-10
4.74787199059170e-10
4.68304801647396e-10
4.61801336308326e-10
4.55281436433407e-10
4.48749931516021e-10
4.42211855391016e-10
4.35672455117379e-10
4.29137199557483e-10
4.22611788789416e-10
4.16102163319976e-10
4.09614513913558e-10
4.03155291285711e-10
3.96731216505390e-10
3.90349291231521e-10
3.84016808437777e-10
3.77741363413657e-10
3.71530864663206e-10
3.65393545389003e-10
3.59337975060846e-10
3.53373071079220e-10
3.47508110685917e-10
3.41752743071136e-10
3.36117001412528e-10
3.30611315342345e-10
3.25246523088554e-10
3.20033883953060e-10
3.14985090627542e-10
3.10112281440179e-10
3.05428052517653e-10
3.00945469898382e-10
2.96678081089751e-10
2.92639926693538e-10
2.88845551368771e-10
2.85310014370636e-10
2.82048899662593e-10
2.79078325113323e-10
2.76414951109057e-10
2.74075988019144e-10
2.72079202786722e-10
2.70442924138462e-10
2.69186046510966e-10
2.68328032320029e-10
2.67888912466298e-10
2.67889284901599e-10
2.68350310877616e-10
2.69293708827532e-10
2.70741745427040e-10
2.72717223648682e-10
2.75243467500831e-10
2.78344303059667e-10
2.82044035529474e-10
2.86367421862483e-10
2.91339638641245e-10
2.96986244713666e-10
3.03333138245769e-10
3.10406507573071e-10
3.18232775644413e-10
3.26838537148725e-10
3.36250488276344e-10
3.46495348208759e-10
3.57599771895031e-10
3.69590253859013e-10
3.82493021783286e-10
3.96333920242876e-10
4.11138283078709e-10
4.26930794703053e-10
4.43735339260275e-10
4.61574837354562e-10
4.80471070054991e-10
5.00444489540250e-10
5.21514016204371e-10
5.43696822044792e-10
5.67008100075204e-10
5.91460820035664e-10
6.17065470161134e-10
6.43829785804050e-10
6.71758465165171e-10
7.00852872682071e-10
7.31110731944282e-10
7.62525808380704e-10
7.95087583923533e-10
8.28780925767832e-10
8.63585751476234e-10
8.99476692721253e-10
9.36422761868948e-10
9.74387024567072e-10
1.01332628275481e-9
1.05319077283984e-9
1.09392388450005e-9
1.13546190630256e-9
1.17773380427387e-9
1.22066104040347e-9
1.26415743958521e-9
1.30812911174024e-9
1.35247443861488e-9
1.39708413421323e-9
1.44184138669136e-9
1.48662209226045e-9
1.53129518975466e-9
1.57572310396911e-9
1.61976230682005e-9
1.66326400367501e-9
1.70607495077877e-9
1.74803841007725e-9
1.78899524210058e-9
1.82878514192260e-9
1.86724801294174e-9
1.90422547717756e-9
1.93956251252717e-9
1.97310920826876e-9
2.00472262075482e-9
2.03426871305894e-9
2.06162435348337e-9
2.08667934497426e-9
2.10933845392131e-9
2.12952340162571e-9
2.14717477714298e-9
2.16225382979812e-9
2.17474409308854e-9
2.18465279375046e-9
2.19201199619263e-9
2.19687943590916e-9
2.19933899437453e-9
2.19950077572656e-9
2.19750074655479e-9
2.19349991078358e-9
2.18768299805024e-9
2.18025665570948e-9
2.17144714461275e-9
2.16149755392501e-9
2.15066456092401e-9
2.13921477851974e-9
2.12742074493220e-9
2.11555662386638e-9
2.10389369610307e-9
2.09269573363492e-9
2.08221435439583e-9
2.07268446358336e-9
2.06431988815308e-9
2.05730931100515e-9
2.05181260789912e-9
2.04795768079276e-9
2.04583787313342e-9
2.04551003526565e-9
2.04699329572100e-9
2.05026857161751e-9
2.05527883504792e-9
2.06193012991668e-9
2.07009331387242e-9
2.07960648090246e-9
2.09027800219113e-9
2.10189010708416e-9
2.11420291269211e-9
2.12695880263005e-9
2.13988704669355e-9
2.15270855262719e-9
2.16514064024639e-9
2.17690173307592e-9
2.18771586910334e-9
2.19731694195417e-9
2.20545259476562e-9
2.21188770329060e-9
2.21640739750493e-9
2.21881958622267e-9
2.21895696386121e-9
2.21667849158913e-9
2.21187035896254e-9
2.20444644290846e-9
2.19434829208769e-9
2.18154467188526e-9
2.16603071351677e-9
2.14782671381398e-9
2.12697663727381e-9
2.10354637224626e-9
2.07762179339957e-9
2.04930668240335e-9
2.01872055455520e-9
1.98599643788969e-9
1.95127864573890e-9
1.91472058062808e-9
1.87648260105233e-9
1.83672998027793e-9
1.79563097801822e-9
1.75335504508258e-9
1.71007117264788e-9
1.66594639697480e-9
1.62114446410601e-9
1.57582465716356e-9
1.53014078474165e-9
1.48424032778475e-9
1.43826373804929e-9
1.39234388196632e-9
1.34660562007521e-9
1.30116551303889e-9
1.25613164308765e-9
1.21160354047294e-9
1.16767220370484e-9
1.12442020245898e-9
1.08192185238112e-9
1.04024345177859e-9
9.99443569630879e-10
9.59573376135873e-10
9.20677006849757e-10
8.82791952314826e-10
8.45949466045161e-10
8.10174984376577e-10
7.75488551584139e-10
7.41905246027237e-10
7.09435601978666e-10
6.78086023491338e-10
6.47859186979260e-10
6.18754429563370e-10
5.90768120957968e-10
5.63894017094300e-10
5.38123593973182e-10
5.13446360675076e-10
4.89850151067726e-10
4.67321393445102e-10
4.45845358206056e-10
4.25406383753739e-10
4.05988080549364e-10
3.87573514115567e-10
3.70145367563950e-10
3.53686084159665e-10
3.38177991041260e-10
3.23603404798215e-10
3.09944720054433e-10
2.97184481953330e-10
2.85305443625958e-10
2.74290609943913e-10
2.64123268307809e-10
2.54787007890257e-10
2.46265728304482e-10
2.38543638809355e-10
2.31605249148220e-10
2.25435353058202e-10
2.20019005544220e-10
2.15341494856859e-10
2.11388310144104e-10
2.08145105656644e-10
2.05597662653055e-10
2.03731849364335e-10
2.02533580274066e-10
2.01988775198308e-10
2.02083318887923e-10
2.02803021797401e-10
2.04133582680195e-10
2.06060553357990e-10
2.08569306239541e-10
2.11645005010484e-10
2.15272578706347e-10
2.19436699636199e-10
2.24121765190693e-10
2.29311883881933e-10
2.34990865546541e-10
2.41142215986896e-10
2.47749135861912e-10
2.54794523875486e-10
2.62260984200297e-10
2.70130838039742e-10
2.78386138884104e-10
2.87008691812634e-10
2.95980075915671e-10
3.05281670161143e-10
3.14894682163950e-10
3.24800179301428e-10
3.34979122644401e-10
3.45412402159063e-10
3.56080874149798e-10
3.66965399577318e-10
3.78046883354926e-10
3.89306314379995e-10
4.00724805569583e-10
4.12283633975573e-10
4.23964280482744e-10
4.35748468642497e-10
4.47618202741006e-10
4.59555804584580e-10
4.71543948596311e-10
4.83565695609179e-10
4.95604524315244e-10
5.07644361128606e-10
5.19669607484833e-10
5.31665164997009e-10
5.43616458185564e-10
5.55509454761684e-10
5.67330683186503e-10
5.79067248031023e-10
5.90706842408460e-10
6.02237758000562e-10
6.13648892768597e-10
6.24929755766292e-10
6.36070470000479e-10
6.47061772682939e-10
6.57895013349228e-10
6.68562149801867e-10
6.79055742111913e-10
6.89368944730199e-10
6.99495496652940e-10
7.09429710200359e-10
7.19166457948328e-10
7.28701158728624e-10
7.38029761901103e-10
7.47148730804838e-10
7.56055025337367e-10
7.64746083215556e-10
7.73219801059324e-10
7.81474514579875e-10
7.89508978196609e-10
7.97322344806848e-10
8.04914144407121e-10
8.12284263543124e-10
8.19432924077713e-10
8.26360662154591e-10
8.33068307203563e-10
8.39556961339750e-10
8.45827979045945e-10
8.51882946555022e-10
8.57723662558638e-10
8.63352118893387e-10
8.68770481131857e-10
8.73981071181088e-10
8.78986348620573e-10
8.83788894094349e-10
8.88391392488771e-10
8.92796617075016e-10
8.97007414030521e-10
9.01026687853106e-10
9.04857387369970e-10
9.08502492262321e-10
9.11965000205892e-10
9.15247915141760e-10
9.18354235439478e-10
9.21286943118777e-10
9.24048993867597e-10
9.26643307138430e-10
9.29072757269611e-10
9.31340164943810e-10
9.33448289176147e-10
9.35399820230751e-10
9.37197372299284e-10
9.38843477451916e-10
9.40340579425226e-10
9.41691028381844e-10
9.42897075712191e-10
9.43960869232820e-10
9.44884449215320e-10
9.45669744150911e-10
9.46318567241015e-10
9.46832613153480e-10
9.47213454990482e-10
9.47462541671633e-10
9.47581195117663e-10
9.47570608583726e-10
9.47431844015730e-10
9.47165830754124e-10
9.46773363657151e-10
9.46255101465661e-10
9.45611566067105e-10
9.44843140606328e-10
9.43950069028817e-10
9.42932454796180e-10
9.41790260278055e-10
9.40523305890261e-10
9.39131269727937e-10
9.37613686666492e-10
9.35969948158971e-10
9.34199301874508e-10
9.32300851243850e-10
9.30273555343963e-10
9.28116228818449e-10
9.25827541613017e-10
9.23406019283475e-10
9.20850042941639e-10
9.18157849490841e-10
9.15327532189910e-10
9.12357040882845e-10
9.09244182800975e-10
9.05986623659992e-10
9.02581887964530e-10
8.99027361295025e-10
8.95320290840365e-10
8.91457788172518e-10
8.87436830736489e-10
8.83254264790144e-10
8.78906808422213e-10
8.74391055074703e-10
8.69703477459784e-10
8.64840432841446e-10
8.59798167898422e-10
8.54572825498460e-10
8.49160451639073e-10
8.43557003870949e-10
8.37758360418394e-10
8.31760330872085e-10
8.25558668373447e-10
8.19149082745606e-10
8.12527255925022e-10
8.05688859005389e-10
7.98629571210067e-10
7.91345101252227e-10
7.83831211086356e-10
7.76083742256038e-10
7.68098645027638e-10
7.59872010602719e-10
7.51400107117000e-10
7.42679418230690e-10
7.33706686508158e-10
7.24478960077739e-10
7.14993644036591e-10
7.05248555875085e-10
6.95241985705651e-10
6.84972761527904e-10
6.74440318762066e-10
6.63644775166906e-10
6.52587010610610e-10
6.41268751194458e-10
6.29692658466924e-10
6.17862422573352e-10
6.05782858947561e-10
5.93460008468744e-10
5.80901239298170e-10
5.68115350276544e-10
5.55112673684606e-10
5.41905176332984e-10
5.28506557014910e-10
5.14932337802019e-10
5.01199947277965e-10
4.87328792155576e-10
4.73340315087781e-10
4.59258034422286e-10
4.45107563503980e-10
4.30916604760219e-10
4.16714915710532e-10
4.02534243299742e-10
3.88408223710475e-10
3.74372243530494e-10
3.60463263114665e-10
3.46719597984100e-10
3.33180661248953e-10
3.19886666803100e-10
3.06878297766033e-10
2.94196344879453e-10
2.81881321732574e-10
2.69973066195451e-10
2.58510338047099e-10
2.47530425585624e-10
2.37068773130903e-10
2.27158643714316e-10
2.17830829106626e-10
2.09113419058168e-10
2.01031638670005e-10
1.93607760534852e-10
1.86861093391145e-10
1.80808045437278e-10
1.75462255648297e-10
1.70834780733128e-10
1.66934323610705e-10
1.63767483392153e-10
1.61339007624105e-10
1.59652025317805e-10
1.58708242131090e-10
1.58508081157583e-10
1.59050757980765e-10
1.60334283799043e-10
1.62355396594738e-10
1.65109426534070e-10
1.68590107085054e-10
1.72789348310081e-10
1.77696990823652e-10
1.83300562002504e-10
1.89585053649379e-10
1.96532740429676e-10
2.04123054306515e-10
2.12332525721843e-10
2.21134799334071e-10
2.30500725229900e-10
2.40398524179429e-10
2.50794020108452e-10
2.61650930937261e-10
2.72931205677171e-10
2.84595395873139e-10
2.96603047079636e-10
3.08913098666550e-10
3.21484279012947e-10
3.34275486188519e-10
3.47246145529145e-10
3.60356536252942e-10
3.73568083462166e-10
3.86843611052942e-10
4.00147554761771e-10
4.13446134732104e-10
4.26707489082168e-10
4.39901769942453e-10
4.53001205047397e-10
4.65980127979206e-10
4.78814980432273e-10
4.91484290180165e-10
5.03968628350783e-10
5.16250549689666e-10
5.28314518685329e-10
5.40146824863825e-10
5.51735490232785e-10
5.63070171005476e-10
5.74142055754819e-10
5.84943762148613e-10
5.95469233710023e-10
6.05713637671675e-10
6.15673265600921e-10
6.25345436595306e-10
6.34728405068186e-10
6.43821272298918e-10
6.52623903135977e-10
6.61136846990900e-10
6.69361264490777e-10
6.77298858514234e-10
6.84951810625416e-10
6.92322722002651e-10
6.99414559283186e-10
7.06230604822986e-10
7.12774411060265e-10
7.19049759249028e-10
7.25060621803179e-10
7.30811128208290e-10
7.36305534458716e-10
7.41548195450413e-10
7.46543540165383e-10
7.51296049876896e-10
7.55810238340616e-10
7.60090634657433e-10
7.64141767912755e-10
7.67968153643544e-10
7.71574282469763e-10
7.74964609682185e-10
7.78143546655436e-10
7.81115453425000e-10
7.83884632162022e-10
7.86455322402678e-10
7.88831696184587e-10
7.91017854836496e-10
7.93017826324383e-10
7.94835562987077e-10
7.96474940054916e-10
7.97939755003246e-10
7.99233726672442e-10
8.00360495566144e-10
8.01323623858257e-10
8.02126596272786e-10
8.02772820842415e-10
8.03265630167547e-10
8.03608282634111e-10
8.03803964159068e-10
8.03855789826783e-10
8.03766805608272e-10
8.03539990668035e-10
8.03178258953323e-10
8.02684461779684e-10
8.02061389837319e-10
8.01311775421965e-10
8.00438294799566e-10
7.99443570649954e-10
7.98330174244109e-10
7.97100627891223e-10
7.95757407514176e-10
7.94302944733057e-10
7.92739629548479e-10
7.91069812581714e-10
7.89295807547656e-10
7.87419893538059e-10
7.85444317585624e-10
7.83371296823280e-10
7.81203020925204e-10
7.78941654466653e-10
7.76589339193445e-10
7.74148196277947e-10
7.71620328742044e-10
7.69007823620096e-10
7.66312754256744e-10
7.63537182442821e-10
