1.46428235069844e-7
6.26918805520095e-9
5.96342393819328e-9
5.08015858490214e-9
4.31202900950602e-9
3.64401213890490e-9
3.07043104390414e-9
2.58524199700087e-9
2.18229863474815e-9
1.85546120842151e-9
1.59868642386519e-9
1.40609845523123e-9
1.27204339050515e-9
1.19112923183254e-9
1.15825345303504e-9
1.16861998981877e-9
1.21774740176435e-9
1.30146980767487e-9
1.41593204572236e-9
1.55758035873177e-9
1.72314975304153e-9
1.90964901868257e-9
2.11434425534681e-9
2.33474159649309e-9
2.56856969583128e-9
2.81376241493060e-9
3.06844204120760e-9
3.33090327387037e-9
3.59959813631064e-9
3.87312190269197e-9
4.15020008377755e-9
4.42967646927761e-9
4.71050219797670e-9
4.99172580692567e-9
5.27248419474101e-9
5.55199443140794e-9
5.82954633787740e-9
6.10449576622027e-9
6.37625850637716e-9
6.64430475654905e-9
6.90815409639103e-9
7.16737090617157e-9
7.42156018480386e-9
7.67036372411728e-9
7.91345659658557e-9
8.15054393051690e-9
8.38135793510576e-9
8.60565515843515e-9
8.82321395046447e-9
9.03383211367158e-9
9.23732472743441e-9
9.43352212901102e-9
9.62226803694788e-9
9.80341781351970e-9
9.97683684624147e-9
1.01423990484092e-8
1.02999854667829e-8
1.04494829945596e-8
1.05907831741667e-8
1.07237811013213e-8
1.08483744081684e-8
1.09644623378804e-8
1.10719448988445e-8
1.11707220994455e-8
1.12606932647572e-8
1.13417564331502e-8
1.14138078333220e-8
1.14767414466189e-8
1.15304486561476e-8
1.15748179857297e-8
1.16097349381894e-8
1.16350819351948e-8
1.16507383725036e-8
1.16565807955869e-8
1.16524832124951e-8
1.16383175521027e-8
1.16139542897216e-8
1.15792632522625e-8
1.15341146262477e-8
1.14783801881236e-8
1.14119347828001e-8
1.13346580756472e-8
1.12464366038350e-8
1.11471661594562e-8
1.10367545305925e-8
1.09151246323305e-8
1.07822180575135e-8
1.06379990731263e-8
1.04824590838163e-8
1.03156215846724e-8
1.01375476074937e-8
9.94834165805566e-9
9.74815813190901e-9
9.53720815979719e-9
9.31576683286708e-9
9.08418070302630e-9
8.84287544123300e-9
8.59236347563011e-9
8.33325140049662e-9
8.06624688958174e-9
7.79216479354899e-9
7.51193206328803e-9
7.22659107575576e-9
6.93730092630334e-9
6.64533622018020e-9
6.35208291221714e-9
6.05903078892706e-9
5.76776226782939e-9
5.47993733737407e-9
5.19727463430160e-9
4.92152891026022e-9
4.65446541310156e-9
4.39783201303893e-9
4.15333021118102e-9
3.92258641464692e-9
3.70712504114800e-9
3.50834505055370e-9
3.32750137127405e-9
3.16569237214286e-9
3.02385402199591e-9
2.90276073522091e-9
2.80303217431328e-9
2.72514458465707e-9
2.66944467900962e-9
2.63616377278372e-9
2.62542987847499e-9
2.63727581095663e-9
2.67164200708616e-9
2.72837362355605e-9
2.80721240546339e-9
2.90778466838339e-9
3.02958737068360e-9
3.17197457441622e-9
3.33414657728264e-9
3.51514366423135e-9
3.71384585294182e-9
3.92897931115705e-9
4.15912939756267e-9
4.40275964124627e-9
4.65823548265173e-9
4.92385129408616e-9
5.19785908394827e-9
5.47849733715779e-9
5.76401862354746e-9
6.05271487112237e-9
6.34293949747575e-9
6.63312590161058e-9
6.92180209426233e-9
7.20760148000817e-9
7.48926999411014e-9
7.76566992118249e-9
8.03578081150119e-9
8.29869794978788e-9
8.55362883641564e-9
8.79988812608433e-9
9.03689143006563e-9
9.26414834667871e-9
9.48125502844234e-9
9.68788654868669e-9
9.88378927367946e-9
1.00687734100040e-8
1.02427058457937e-8
1.04055033791670e-8
1.05571263899116e-8
1.06975729934501e-8
1.08268736904032e-8
1.09450865145341e-8
1.10522926689436e-8
1.11485926321327e-8
1.12341027099659e-8
1.13089520059389e-8
1.13732797813096e-8
1.14272331728093e-8
1.14709652413413e-8
1.15046333191787e-8
1.15283976308230e-8
1.15424201601391e-8
1.15468637424825e-8
1.15418913556388e-8
1.15276655959812e-8
1.15043483183580e-8
1.14721004244002e-8
1.14310817888888e-8
1.13814513096407e-8
1.13233670722589e-8
1.12569866222776e-8
1.11824673374943e-8
1.10999668941188e-8
1.10096438267239e-8
1.09116581739453e-8
1.08061722141854e-8
1.06933512874657e-8
1.05733647043823e-8
1.04463867465914e-8
1.03125977580646e-8
1.01721853332856e-8
1.00253456054041e-8
9.87228464082763e-9
9.71321994409352e-9
9.54838208342243e-9
9.37801644024504e-9
9.20238509507799e-9
9.02176885433544e-9
8.83646943226606e-9
8.64681179452447e-9
8.45314667352565e-9
8.25585327133080e-9
8.05534215411253e-9
7.85205835507449e-9
7.64648469368089e-9
7.43914532421380e-9
7.23060952092128e-9
7.02149571022048e-9
6.81247575983359e-9
6.60427952393708e-9
6.39769965443475e-9
6.19359667156901e-9
5.99290429146615e-9
5.79663499901823e-9
5.60588584621477e-9
5.42184445117160e-9
5.24579515720936e-9
5.07912530384408e-9
4.92333154083222e-9
4.78002610081985e-9
4.65094292317842e-9
4.53794349439543e-9
4.44302224021676e-9
4.36831126926459e-9
4.31608422511596e-9
4.28875895603580e-9
4.28889865940417e-9
4.31921109260210e-9
4.38254537821842e-9
4.48188585238452e-9
4.62034232653628e-9
4.80113604466728e-9
5.02758052961897e-9
5.30305642296950e-9
5.63097933662135e-9
6.01475966300910e-9
6.45775323232380e-9
6.96320168256639e-9
7.53416142523650e-9
8.17342016654585e-9
8.88340010894092e-9
9.66604721878277e-9
1.05227063529632e-8
1.14539826006629e-8
1.24595899672021e-8
1.35381895205593e-8
1.46872203809084e-8
1.59027284609138e-8
1.71791996746807e-8
1.85094063801824e-8
1.98842780626229e-8
2.12928095543485e-8
2.27220222770032e-8
2.41569957859606e-8
2.55809879814253e-8
2.69756622994957e-8
2.83214384911448e-8
2.95979797844255e-8
3.07848227558003e-8
3.18621468277703e-8
3.28116678254336e-8
3.36176247684965e-8
3.42678118809538e-8
3.47545901220443e-8
3.50757965077100e-8
3.52354578059487e-8
3.52442109415042e-8
3.51193384808581e-8
3.48843462199142e-8
3.45680419423376e-8
3.42031187255228e-8
3.38242991372738e-8
3.34661523791852e-8
3.31607470209898e-8
3.29353390827967e-8
3.28103111917848e-8
3.27975684429167e-8
3.28995593021803e-8
3.31090289889625e-8
3.34095360794171e-8
3.37766814663854e-8
3.41799241526155e-8
3.45848012129383e-8
3.49553370036815e-8
3.52564222041610e-8
3.54559648090520e-8
3.55266571666625e-8
3.54472575498585e-8
3.52033428592342e-8
3.47875430591485e-8
3.41993119775715e-8
3.34443198360145e-8
3.25335694279638e-8
3.14823414276776e-8
3.03090673762011e-8
2.90342146636604e-8
2.76792495069414e-8
2.62657243370519e-8
2.48145173604944e-8
2.33452357877940e-8
2.18757811570222e-8
2.04220655321325e-8
1.89978609861150e-8
1.76147612591821e-8
1.62822332707386e-8
1.50077366763403e-8
1.37968913753273e-8
1.26536752935693e-8
1.15806375517379e-8
1.05791149663043e-8
9.64944254684866e-9
8.79115111225033e-9
8.00314729327076e-9
7.28387298611745e-9
6.63144279148545e-9
6.04375912699126e-9
5.51860558816543e-9
5.05371978206451e-9
4.64684731887870e-9
4.29577894671942e-9
3.99837299621354e-9
3.75256538174304e-9
3.55636941164750e-9
3.40786760693547e-9
3.30519762885986e-9
3.24653427525572e-9
3.23006934361532e-9
3.25399096171891e-9
3.31646378020303e-9
3.41561119523012e-9
3.54950053304787e-9
3.71613189506071e-9
3.91343112107484e-9
4.13924710507832e-9
4.39135348406884e-9
4.66745452467984e-9
4.96519487228973e-9
5.28217267953639e-9
5.61595553510555e-9
5.96409853310698e-9
6.32416379210343e-9
6.69374071674980e-9
7.07046632865272e-9
7.45204502773252e-9
7.83626722411263e-9
8.22102635477652e-9
8.60433389989101e-9
8.98433210470353e-9
9.35930421679072e-9
9.72768213921800e-9
1.00880514898409e-8
1.04391541304144e-8
1.07798882995546e-8
1.11093065326759e-8
1.14266115938702e-8
1.17311506698244e-8
1.20224080987953e-8
1.22999968998248e-8
1.25636493811265e-8
1.28132070766947e-8
1.30486102590988e-8
1.32698872452527e-8
1.34771436886423e-8
1.36705520323273e-8
1.38503412588265e-8
1.40167870574665e-8
1.41702024995346e-8
1.43109292883725e-8
1.44393296293967e-8
1.45557787527338e-8
1.46606580920998e-8
1.47543491226363e-8
1.48372278388243e-8
1.49096598517003e-8
1.49719960670476e-8
1.50245689162995e-8
1.50676890900454e-8
1.51016427355776e-8
1.51266890739921e-8
1.51430583891430e-8
1.51509503486112e-8
1.51505326127932e-8
1.51419396928398e-8
1.51252720241654e-8
1.51005952165798e-8
1.50679394597339e-8
1.50272990536053e-8
1.49786320466958e-8
1.49218599661011e-8
1.48568676323083e-8
1.47835030550121e-8
1.47015774144358e-8
1.46108651426928e-8
1.45111041248056e-8
1.44019960573276e-8
1.42832070040378e-8
1.41543682143611e-8
1.40150772790815e-8
1.38648997244191e-8
1.37033711589330e-8
1.35300001301870e-8
1.33442718613722e-8
1.31456530886693e-8
1.29335982490524e-8
1.27075573136127e-8
1.24669856102238e-8
1.22113560166353e-8
1.19401739527889e-8
1.16529956270842e-8
1.13494500114179e-8
1.10292650014436e-8
1.06922981599786e-8
1.03385723213990e-8
9.96831612159485e-9
9.58200919083228e-9
9.18043126624004e-9
8.76471383270670e-9
8.33639205194379e-9
7.89745371398768e-9
7.45038077733156e-9
6.99817788006846e-9
6.54438120411926e-9
6.09304055001881e-9
5.64866785512212e-9
5.21614708498703e-9
4.80060386114112e-9
4.40723846479254e-9
4.04113266449278e-9
3.70704807015902e-9
3.40923961652011e-9
3.15130995654115e-9
2.93612682332310e-9
2.76581482666124e-9
2.64181700438380e-9
2.56500373472195e-9
2.53579320246934e-9
2.55424405807716e-9
2.62008985028217e-9
2.73270412653000e-9
2.89100832953860e-9
3.09335358532390e-9
3.33741584085767e-9
3.62013966362071e-9
3.93775217717491e-9
4.28585076795984e-9
4.65955222593325e-9
5.05368076515362e-9
5.46296908052013e-9
5.88224914397476e-9
6.30661556089508e-9
6.73155163915448e-9
7.15301507251158e-9
7.56748529786354e-9
7.97197786880838e-9
8.36403274822014e-9
8.74168369033426e-9
9.10341528453954e-9
9.44811319209145e-9
9.77501190196860e-9
1.00836431679339e-8
1.03737872721875e-8
1.06454284236353e-8
1.08987149709305e-8
1.11339246426764e-8
1.13514347116451e-8
1.15516967842863e-8
1.17352157974237e-8
1.19025327554712e-8
1.20542107297461e-8
1.21908236625846e-8
1.23129475484486e-8
1.24211536087653e-8
1.25160031257448e-8
1.25980436360502e-8
1.26678062394543e-8
1.27258038058619e-8
1.27725299042442e-8
1.28084583062840e-8
1.28340429400256e-8
1.28497181964664e-8
1.28558995063142e-8
1.28529841202218e-8
1.28413520414340e-8
1.28213670683548e-8
1.27933779136492e-8
1.27577193740306e-8
1.27147135299574e-8
1.26646709640115e-8
1.26078919799432e-8
1.25446678211001e-8
1.24752818786182e-8
1.24000108853818e-8
1.23191260986366e-8
1.22328944620843e-8
1.21415797563615e-8
1.20454437320080e-8
1.19447472304766e-8
1.18397512919350e-8
1.17307182545319e-8
1.16179128444075e-8
1.15016032612164e-8
1.13820622600085e-8
1.12595682302407e-8
1.11344062779452e-8
1.10068693064405e-8
1.08772591035093e-8
1.07458874317493e-8
1.06130771233950e-8
1.04791631816321e-8
1.03444938857862e-8
1.02094319008794e-8
1.00743553881767e-8
9.93965911600340e-9
9.80575556518605e-9
9.67307602543198e-9
9.54207167647809e-9
9.41321464676591e-9
9.28699903763071e-9
9.16394190750002e-9
9.04458419616801e-9
8.92949157900716e-9
8.81925522894544e-9
8.71449246628486e-9
8.61584727221531e-9
8.52399063512027e-9
8.43962069923449e-9
8.36346267659305e-9
8.29626848074541e-9
8.23881603433410e-9
8.19190819632094e-9
8.15637125063793e-9
8.13305288807462e-9
8.12281961088142e-9
8.12655347843843e-9
8.14514811022630e-9
8.17950385208328e-9
8.23052200810864e-9
8.29909803797793e-9
8.38611361077419e-9
8.49242741208968e-9
8.61886459850849e-9
8.76620480039437e-9
8.93516858416049e-9
9.12640230114811e-9
9.34046127059531e-9
9.57779127901197e-9
9.83870841351492e-9
1.01233773030541e-8
1.04317879025117e-8
1.07637310335668e-8
1.11187729901373e-8
1.14962296229990e-8
1.18951404451505e-8
1.23142434355074e-8
1.27519513741896e-8
1.32063307006546e-8
1.36750840527686e-8
1.41555378054253e-8
1.46446360777724e-8
1.51389427943796e-8
1.56346534689617e-8
1.61276184001573e-8
1.66133789009703e-8
1.70872180304228e-8
1.75442270035098e-8
1.79793880334045e-8
1.83876737753696e-8
1.87641627892028e-8
1.91041695414767e-8
1.94033864033129e-8
1.96580339566643e-8
1.98650147005889e-8
2.00220640740281e-8
2.01278916409930e-8
2.01823044531816e-8
2.01863041270951e-8
2.01421491670199e-8
2.00533746420227e-8
1.99247625548997e-8
1.97622581608968e-8
1.95728300672122e-8
1.93642750828396e-8
1.91449722944186e-8
1.89235945094237e-8
1.87087887001954e-8
1.85088401021854e-8
1.83313368367789e-8
1.81828530738950e-8
1.80686686162029e-8
1.79925413125711e-8
1.79565459259824e-8
1.79609891793442e-8
1.80044059971274e-8
1.80836368295566e-8
1.81939808506678e-8
1.83294151791298e-8
1.84828664888884e-8
1.86465187167722e-8
1.88121392293857e-8
1.89714057913716e-8
1.91162178914923e-8
1.92389782331452e-8
1.93328331910823e-8
1.93918644712250e-8
1.94112277659375e-8
1.93872375837008e-8
1.93174004328007e-8
1.92004009811807e-8
1.90360476175664e-8
1.88251849795340e-8
1.85695815287504e-8
1.82718002185075e-8
1.79350598190455e-8
1.75630936589041e-8
1.71600115182679e-8
1.67301692837516e-8
1.62780498278020e-8
1.58081574828596e-8
1.53249274934643e-8
1.48326509731061e-8
1.43354151954481e-8
