3.12618954087427e-7
1.22185215654077e-8
1.15113445060182e-8
9.41738107505488e-9
7.67412063561510e-9
6.22952147937302e-9
5.06038131528086e-9
4.14275613724861e-9
3.45300715024191e-9
2.96823032843250e-9
2.66657535847791e-9
2.52746446280488e-9
2.53172796760351e-9
2.66167203956319e-9
2.90109261334819e-9
3.23524804242758e-9
3.65080145738868e-9
4.13574223004221e-9
4.67929436867333e-9
5.27181815648670e-9
5.90470994242951e-9
6.57030373513585e-9
7.26177716221172e-9
7.97306345255739e-9
8.69877037762899e-9
9.43410652261823e-9
1.01748148630507e-8
1.09171133330016e-8
1.16576419045767e-8
1.23934155927442e-8
1.31217827744405e-8
1.38403882086652e-8
1.45471401848878e-8
1.52401812685276e-8
1.59178621789460e-8
1.65787183835901e-8
1.72214490610929e-8
1.78448981253033e-8
1.84480370576364e-8
1.90299493299461e-8
1.95898162412597e-8
2.01269040075769e-8
2.06405519830438e-8
2.11301619014524e-8
2.15951880414386e-8
2.20351282416255e-8
2.24495156980709e-8
2.28379114795584e-8
2.31998977257998e-8
2.35350714769911e-8
2.38430391103599e-8
2.41234113570982e-8
2.43757988887440e-8
2.45998084586644e-8
2.47950396131452e-8
2.49610819698636e-8
2.50975131038236e-8
2.52038970571512e-8
2.52797835398757e-8
2.53247078702637e-8
2.53381917372938e-8
2.53197448827795e-8
2.52688678140476e-8
2.51850556827411e-8
2.50678034793384e-8
2.49166127276516e-8
2.47309998649412e-8
2.45105065370964e-8
2.42547120316113e-8
2.39632481028795e-8
2.36358164402249e-8
2.32722090261263e-8
2.28723316091663e-8
2.24362304784977e-8
2.19641226578011e-8
2.14564295202783e-8
2.09138137001595e-8
2.03372189504206e-8
1.97279123559927e-8
1.90875279658068e-8
1.84181105231417e-8
1.77221575038047e-8
1.70026571652284e-8
1.62631197899112e-8
1.55075988021350e-8
1.47406980757620e-8
1.39675615446892e-8
1.31938413968626e-8
1.24256417075238e-8
1.16694355374031e-8
1.09319553129048e-8
1.02200587340467e-8
9.54057537678742e-9
8.90014225015481e-9
8.30503938576513e-9
7.76103841065660e-9
7.27327737464825e-9
6.84617328207432e-9
6.48337965307112e-9
6.18779028739761e-9
5.96158316552964e-9
5.80629152229641e-9
5.72288421943960e-9
5.71183606806305e-9
5.77317139576635e-9
5.90647059832837e-9
6.11083828083257e-9
6.38484078273818e-9
6.72642822628890e-9
7.13286007396935e-9
7.60065287850959e-9
8.12556487390611e-9
8.70262556301331e-9
9.32621114028609e-9
9.99016001088228e-9
1.06879178930617e-8
1.14126995364693e-8
1.21576538371469e-8
1.29160206565643e-8
1.36812702657446e-8
1.44472194227607e-8
1.52081210946151e-8
1.59587274238351e-8
1.66943275048794e-8
1.74107628704603e-8
1.81044243113971e-8
1.87722339117652e-8
1.94116160637007e-8
2.00204608960670e-8
2.05970830673330e-8
2.11401783602889e-8
2.16487799891679e-8
2.21222160638026e-8
2.25600692277101e-8
2.29621391516484e-8
2.33284082793562e-8
2.36590110052927e-8
2.39542063072129e-8
2.42143537399095e-8
2.44398926166776e-8
2.46313241608262e-8
2.47891963831932e-8
2.49140914304908e-8
2.50066151554376e-8
2.50673886714401e-8
2.50970416673387e-8
2.50962072813344e-8
2.50655183552885e-8
2.50056049035775e-8
2.49170926709187e-8
2.48006026452959e-8
2.46567514441135e-8
2.44861524802991e-8
2.42894178544706e-8
2.40671609178839e-8
2.38199994741527e-8
2.35485596016686e-8
2.32534800806750e-8
2.29354174327761e-8
2.25950515823156e-8
2.22330921592792e-8
2.18502854801946e-8
2.14474222403685e-8
2.10253459698727e-8
2.05849623064002e-8
2.01272491514075e-8
1.96532677739448e-8
1.91641749475414e-8
1.86612361944977e-8
1.81458402334540e-8
1.76195147126902e-8
1.70839433319256e-8
1.65409844416022e-8
1.59926912116274e-8
1.54413334548410e-8
1.48894211831421e-8
1.43397299473841e-8
1.37953280042500e-8
1.32596053017254e-8
1.27363042449332e-8
1.22295521365448e-8
1.17438951083390e-8
1.12843332650662e-8
1.08563566312245e-8
1.04659813348668e-8
1.01197852668045e-8
9.82494220743510e-9
9.58925312326245e-9
9.42117297467124e-9
9.32983095272927e-9
9.32504155965077e-9
9.41730336168800e-9
9.61778156907132e-9
9.93826984124675e-9
1.03911258768852e-8
1.09891744569602e-8
1.17455706896045e-8
1.26736153239860e-8
1.37865132311051e-8
1.50970656262832e-8
1.66172864891504e-8
1.83579341542633e-8
2.03279504876245e-8
2.25338027914550e-8
2.49787280133054e-8
2.76618854644937e-8
3.05774335494989e-8
3.37135584304103e-8
3.70514983525409e-8
4.05646265228113e-8
4.42176773739349e-8
4.79662243994394e-8
5.17565400888887e-8
5.55259859768785e-8
5.92040881959901e-8
6.27144444676860e-8
6.59775745878076e-8
6.89147609453197e-8
7.14528232979942e-8
7.35296326897527e-8
7.51000007204587e-8
7.61414005599903e-8
7.66588156529045e-8
7.66879115129905e-8
7.62957308699499e-8
7.55782618693892e-8
7.46545424425291e-8
7.36574263477457e-8
7.27216897861443e-8
7.19707029769716e-8
7.15033057289440e-8
7.13826931154952e-8
7.16289623645210e-8
7.22164920725512e-8
7.30765992251500e-8
7.41050942352666e-8
7.51736040216494e-8
7.61430127427275e-8
7.68771724284592e-8
7.72551723627340e-8
7.71808610167798e-8
7.65888724673180e-8
7.54469923083994e-8
7.37551978761344e-8
7.15420562160285e-8
6.88593381931307e-8
6.57757239728215e-8
6.23703732052858e-8
5.87269607913272e-8
5.49285810404872e-8
5.10537340198229e-8
4.71734497270430e-8
4.33494883525227e-8
3.96334791042784e-8
3.60668208014847e-8
3.26811567766267e-8
2.94992459996669e-8
2.65360739516230e-8
2.38000743589262e-8
2.12943618354105e-8
1.90179027651552e-8
1.69665756686644e-8
1.51340921046631e-8
1.35127647771105e-8
1.20941212877833e-8
1.08693704292503e-8
9.82973365113791e-9
8.96665794191403e-9
8.27192834271662e-9
7.73769907548268e-9
7.35646212519604e-9
7.12097131212653e-9
7.02413857232894e-9
7.05891746865463e-9
7.21818695461694e-9
7.49464619016514e-9
7.88072884665758e-9
8.36854290224823e-9
8.94983952488766e-9
9.61601234291444e-9
1.03581263249794e-8
1.11669736848293e-8
1.20331527930753e-8
1.29471650289340e-8
1.38995238796404e-8
1.48808703800943e-8
1.58820891307159e-8
1.68944196188099e-8
1.79095582768890e-8
1.89197476164521e-8
1.99178497542647e-8
2.08974026596684e-8
2.18526584044196e-8
2.27786035704386e-8
2.36709626945848e-8
2.45261862217907e-8
2.53414248525047e-8
2.61144924458598e-8
2.68438197571419e-8
2.75284013011196e-8
2.81677375304328e-8
2.87617743446187e-8
2.93108417229478e-8
2.98155930172578e-8
3.02769461637892e-8
3.06960278150867e-8
3.10741211225230e-8
3.14126176852777e-8
3.17129739523142e-8
3.19766722052470e-8
3.22051860919088e-8
3.23999505643200e-8
3.25623359880319e-8
3.26936261238838e-8
3.27949996358045e-8
3.28675147568044e-8
3.29120967451295e-8
3.29295277495984e-8
3.29204387325660e-8
3.28853031238927e-8
3.28244318942280e-8
3.27379697938199e-8
3.26258925266146e-8
3.24880046926673e-8
3.23239383652131e-8
3.21331522595549e-8
3.19149314774505e-8
3.16683879327064e-8
3.13924616292820e-8
3.10859230793073e-8
3.07473772911234e-8
3.03752699093601e-8
2.99678962817499e-8
2.95234144663404e-8
2.90398634714358e-8
2.85151883342958e-8
2.79472740468929e-8
2.73339907279549e-8
2.66732529239027e-8
2.59630963378894e-8
2.52017756939746e-8
2.43878876494597e-8
2.35205225957939e-8
2.25994485678565e-8
2.16253290503988e-8
2.05999738285287e-8
1.95266177482592e-8
1.84102158872406e-8
1.72577349802048e-8
1.60784100975177e-8
1.48839236423115e-8
1.36884529857513e-8
1.25085276010922e-8
1.13626421465289e-8
1.02705950185543e-8
9.25256688054471e-9
8.32801861382899e-9
7.51455984772860e-9
6.82699124411867e-9
6.27672215936729e-9
5.87168522936715e-9
5.61671742252630e-9
5.51420492768256e-9
5.56468013554866e-9
5.76708286606956e-9
6.11856044285900e-9
6.61390743114433e-9
7.24492125202998e-9
7.99999101765658e-9
8.86413917674873e-9
9.81956440082196e-9
1.08465753727991e-8
1.19247162698668e-8
1.30338768156402e-8
1.41552293139012e-8
1.52719073367582e-8
1.63694076534295e-8
1.74357440852520e-8
1.84614066084531e-8
1.94391855253968e-8
2.03639154041918e-8
2.12321827569774e-8
2.20420292877034e-8
2.27926715119467e-8
2.34842486362535e-8
2.41176040842506e-8
2.46941016240799e-8
2.52154743484436e-8
2.56837032620949e-8
2.61009215976079e-8
2.64693408842261e-8
2.67911950152535e-8
2.70686989477925e-8
2.73040191153140e-8
2.74992530987921e-8
2.76564165102386e-8
2.77774354410737e-8
2.78641431368940e-8
2.79182798441332e-8
2.79414949964318e-8
2.79353510937403e-8
2.79013287802396e-8
2.78408327339533e-8
2.77551980955772e-8
2.76456972106870e-8
2.75135465459231e-8
2.73599136603808e-8
2.71859241615100e-8
2.69926685987336e-8
2.67812092653286e-8
2.65525868928691e-8
2.63078272420556e-8
2.60479475881350e-8
2.57739631191640e-8
2.54868932560902e-8
2.51877679157574e-8
2.48776337323355e-8
2.45575602576766e-8
2.42286461523439e-8
2.38920253889831e-8
2.35488734754383e-8
2.32004137090496e-8
2.28479234670514e-8
2.24927405314541e-8
2.21362694463200e-8
2.17799878874897e-8
2.14254530303158e-8
2.10743078775073e-8
2.07282875059906e-8
2.03892251741771e-8
2.00590582137181e-8
1.97398336160744e-8
1.94337131936728e-8
1.91429781754671e-8
1.88700330696865e-8
1.86174085823703e-8
1.83877633559255e-8
1.81838842335476e-8
1.80086847238275e-8
1.78652012674097e-8
1.77565868684600e-8
1.76861015738919e-8
1.76570992293497e-8
1.76730098655172e-8
1.77373170041731e-8
1.78535291057138e-8
1.80251443270838e-8
1.82556077145450e-8
1.85482599340527e-8
1.89062766542952e-8
1.93325977478040e-8
1.98298455877079e-8
2.04002319010314e-8
2.10454529158141e-8
2.17665729315361e-8
2.25638969715306e-8
2.34368338584021e-8
2.43837519199563e-8
2.54018305880145e-8
2.64869123975934e-8
2.76333613337149e-8
2.88339350531770e-8
3.00796801867045e-8
3.13598615952991e-8
3.26619379774179e-8
3.39715974086535e-8
3.52728670108428e-8
3.65483106979635e-8
3.77793275306407e-8
3.89465602979754e-8
4.00304192547019e-8
4.10117192748081e-8
4.18724199845980e-8
4.25964479288288e-8
4.31705679510233e-8
4.35852586267281e-8
4.38355349848240e-8
4.39216524544675e-8
4.38496207846616e-8
4.36314573926525e-8
4.32851177397049e-8
4.28340568345596e-8
4.23064007691179e-8
4.17337390711275e-8
4.11495849662304e-8
4.05875876009896e-8
4.00796132210537e-8
3.96538363455451e-8
3.93329929367929e-8
3.91329425951230e-8
3.90616652082041e-8
3.91187809830392e-8
3.92956354548560e-8
3.95759386451335e-8
3.99368967243545e-8
4.03507316004267e-8
4.07864538569003e-8
4.12117403339490e-8
4.15947698884403e-8
4.19058877380938e-8
4.21189967163489e-8
4.22126082048129e-8
4.21705216936569e-8
4.19821356525875e-8
4.16424204725641e-8
4.11516047810622e-8
4.05146387792407e-8
3.97405028792501e-8
3.88414279883649e-8
3.78320869876331e-8
3.67288069751461e-8
3.55488403785135e-8
3.43097213977854e-8
3.30287234560123e-8
