2.14741383331060e-6
5.82186591860135e-8
5.34738645485287e-8
3.76090890285003e-8
2.72387229090853e-8
2.11346788118366e-8
1.85874486054259e-8
1.89473002589433e-8
2.16435206606035e-8
2.61848924662032e-8
3.21551453971306e-8
3.92054943210102e-8
4.70459730048846e-8
5.54367120018852e-8
6.41798447513820e-8
7.31123751997475e-8
8.21001016867106e-8
9.10325486705375e-8
9.98187863703826e-8
1.08383994769887e-7
1.16666632783895e-7
1.24616091323690e-7
1.32190731295098e-7
1.39356228923983e-7
1.46084169114193e-7
1.52350841931007e-7
1.58136208301403e-7
1.63423009092431e-7
1.68195997796022e-7
1.72441281659962e-7
1.76145759863712e-7
1.79296650695684e-7
1.81881102907456e-7
1.83885889850019e-7
1.85297188723754e-7
1.86100451609035e-7
1.86280379927858e-7
1.85821019832595e-7
1.84706002668425e-7
1.82918962264750e-7
1.80444168865252e-7
1.77267427669854e-7
1.73377296919230e-7
1.68766684362825e-7
1.63434878645809e-7
1.57390058984168e-7
1.50652296030566e-7
1.43257001033274e-7
1.35258690354777e-7
1.26734801618328e-7
1.17789126326734e-7
1.08554227906060e-7
9.91920359057251e-8
8.98917246362659e-8
8.08641098771609e-8
7.23322487813805e-8
6.45187621126861e-8
5.76315043439210e-8
5.18502209955000e-8
4.73171678689470e-8
4.41337830891082e-8
4.23633673467917e-8
4.20371656580258e-8
4.31597157703523e-8
4.57100021454827e-8
4.96376812990288e-8
5.48568322910205e-8
6.12413934317980e-8
6.86257971937286e-8
7.68119878048977e-8
8.55815005625960e-8
9.47098019391534e-8
1.03979960434988e-7
1.13193542675252e-7
1.22177775843890e-7
1.30789002457854e-7
1.38913065830400e-7
1.46463508877387e-7
1.53378452639202e-7
1.59616866587613e-7
1.65154744700679e-7
1.69981515476181e-7
1.74096865586776e-7
1.77508050820014e-7
1.80227699510875e-7
1.82272074183335e-7
1.83659738079438e-7
1.84410567389146e-7
1.84545051960079e-7
1.84083833466607e-7
1.83047437891228e-7
1.81456167577620e-7
1.79330126010987e-7
1.76689355732966e-7
1.73554076196219e-7
1.69945013942123e-7
1.65883822408603e-7
1.61393592999811e-7
1.56499462942604e-7
1.51229328996715e-7
1.45614679353407e-7
1.39691559067298e-7
1.33501687051954e-7
1.27093744954284e-7
1.20524859823220e-7
1.13862302986491e-7
1.07185426447305e-7
1.00587854318448e-7
9.41799392323500e-8
8.80914803011080e-8
8.24746776099569e-8
7.75072649790253e-8
7.33957133009916e-8
7.03783253890065e-8
6.87279429421615e-8
6.87538487169441e-8
7.08022639136114e-8
7.52546050728793e-8
8.25223743048788e-8
9.30372201789261e-8
1.07234353753276e-7
1.25527200583579e-7
1.48271037757511e-7
1.75713610280659e-7
2.07931654828394e-7
2.44754304865299e-7
2.85678001520902e-7
3.29783204237594e-7
3.75670903831095e-7
4.21445769268334e-7
4.64780122528231e-7
5.03093954021928e-7
5.33873869253070e-7
5.55121196563051e-7
5.65864539292088e-7
5.66605360824151e-7
5.59515382906533e-7
5.48213966343939e-7
5.37056392878363e-7
5.30051492246859e-7
5.29725568212105e-7
5.36343095786916e-7
5.47798938629702e-7
5.60234820038812e-7
5.69138579308160e-7
5.70516630991314e-7
5.61761554671720e-7
5.42018396264423e-7
5.12066785538645e-7
4.73880672487064e-7
4.30068698941763e-7
3.83359626782012e-7
3.36224993689704e-7
2.90663371520734e-7
2.48125724261984e-7
2.09541240989955e-7
1.75400991813502e-7
1.45864451963564e-7
1.20864802823048e-7
1.00199087132697e-7
8.35971387088462e-8
7.07684842571316e-8
6.14295434548682e-8
5.53150310401326e-8
5.21780242981060e-8
5.17830849589754e-8
5.38963565782824e-8
5.82758392046397e-8
6.46641675842777e-8
7.27852731226293e-8
8.23453862544831e-8
9.30380312476696e-8
1.04552063106201e-7
1.16581447716736e-7
1.28835399717423e-7
1.41047632499319e-7
1.52983774099645e-7
1.64446380566832e-7
1.75277358163458e-7
1.85357929104525e-7
1.94606508560573e-7
2.02974993451928e-7
2.10444004909202e-7
2.17017596533372e-7
2.22717864013067e-7
2.27579791687578e-7
2.31646567077247e-7
2.34965498259650e-7
2.37584588936145e-7
2.39549764950502e-7
2.40902703749490e-7
2.41679192591952e-7
2.41907929126411e-7
2.41609676111847e-7
2.40796687748116e-7
2.39472336092723e-7
2.37630881120497e-7
2.35257346647241e-7
2.32327487014562e-7
2.28807857727199e-7
2.24656039594286e-7
2.19821114325846e-7
2.14244554758642e-7
2.07861780818068e-7
2.00604748042401e-7
1.92406080296260e-7
1.83205422390719e-7
1.72958837302683e-7
1.61652123780866e-7
1.49318719274604e-7
1.36062101120921e-7
1.22080921768516e-7
1.07692175412554e-7
9.33436745562723e-8
7.96036045314575e-8
6.71158029173476e-8
5.65199525501579e-8
4.83572367993119e-8
4.30020126174172e-8
4.06533492223663e-8
4.13755229033719e-8
4.51309914451339e-8
5.17622778421366e-8
6.09451936669860e-8
7.21754258300816e-8
8.48200731626913e-8
9.82110058048283e-8
1.11735259320933e-7
1.24892916320453e-7
1.37317503220168e-7
1.48768827744679e-7
1.59111459908443e-7
1.68289116217557e-7
1.76300888440322e-7
1.83181834896726e-7
1.88988386382662e-7
1.93788027120329e-7
1.97652377418909e-7
2.00652805350127e-7
2.02857830654154e-7
2.04331751731306e-7
2.05134079746213e-7
2.05319487528481e-7
2.04938074075452e-7
2.04035812639638e-7
2.02655097332670e-7
2.00835335300741e-7
1.98613553052706e-7
1.96024999687225e-7
1.93103738918485e-7
1.89883227544530e-7
1.86396881450093e-7
1.82678632181862e-7
1.78763477976242e-7
1.74688033230638e-7
1.70491079959126e-7
1.66214123689922e-7
1.61901954799370e-7
1.57603214042888e-7
1.53370958180994e-7
1.49263217726436e-7
1.45343533816716e-7
1.41681454676834e-7
1.38352963748688e-7
1.35440800941903e-7
1.33034625130607e-7
1.31230949709588e-7
1.30132763411466e-7
1.29848725779336e-7
1.30491801212833e-7
1.32177168805145e-7
1.35019219943950e-7
1.39127436465481e-7
1.44600936337994e-7
1.51521491969642e-7
1.59944883037191e-7
1.69890560076363e-7
1.81329789128323e-7
1.94172744157449e-7
2.08255429958803e-7
2.23327855511468e-7
2.39045507276366e-7
2.54966814712969e-7
2.70559807255244e-7
2.85221301666658e-7
2.98311427333709e-7
3.09204769785241e-7
3.17356653920952e-7
3.22379123489190e-7
3.24116488461110e-7
3.22705996442409e-7
3.18606880615698e-7
3.12582563144453e-7
3.05627408322537e-7
2.98840917801078e-7
2.93266339449110e-7
2.89723115201613e-7
2.88668612223465e-7
2.90120836576978e-7
2.93660343344099e-7
2.98510214106771e-7
3.03674116164178e-7
3.08100197203151e-7
3.10836214680117e-7
3.11148281198143e-7
3.08588269968566e-7
3.03008505003348e-7
2.94532970670005e-7
2.83499999371808e-7
2.70392307531482e-7
2.55767707202233e-7
2.40199588132216e-7
