1.61710519811161e-6
4.70230130005498e-8
4.33208309126398e-8
3.12652261985574e-8
2.29122603278613e-8
1.74873385602180e-8
1.45536617583402e-8
1.37021761060332e-8
1.45656762274895e-8
1.68211956343786e-8
2.01892233342287e-8
2.44308148457787e-8
2.93435487524067e-8
3.47570292799036e-8
4.05284110097853e-8
4.65382351166424e-8
5.26867237690881e-8
5.88905796909492e-8
6.50802754312453e-8
7.11977831800992e-8
7.71946824247100e-8
8.30305817874921e-8
8.86717972907715e-8
9.40902380958730e-8
9.92624600115891e-8
1.04168855476041e-7
1.08792955745711e-7
1.13120826595713e-7
1.17140543105763e-7
1.20841732339236e-7
1.24215175171909e-7
1.27252460434025e-7
1.29945686109071e-7
1.32287203717745e-7
1.34269403341070e-7
1.35884538106246e-7
1.37124588431334e-7
1.37981167981973e-7
1.38445475188854e-7
1.38508296367975e-7
1.38160068986279e-7
1.37391016477792e-7
1.36191369182751e-7
1.34551689353487e-7
1.32463321528354e-7
1.29918992527476e-7
1.26913587180859e-7
1.23445125572426e-7
1.19515963641256e-7
1.15134229142312e-7
1.10315486637829e-7
1.05084595167087e-7
9.94776775874310e-8
9.35440596215930e-8
8.73479611798460e-8
8.09696405203525e-8
7.45056212648035e-8
6.80676033513602e-8
6.17797132003010e-8
5.57739286648338e-8
5.01838440610365e-8
4.51373902032556e-8
4.07495811430577e-8
3.71166251475598e-8
3.43125915234438e-8
3.23891557191727e-8
3.13778972686375e-8
3.12936345121808e-8
3.21368944782708e-8
3.38941472008246e-8
3.65356822410310e-8
4.00123221076798e-8
4.42528564071203e-8
4.91638412713489e-8
5.46324756622850e-8
6.05321803531009e-8
6.67297494761750e-8
7.30927173165505e-8
7.94958032578353e-8
8.58257462839950e-8
9.19843056504510e-8
9.78895576614209e-8
1.03475820165004e-7
1.08692605215800e-7
1.13502979262599e-7
1.17881642233759e-7
1.21812954451141e-7
1.25289062768269e-7
1.28308213982175e-7
1.30873296686294e-7
1.32990620863395e-7
1.34668924870693e-7
1.35918588692515e-7
1.36751027814790e-7
1.37178241379965e-7
1.37212490010233e-7
1.36866081528420e-7
1.36151246220412e-7
1.35080086687375e-7
1.33664590630281e-7
1.31916697844177e-7
1.29848415382714e-7
1.27471977168992e-7
1.24800046414700e-7
1.21845961032864e-7
1.18624023901575e-7
1.15149841329665e-7
1.11440714478943e-7
1.07516089800281e-7
1.03398075712750e-7
9.91120338440854e-8
9.46872540155803e-8
9.01577227603987e-8
8.55629953363000e-8
8.09491806999809e-8
7.63700474374250e-8
7.18882557577071e-8
6.75767156785478e-8
6.35200636744208e-8
5.98162381758130e-8
5.65781169111606e-8
5.39351543633715e-8
5.20349232283817e-8
5.10444170176638e-8
5.11509088637871e-8
5.25620811512472e-8
5.55050395894501e-8
6.02237033566290e-8
6.69739235117179e-8
7.60155356202285e-8
8.76004217968882e-8
1.01955582677560e-7
1.19260267632046e-7
1.39616482146219e-7
1.63012823110345e-7
1.89282756169425e-7
2.18060317577306e-7
2.48738903640291e-7
2.80442217876382e-7
3.12020105298878e-7
3.42084818225931e-7
3.69103339650958e-7
3.91556167653902e-7
4.08159898400022e-7
4.18129116299757e-7
4.21425535193695e-7
4.18918029260496e-7
4.12370670819867e-7
4.04201958814738e-7
3.97021999343368e-7
3.93040334383029e-7
3.93509253926975e-7
3.98383943590645e-7
4.06320841760943e-7
4.15018598093513e-7
4.21785605869838e-7
4.24150476377740e-7
4.20342216883637e-7
4.09538399974042e-7
3.91870144207745e-7
3.68242664312159e-7
3.40060759913561e-7
3.08943205476195e-7
2.76483891238068e-7
2.44086833189275e-7
2.12877312138522e-7
1.83676303724645e-7
1.57019292635669e-7
1.33200749654576e-7
1.12329030060328e-7
9.43809813108817e-8
7.92497887112108e-8
6.67829449774977e-8
5.68095869000992e-8
4.91579278540602e-8
4.36643401020768e-8
4.01760101622730e-8
3.85491630114018e-8
3.86447340660797e-8
4.03231281487496e-8
4.34393832948467e-8
4.78396853917506e-8
5.33597878693725e-8
5.98255125015791e-8
6.70551771054123e-8
7.48635431676393e-8
8.30667202511191e-8
9.14874091731511e-8
9.99599024484624e-8
1.08334366599292e-7
1.16480078583819e-7
1.24287448966791e-7
1.31668813274433e-7
1.38558093243897e-7
1.44909512823098e-7
1.50695598697220e-7
1.55904706288095e-7
1.60538297253259e-7
1.64608162333086e-7
1.68133742242957e-7
1.71139655916381e-7
1.73653504796793e-7
1.75703986875557e-7
1.77319326447686e-7
1.78526005066194e-7
1.79347765550037e-7
1.79804853076732e-7
1.79913454147016e-7
1.79685294620278e-7
1.79127360919350e-7
1.78241713400170e-7
1.77025367243026e-7
1.75470223896125e-7
1.73563045378241e-7
1.71285475004197e-7
1.68614122374989e-7
1.65520748805304e-7
1.61972613785187e-7
1.57933075167682e-7
1.53362578029013e-7
1.48220220690704e-7
1.42466150659260e-7
1.36065112406870e-7
1.28991526810252e-7
1.21236493981338e-7
1.12817012588813e-7
1.03787395024697e-7
9.42521878551573e-8
8.43787493428011e-8
7.44060051041659e-8
6.46442275068951e-8
5.54601330941772e-8
4.72440755704460e-8
4.03631607744621e-8
3.51141269777900e-8
3.16955952105189e-8
3.02112185306842e-8
3.06934141458187e-8
3.31200978120331e-8
3.74054422799350e-8
4.33747533618323e-8
5.07520515974933e-8
5.91787390045295e-8
6.82577051070459e-8
7.76032135522700e-8
8.68794105563151e-8
9.58205837753587e-8
1.04234985743169e-7
1.11997843134654e-7
1.19039213000733e-7
1.25330748575414e-7
1.30873666578848e-7
1.35688876401677e-7
1.39809426023449e-7
1.43275020462592e-7
1.46128224243736e-7
1.48411950940159e-7
1.50167894470089e-7
1.51435626279898e-7
1.52252149607246e-7
1.52651758540712e-7
1.52666094055164e-7
1.52324322493856e-7
1.51653386216270e-7
1.50678293346584e-7
1.49422425569568e-7
1.47907851166845e-7
1.46155636058338e-7
1.44186149314086e-7
1.42019361990031e-7
1.39675139657833e-7
1.37173529851947e-7
1.34535046140986e-7
1.31780950619201e-7
1.28933536530127e-7
1.26016412408407e-7
1.23054788605925e-7
1.20075766342115e-7
1.17108628442643e-7
1.14185129646554e-7
1.11339782710495e-7
1.08610134414473e-7
1.06037022875147e-7
1.03664804162124e-7
1.01541531961308e-7
9.97190687767064e-8
9.82531007840798e-8
9.72030208326669e-8
9.66316352160001e-8
9.66046398291037e-8
9.71898004578191e-8
9.84557610178941e-8
1.00470393601287e-7
1.03298597214956e-7
1.06999450871208e-7
1.11622635217332e-7
1.17204060553590e-7
1.23760684615670e-7
1.31284578771544e-7
1.39736414488574e-7
1.49038699877480e-7
1.59069301509208e-7
1.69656033782158e-7
1.80573367189881e-7
1.91542557800451e-7
2.02236667192536e-7
2.12291931526482e-7
2.21326636515729e-7
2.28967947649749e-7
2.34885957032357e-7
2.38832558408148e-7
2.40680826459635e-7
2.40458732312993e-7
2.38369843946533e-7
2.34793797539648e-7
2.30261325516098e-7
2.25402632556316e-7
2.20873418990046e-7
2.17268644277368e-7
2.15038505896561e-7
2.14422452045668e-7
2.15414462384946e-7
2.17766667150160e-7
2.21030234856477e-7
2.24624671493373e-7
2.27921427070730e-7
2.30326246459331e-7
2.31346976287632e-7
2.30638383703856e-7
2.28021264054529e-7
2.23478148609326e-7
2.17131282896667e-7
2.09209949022195e-7
2.00013935522611e-7
1.89878599075934e-7
1.79145138545336e-7
