5.87938147964330e-7
2.08991479688610e-8
1.95181552496925e-8
1.53133770138596e-8
1.19861303304303e-8
9.38922247061806e-9
7.44939341863166e-9
6.09339739739369e-9
5.25111993990302e-9
4.85674391811109e-9
4.84947568011981e-9
5.17390220795473e-9
5.78006523137222e-9
6.62332749920070e-9
7.66409556295655e-9
8.86745232471806e-9
1.02027417284706e-8
1.16431377753397e-8
1.31652209443361e-8
1.47485773791382e-8
1.63754299573073e-8
1.80303055927250e-8
1.96997396954745e-8
2.13720164112399e-8
2.30369418912153e-8
2.46856471341408e-8
2.63104167474603e-8
2.79045400676411e-8
2.94621813836421e-8
3.09782663807229e-8
3.24483823411447e-8
3.38686900277429e-8
3.52358455310317e-8
3.65469306659601e-8
3.77993907787884e-8
3.89909790000212e-8
4.01197061946990e-8
4.11837959579873e-8
4.21816441447224e-8
4.31117824848378e-8
4.39728459460622e-8
4.47635435263197e-8
4.54826322657576e-8
4.61288942882135e-8
4.67011167587889e-8
4.71980746954854e-8
4.76185166386425e-8
4.79611532466751e-8
4.82246489754332e-8
4.84076170553418e-8
4.85086181128623e-8
4.85261628563622e-8
4.84587193782684e-8
4.83047257572640e-8
4.80626087693529e-8
4.77308096796363e-8
4.73078182251618e-8
4.67922160410209e-8
4.61827309232904e-8
4.54783033855327e-8
4.46781670146101e-8
4.37819440493193e-8
4.27897573761090e-8
4.17023597414411e-8
4.05212802460849e-8
3.92489871714544e-8
3.78890646476689e-8
3.64463987127949e-8
3.49273656944770e-8
3.33400127771941e-8
3.16942170821190e-8
3.00018059532484e-8
2.82766179217399e-8
2.65344817219099e-8
2.47930908613488e-8
2.30717547423963e-8
2.13910153324932e-8
1.97721315936302e-8
1.82364519648619e-8
1.68047163105221e-8
1.54963490939786e-8
1.43288195744372e-8
1.33171462883270e-8
1.24736071217192e-8
1.18076819559226e-8
1.13262074641154e-8
1.10336747457865e-8
1.09325654882053e-8
1.10236148207817e-8
1.13059146693370e-8
1.17768243393339e-8
1.24317188014817e-8
1.32636589877674e-8
1.42630955048528e-8
1.54177109982043e-8
1.67124721996237e-8
1.81299139276182e-8
1.96506294531730e-8
2.12539066768688e-8
2.29184329657655e-8
2.46229925808750e-8
2.63470944708712e-8
2.80714885761118e-8
2.97785500083255e-8
3.14525286956807e-8
3.30796754072589e-8
3.46482631593338e-8
3.61485265460676e-8
3.75725416783559e-8
3.89140673232534e-8
4.01683646102941e-8
4.13320089969314e-8
4.24027046821209e-8
4.33791085218532e-8
4.42606679329078e-8
4.50474752481460e-8
4.57401394911122e-8
4.63396754827338e-8
4.68474094840174e-8
4.72649001710098e-8
4.75938735054100e-8
4.78361700058767e-8
4.79937029397218e-8
4.80684260521677e-8
4.80623095790087e-8
4.79773234193754e-8
4.78154265215368e-8
4.75785616527452e-8
4.72686548951877e-8
4.68876193202135e-8
4.64373624229098e-8
4.59197970123559e-8
4.53368553440725e-8
4.46905063771380e-8
4.39827761213400e-8
4.32157711135738e-8
4.23917051320612e-8
4.15129293246251e-8
4.05819659880752e-8
3.96015462909821e-8
3.85746522906047e-8
3.75045636449213e-8
3.63949094649338e-8
3.52497258008439e-8
3.40735192838069e-8
3.28713374772581e-8
3.16488464924560e-8
3.04124164282809e-8
2.91692151471436e-8
2.79273108364731e-8
2.66957836838035e-8
2.54848468093368e-8
2.43059763373209e-8
2.31720501119212e-8
2.20974940511705e-8
2.10984344439537e-8
2.01928535890995e-8
1.94007449849241e-8
1.87442627642352e-8
1.82478581310992e-8
1.79383931478611e-8
1.78452192378408e-8
1.80002041520113e-8
1.84376868367645e-8
1.91943346143612e-8
2.03088713932394e-8
2.18216394233696e-8
2.37739507085818e-8
2.62071781634658e-8
2.91615318392852e-8
3.26744634194443e-8
3.67786446383903e-8
4.14994749565873e-8
4.68520941780329e-8
5.28379108698797e-8
5.94407121148416e-8
6.66224988179993e-8
7.43192967830077e-8
8.24373272142836e-8
9.08500755477750e-8
9.93969596046136e-8
1.07884438939270e-7
1.16090482779143e-7
1.23773263513285e-7
1.30684694763446e-7
1.36588919466427e-7
1.41285035249982e-7
1.44632248483184e-7
1.46574406638097e-7
1.47159734050239e-7
1.46550971079468e-7
1.45021418464423e-7
1.42933945437529e-7
1.40702873563382e-7
1.38742395714590e-7
1.37408958451507e-7
1.36947668239681e-7
1.37453221885745e-7
1.38853614340711e-7
1.40920316012182e-7
1.43302944943837e-7
1.45581320069133e-7
1.47324615260075e-7
1.48146869555112e-7
1.47750161220249e-7
1.45950407862773e-7
1.42684801839420e-7
1.38003275660562e-7
1.32048502462000e-7
1.25029654724395e-7
1.17194728030320e-7
1.08805123395887e-7
1.00114812862324e-7
9.13551245885671e-8
8.27251694970987e-8
7.43872582003670e-8
6.64663026116135e-8
5.90520930983384e-8
5.22034076495015e-8
4.59530699983784e-8
4.03132715973067e-8
3.52806692165357e-8
3.08409437547472e-8
2.69726469221594e-8
2.36502694125229e-8
2.08465402543147e-8
1.85340175846518e-8
1.66860618486559e-8
1.52772985824355e-8
1.42836836347356e-8
1.36822820390317e-8
1.34508648901528e-8
1.35674179720992e-8
1.40096425078560e-8
1.47545130533753e-8
1.57779409694640e-8
1.70545748830761e-8
1.85577529450842e-8
2.02596064168289e-8
2.21313009849817e-8
2.41433919149137e-8
2.62662621382661e-8
2.84706087636033e-8
3.07279431770691e-8
3.30110724063240e-8
3.52945341436353e-8
3.75549640385657e-8
3.97713807887858e-8
4.19253815169760e-8
4.40012463108431e-8
4.59859562550593e-8
4.78691334833909e-8
4.96429147159088e-8
5.13017714018232e-8
5.28422901069034e-8
5.42629264325970e-8
5.55637446342877e-8
5.67461536034850e-8
5.78126480213458e-8
5.87665616434457e-8
5.96118377982407e-8
6.03528204901713e-8
6.09940680289713e-8
6.15401898251462e-8
6.19957060269778e-8
6.23649288931839e-8
6.26518642604484e-8
6.28601311265314e-8
6.29928971589762e-8
6.30528279164172e-8
6.30420475820351e-8
6.29621091721855e-8
6.28139723577811e-8
6.25979872941025e-8
6.23138831453233e-8
6.19607603201667e-8
6.15370858339534e-8
6.10406916476820e-8
6.04687763697922e-8
5.98179113400666e-8
5.90840528944978e-8
5.82625635673273e-8
5.73482461962427e-8
5.63353963850009e-8
5.52178806109263e-8
5.39892495270451e-8
5.26428986175076e-8
5.11722913619250e-8
4.95712631939220e-8
4.78344273800274e-8
4.59577057691813e-8
4.39390067889219e-8
4.17790681044014e-8
3.94824690175121e-8
3.70587941972515e-8
3.45238915461882e-8
3.19011099149754e-8
2.92223281235856e-8
2.65285054868627e-8
2.38694210377808e-8
2.13022683699359e-8
1.88888937888966e-8
1.66917549239900e-8
1.47691217446106e-8
1.31705089239196e-8
1.19335510145481e-8
1.10832189298213e-8
1.06333582919464e-8
1.05893845328521e-8
1.09503305289702e-8
1.17088809089442e-8
1.28493775894450e-8
1.43451482851331e-8
1.61569774953557e-8
1.82339085707180e-8
2.05164023083457e-8
2.29409392995985e-8
2.54448358177786e-8
2.79702755685984e-8
3.04670393340874e-8
3.28938664105316e-8
3.52186714081539e-8
3.74179572099520e-8
3.94757603351158e-8
4.13823988015800e-8
4.31332095586869e-8
4.47273877037074e-8
4.61669826892171e-8
4.74560682997570e-8
4.86000801301347e-8
4.96053023586707e-8
5.04784809388186e-8
5.12265399861988e-8
5.18563800908380e-8
5.23747402087958e-8
5.27881079559458e-8
5.31026661085390e-8
5.33242657215229e-8
5.34584184672087e-8
5.35103025866877e-8
5.34847782301758e-8
5.33864090983662e-8
5.32194881068528e-8
5.29880654718987e-8
5.26959780781549e-8
5.23468793635240e-8
5.19442692142200e-8
5.14915235689455e-8
5.09919235620454e-8
5.04486841434157e-8
4.98649821802114e-8
4.92439840912279e-8
4.85888730981416e-8
4.79028761900204e-8
4.71892909099992e-8
4.64515120647129e-8
4.56930584514265e-8
4.49175996859276e-8
4.41289831809093e-8
4.33312613109589e-8
4.25287187555531e-8
4.17258999579469e-8
4.09276366101701e-8
4.01390749698510e-8
3.93657027691207e-8
3.86133753490472e-8
3.78883405549272e-8
3.71972617738489e-8
3.65472383320605e-8
3.59458222749513e-8
3.54010303070472e-8
3.49213494159677e-8
3.45157343740084e-8
3.41935949714677e-8
3.39647704333841e-8
3.38394880382169e-8
3.38283024965093e-8
3.39420121665855e-8
3.41915477151780e-8
3.45878284025050e-8
3.51415808355533e-8
3.58631148621249e-8
3.67620513400713e-8
3.78469969700549e-8
3.91251623082732e-8
4.06019207100181e-8
4.22803084434978e-8
4.41604697967356e-8
4.62390558775785e-8
4.85085921616782e-8
5.09568377872834e-8
5.35661691130110e-8
5.63130309126007e-8
5.91675102592164e-8
6.20930997421081e-8
6.50467267032231e-8
6.79791317804823e-8
7.08356806055422e-8
7.35576841426882e-8
7.60842827435846e-8
7.83549138209449e-8
8.03123314420224e-8
8.19060784518917e-8
8.30962312991806e-8
8.38571517389316e-8
8.41808994441459e-8
8.40799005165936e-8
8.35884462963757e-8
8.27626312356302e-8
8.16784394744007e-8
8.04278590747093e-8
7.91131291945551e-8
7.78394824436430e-8
7.67069928934939e-8
7.58023334621249e-8
7.51913412529226e-8
7.49132560252423e-8
7.49773284859273e-8
7.53622118583534e-8
7.60181973510310e-8
7.68719923880723e-8
7.78334322153393e-8
7.88033109439249e-8
7.96814444564626e-8
8.03741350267026e-8
8.08003718152521e-8
8.08963323534079e-8
8.06180020946890e-8
7.99419610467180e-8
7.88645689342755e-8
7.73998982730096e-8
7.55768168232968e-8
7.34356161693777e-8
7.10245366430482e-8
6.83964672533856e-8
6.56060180537659e-8
