8.26061842326315e-6
1.44044946891352e-7
1.33299181241271e-7
8.83323854833675e-8
7.62952546982479e-8
8.69775076361741e-8
1.14091548663315e-7
1.52612808962211e-7
1.98644114008266e-7
2.49203236963240e-7
3.02022756648104e-7
3.55382860344741e-7
4.07979989055554e-7
4.58826608641651e-7
5.07175204602439e-7
5.52460147181269e-7
5.94252518766113e-7
6.32224431426020e-7
6.66120474206438e-7
6.95734696338173e-7
7.20892039159641e-7
7.41433474430235e-7
7.57204369905553e-7
7.68045841027231e-7
7.73789099883631e-7
7.74253108538805e-7
7.69246205868445e-7
7.58572820421264e-7
7.42046903817333e-7
7.19514278189332e-7
6.90886565017053e-7
6.56189482136736e-7
6.15627554372640e-7
5.69664858274840e-7
5.19116216278572e-7
4.65234316613814e-7
4.09765942061598e-7
3.54938781780538e-7
3.03339050029370e-7
2.57663949767178e-7
2.20389885588000e-7
1.93466019656159e-7
1.78161566469320e-7
1.75106892455328e-7
1.84416039961027e-7
2.05718497495625e-7
2.38054663466392e-7
2.79771428291626e-7
3.28583812983746e-7
3.81832532533990e-7
4.36829716232946e-7
4.91158802411594e-7
5.42854402804912e-7
5.90458270454880e-7
6.32986565533566e-7
6.69850772479657e-7
7.00765084290326e-7
7.25659809288257e-7
7.44609631598424e-7
7.57778815228171e-7
7.65381998249608e-7
7.67657914090114e-7
7.64853230286111e-7
7.57214076853951e-7
7.44983391579856e-7
7.28402766454514e-7
7.07717971738378e-7
6.83187747736452e-7
6.55095799112963e-7
6.23766218571886e-7
5.89582821255992e-7
5.53013096851020e-7
5.14637681613046e-7
4.75186399394241e-7
4.35581976972252e-7
3.96992422840889e-7
3.60892628335606e-7
3.29134770234485e-7
3.04025193027772e-7
2.88402063867217e-7
2.85702420361069e-7
2.99998221850626e-7
3.35967510067855e-7
3.98747996177289e-7
4.93597094063844e-7
6.25259449699683e-7
7.96933716158287e-7
1.00876293665768e-6
1.25589613114650e-6
1.52644653051615e-6
1.80014521420539e-6
2.04907145782160e-6
2.24214668186184e-6
2.35431346598251e-6
2.37863704770003e-6
2.33533183119852e-6
2.26912070974674e-6
2.23050776563367e-6
2.24849200830912e-6
2.31273832084793e-6
2.37918008616203e-6
2.39507617059363e-6
2.32525649816396e-6
2.16402377986468e-6
1.93072494504069e-6
1.65700797813077e-6
1.37459567581729e-6
1.10801114359750e-6
8.72425284000348e-7
6.74803710114322e-7
5.16389476244837e-7
3.95199476007161e-7
3.07909275709468e-7
2.50981414986102e-7
2.21144731080688e-7
2.15429781333882e-7
2.30976607852470e-7
2.64797618371231e-7
3.13621680319989e-7
3.73879475267724e-7
4.41828301754672e-7
5.13769793938030e-7
5.86294303012623e-7
6.56490443025782e-7
7.22079528037106e-7
7.81461200034626e-7
8.33679053614127e-7
8.78328558651130e-7
9.15433653594066e-7
9.45315497215266e-7
9.68470391097532e-7
9.85466684220742e-7
9.96864332268812e-7
1.00315645031675e-6
1.00472968726010e-6
1.00183921713635e-6
9.94594146061799e-7
9.82949803462487e-7
9.66704498595748e-7
9.45499831671233e-7
9.18825702117268e-7
8.86034116855815e-7
8.46370347327383e-7
7.99036607543180e-7
7.43312561210027e-7
6.78767144020296e-7
6.05600601259517e-7
5.25135626058054e-7
4.40395565749025e-7
3.56527070814369e-7
2.80591759738850e-7
2.20274691305694e-7
1.81829493608822e-7
1.68729307382483e-7
1.81943288788868e-7
2.20317503303389e-7
2.79828397913103e-7
3.53510634507050e-7
4.33267800450774e-7
5.12060312636552e-7
5.85007914773534e-7
6.49384524071761e-7
7.04091855610526e-7
7.49066996736067e-7
7.84816118679032e-7
8.12105232112945e-7
8.31777433509290e-7
8.44655870185870e-7
8.51499323618656e-7
8.52987863533943e-7
8.49724590320721e-7
8.42245329838233e-7
8.31031802279043e-7
8.16525955457229e-7
7.99144388529389e-7
7.79292469826487e-7
7.57378105418445e-7
7.33825280680504e-7
7.09087551991757e-7
6.83661648459697e-7
6.58101268726852e-7
6.33031023086549e-7
6.09160260658577e-7
5.87296207487560e-7
5.68355384191200e-7
5.53371620705110e-7
5.43498083292243e-7
5.39999522938901e-7
5.44229423034401e-7
5.57584926976266e-7
5.81430590560889e-7
6.16980663436246e-7
6.65129788508627e-7
7.26225452716535e-7
7.99784777765217e-7
8.84176421618825e-7
9.76318071911487e-7
1.07148080487091e-6
1.16333559412434e-6
1.24440384445432e-6
1.30704698240653e-6
1.34500646907607e-6
1.35526234513464e-6
1.33966151053159e-6
1.30553161070620e-6
1.26457855917879e-6
1.22993050770650e-6
1.21211104047851e-6
1.21549887638560e-6
1.23685936443457e-6
1.26663015500402e-6
1.29231344282668e-6
1.30241692967813e-6
1.28940072648798e-6
1.25084538104313e-6
1.18895939096583e-6
