1.27834348855008e-5
1.86040301639412e-7
1.75681493921870e-7
1.25011718069060e-7
1.30652809077257e-7
1.73173495542018e-7
2.40467452036617e-7
3.23381178406267e-7
4.15126932798531e-7
5.10716183684683e-7
6.06492463167281e-7
6.99777877034843e-7
7.88612967195620e-7
8.71565353060602e-7
9.47586719704621e-7
1.01590371331637e-6
1.07593325136920e-6
1.12721612649434e-6
1.16936492055338e-6
1.20202364275548e-6
1.22483756222708e-6
1.23743269360478e-6
1.23940549953192e-6
1.23032472944417e-6
1.20974901352004e-6
1.17726588637504e-6
1.13256014166735e-6
1.07552118763368e-6
1.00639889424509e-6
9.26012387476589e-7
8.36001696495086e-7
7.39082731965299e-7
6.39220544868137e-7
5.41588429438327e-7
4.52175375520072e-7
3.77010400035816e-7
3.21213079004537e-7
2.88304910031035e-7
2.80109530641980e-7
2.97048607212201e-7
3.38257664178212e-7
4.01304039358074e-7
4.81967556784823e-7
5.74599353181968e-7
6.73008666984061e-7
7.71417993272847e-7
8.65104762513845e-7
9.50634448933722e-7
1.02578803889637e-6
1.08933534838617e-6
1.14077082893029e-6
1.18007614763284e-6
1.20753393494538e-6
1.22359458335001e-6
1.22878833085530e-6
1.22367251337271e-6
1.20880487237570e-6
1.18473594517570e-6
1.15201580966124e-6
1.11121242317790e-6
1.06294041682560e-6
1.00790053598196e-6
9.46931036021708e-7
8.81073312062870e-7
8.11654876710412e-7
7.40393433105024e-7
6.69526022701537e-7
6.01966639546722e-7
5.41493517024818e-7
4.92962153649685e-7
4.62529818852563e-7
4.57858315016736e-7
4.88229297030543e-7
5.64454666413140e-7
6.98389212908581e-7
9.01758184274494e-7
1.18392807505502e-6
1.54825867645751e-6
1.98695755800133e-6
2.47520384312538e-6
2.96698878930157e-6
3.39740340814390e-6
3.69727799848172e-6
3.82228444603209e-6
3.78623716606811e-6
3.67224478092101e-6
3.59586365545108e-6
3.63028948751851e-6
3.75082478528963e-6
3.85149899553230e-6
3.81940929704954e-6
3.60100589775673e-6
3.21643775882984e-6
2.73143603978178e-6
2.21990381457523e-6
1.73952484478192e-6
1.32420814294512e-6
9.87415526684858e-7
7.29403406523859e-7
5.43986030319268e-7
4.23081243607839e-7
3.58929408319920e-7
3.44592271912736e-7
3.73516431871444e-7
4.38857648060059e-7
5.33046140314029e-7
6.47806848786339e-7
7.74602651420320e-7
9.05306897139058e-7
1.03286578613971e-6
1.15176465517088e-6
1.25821480921616e-6
1.35007575122112e-6
1.42658898065035e-6
1.48801791536296e-6
1.53527558564775e-6
1.56959443516828e-6
1.59226440003411e-6
1.60444375180926e-6
1.60703397650476e-6
1.60060412423065e-6
1.58534943848345e-6
1.56107169242556e-6
1.52717334928039e-6
1.48266427369030e-6
1.42618922901053e-6
1.35609899109356e-6
1.27061075417280e-6
1.16813696482531e-6
1.04790066633838e-6
9.10968646536377e-7
7.61727367337626e-7
6.09420835308547e-7
4.68561767317182e-7
3.56475162710473e-7
2.87944817101235e-7
2.71077801308853e-7
3.07672487165655e-7
3.93431787170504e-7
5.15979515171480e-7
6.57274855794595e-7
8.00094620355426e-7
9.32316898151013e-7
1.04739938295397e-6
1.14295136955676e-6
1.21907064167171e-6
1.27709798561170e-6
1.31885224506069e-6
1.34622041811648e-6
1.36096749038914e-6
1.36466876691761e-6
1.35870509187222e-6
1.34428759643452e-6
1.32249457890767e-6
1.29431212790449e-6
1.26067492582919e-6
1.22250613339797e-6
1.18075642656777e-6
1.13644272130814e-6
1.09068717607506e-6
1.04475682899486e-6
1.00010371882503e-6
9.58404485983882e-7
9.21597110743434e-7
8.91910409963951e-7
8.71878911674785e-7
8.64331468175249e-7
8.72336249740512e-7
8.99077706720759e-7
9.47633620128365e-7
1.02061500636327e-6
1.11963370789801e-6
1.24458136738149e-6
1.39275300850183e-6
1.55794412985504e-6
1.72979894746385e-6
1.89386538502426e-6
2.03293268142680e-6
2.13011834226296e-6
2.17361939000827e-6
2.16197198931268e-6
2.10743387495570e-6
2.03467601552198e-6
1.97344432918858e-6
1.94724555060236e-6
1.96340504660310e-6
2.01005500386820e-6
2.06177973444019e-6
2.09047974915040e-6
2.07554103811887e-6
2.00901362087848e-6
1.89513722218027e-6
