2.83346250126046e-5
3.05282697189146e-7
3.10051746500876e-7
3.20582800847455e-7
4.67092420766384e-7
6.92647576740179e-7
9.60088156830761e-7
1.24438607109828e-6
1.52845213322709e-6
1.80067591756403e-6
2.05318047740163e-6
2.28062491748929e-6
2.47935717521660e-6
2.64679825286257e-6
2.78098796738685e-6
2.88025104829151e-6
2.94296008514645e-6
2.96738577945094e-6
2.95163980568119e-6
2.89373427408945e-6
2.79180593058129e-6
2.64458151407387e-6
2.45218376288911e-6
2.21736744417726e-6
1.94717024703425e-6
1.65466952330681e-6
1.35999983966294e-6
1.08924900617409e-6
8.70176905789252e-7
7.25901617017057e-7
6.70476007000327e-7
7.08893230827615e-7
8.38187412926236e-7
1.04595070978310e-6
1.30968724752734e-6
1.60116037606703e-6
1.89327630509325e-6
2.16491838735514e-6
2.40230063676797e-6
2.59798764528441e-6
2.74909461265652e-6
2.85558112692451e-6
2.91897149162498e-6
2.94152131425196e-6
2.92573915549284e-6
2.87416049646317e-6
2.78929466818028e-6
2.67369461740989e-6
2.53012478245671e-6
2.36182249981117e-6
2.17286444892424e-6
1.96866300252744e-6
1.75662824313344e-6
1.54703787997943e-6
1.35415327849386e-6
1.19759155557620e-6
1.10388368092230e-6
1.10796637570478e-6
1.25398875597876e-6
1.59415261446378e-6
2.18327105207370e-6
3.06550740651053e-6
4.24937193055812e-6
5.67041048243489e-6
7.15344471261687e-6
8.41125159246665e-6
9.13877701550256e-6
9.22292349203737e-6
8.92689925559665e-6
8.75957731341501e-6
8.99039300913014e-6
9.33642334934212e-6
9.26144397806158e-6
8.49401057997742e-6
7.17207667815672e-6
5.63094387648136e-6
4.16889980265583e-6
2.95314734081438e-6
2.03514669172365e-6
1.40139088343808e-6
1.01575627597973e-6
8.41431935646138e-7
8.46219794101355e-7
9.99381467156697e-7
1.26731899297335e-6
1.61234799705702e-6
1.99532141918057e-6
2.38032015663670e-6
2.73890599837158e-6
3.05227458439849e-6
3.31102228058036e-6
3.51323039224854e-6
3.66186717819380e-6
3.76230412952280e-6
3.82036643496625e-6
3.84101512219238e-6
3.82756958708422e-6
3.78131105018277e-6
3.70131762216884e-6
3.58443623093996e-6
3.42538497132016e-6
3.21711842055576e-6
2.95182213787514e-6
2.62327801125872e-6
2.23177796261424e-6
1.79260329489477e-6
1.34628314611625e-6
9.61013717808670e-7
7.12557602797336e-7
6.50831055867914e-7
7.89336808719099e-7
1.10062047433999e-6
1.51015125395370e-6
1.93421151174676e-6
2.31687475642381e-6
2.63303541110175e-6
2.87747292574372e-6
3.05462438825706e-6
3.17238300545570e-6
3.23908398814749e-6
3.26231513488513e-6
3.24861936834227e-6
3.20358392778911e-6
3.13207469744964e-6
3.03851203745651e-6
2.92715038570268e-6
2.80235312571143e-6
2.66886563270707e-6
2.53209194822400e-6
2.39837767437026e-6
2.27529378042710e-6
2.17190128566196e-6
2.09895157471718e-6
2.06893616256956e-6
2.09583734642551e-6
2.19434506122981e-6
2.37820634906804e-6
2.65730685364926e-6
3.03316088085558e-6
3.49292298750707e-6
4.00312974590899e-6
4.50631127707137e-6
4.92584033074938e-6
5.18475701507508e-6
5.23894787518548e-6
5.11168377092815e-6
4.90211994350060e-6
4.74443946804109e-6
4.73023881828890e-6
4.84908274594663e-6
4.99761188445178e-6
5.04842212594048e-6
4.92085842611172e-6
4.60787351625050e-6
