4.07088303671151e-5
4.18594078695406e-7
4.38805635710002e-7
5.70997444079803e-7
8.93381807716607e-7
1.31878657813720e-6
1.78705526077179e-6
2.26010116201501e-6
2.71292443143973e-6
3.12924761117820e-6
3.49847382884748e-6
3.81362118468931e-6
4.06986729038359e-6
4.26351023914855e-6
4.39123738096256e-6
4.44964729165028e-6
4.43501789248510e-6
4.34337021402752e-6
4.17095160090894e-6
3.91535279435262e-6
3.57754908883923e-6
3.16510992796076e-6
2.69640737051396e-6
2.20451297150522e-6
1.73762189589673e-6
1.35201772635119e-6
1.09774545398299e-6
1.00610309511144e-6
1.08789386856855e-6
1.33509703723743e-6
1.71700470878389e-6
2.18190731215941e-6
2.67162448098784e-6
3.13719499309269e-6
3.54577278838380e-6
3.87963592545099e-6
4.13195624665184e-6
4.30251129989439e-6
4.39451410947826e-6
4.41264302649421e-6
4.36199547795360e-6
4.24767044729169e-6
4.07476906135559e-6
3.84869570253853e-6
3.57571817568390e-6
3.26380454974454e-6
2.92380174905062e-6
2.57105925771515e-6
2.22762423514399e-6
1.92511823481021e-6
1.70829224174089e-6
1.63892203043608e-6
1.79891516225778e-6
2.28987580165020e-6
3.22349723760595e-6
4.69320766563341e-6
6.71531395831620e-6
9.13726803957760e-6
1.15514437667978e-5
1.33356609684499e-5
1.39863570930355e-5
1.36661262568097e-5
1.32984126616192e-5
1.36162804481644e-5
1.41792126832567e-5
1.39144990595202e-5
1.23692262228622e-5
9.96015708495745e-6
7.38488875542201e-6
5.14129962801213e-6
3.43094320805458e-6
2.26115332224580e-6
1.56346384520688e-6
1.26107997111045e-6
1.28744545573446e-6
1.57935127839690e-6
2.06671525766284e-6
2.67125391624001e-6
3.31487710049335e-6
3.93141879989576e-6
4.47481140894741e-6
4.92073267556200e-6
5.26284027674993e-6
5.50650372854949e-6
5.66260222376945e-6
5.74274994207764e-6
5.75623325946896e-6
5.70834875823165e-6
5.59965921144824e-6
5.42576949473852e-6
5.17745421518432e-6
4.84134414821531e-6
4.40202073952106e-6
3.84745580419641e-6
3.18106074461865e-6
2.44286526428148e-6
1.73203023544794e-6
1.19806335729849e-6
9.73941981691554e-7
1.11845993375673e-6
1.60136110147494e-6
2.27900367419521e-6
2.97871477135339e-6
3.59358858621337e-6
4.08269491271402e-6
4.44274037813349e-6
4.68614606671340e-6
4.82946483205700e-6
4.88856644287150e-6
4.87718619281004e-6
4.80690720918132e-6
4.68766931680983e-6
4.52843003357169e-6
4.33784724577058e-6
4.12495511583255e-6
3.89984148797421e-6
3.67434058427948e-6
3.46274062859751e-6
3.28247089338424e-6
3.15466601525906e-6
3.10438876481256e-6
3.16010271212690e-6
3.35170986963096e-6
3.70614294776925e-6
4.23931066377929e-6
4.94362942150203e-6
5.77238383202308e-6
6.62689156987072e-6
7.35969570728438e-6
7.81156831423551e-6
7.88882952688775e-6
7.64823592585578e-6
7.30976571630819e-6
7.13520319768444e-6
7.23589991924383e-6
7.48505913100408e-6
7.62537179136921e-6
7.45833218579717e-6
