7.87561264734718e-5
1.04618497690102e-6
1.06696008394511e-6
1.88847998299356e-6
2.98717516868731e-6
4.20687588070090e-6
5.40784959294062e-6
6.51377265629985e-6
7.47847570095976e-6
8.27421070670588e-6
8.88320488307000e-6
9.29212179988088e-6
9.48850688148710e-6
9.45890224297600e-6
9.18880432035132e-6
8.66527879681515e-6
7.88384501788106e-6
6.86175865103910e-6
5.65838251602875e-6
4.39632429191550e-6
3.26263517124501e-6
2.46394009278526e-6
2.15156668398436e-6
2.38546370045271e-6
3.13192145437738e-6
4.24517636812403e-6
5.50593045335756e-6
6.71528493288463e-6
7.74583447716714e-6
8.53760532535666e-6
9.07454893327451e-6
9.36337470112382e-6
9.42017272442831e-6
9.26364738573606e-6
8.91268664124327e-6
8.38663102127562e-6
7.70744089626182e-6
6.90362610303429e-6
6.01630576377369e-6
5.10815541589912e-6
4.27621360232951e-6
3.66922427444242e-6
3.50842280575171e-6
4.10518811015300e-6
5.85550170356342e-6
9.16458100794725e-6
1.42211684044886e-5
2.05590269465392e-5
2.65983212607813e-5
3.00223891063013e-5
3.00010701600889e-5
2.92106170603740e-5
3.03569467848607e-5
3.11615855088642e-5
2.81893046261653e-5
2.19823135742000e-5
1.51855982669169e-5
9.62320742237031e-6
5.81674615332431e-6
3.61019452763886e-6
2.70083760795102e-6
2.82561672170529e-6
3.74080423644598e-6
5.17078740904020e-6
6.81639131189771e-6
8.41246885820950e-6
9.77955521822081e-6
1.08357281899794e-5
1.15739532947090e-5
1.20272655258733e-5
1.22389460530573e-5
1.22436315954064e-5
1.20579695833203e-5
1.16772013540008e-5
1.10749247788381e-5
1.02058731772148e-5
9.01622733911925e-6
7.47436723634625e-6
5.64410812921840e-6
3.80014230440834e-6
2.45521697714776e-6
2.09723916610566e-6
2.90934510528175e-6
4.56746249647837e-6
6.37279572212488e-6
7.90764649572640e-6
9.05032982509176e-6
9.81244780519989e-6
1.02485644639832e-5
1.04169391391636e-5
1.03679694391373e-5
1.01432857471770e-5
9.77834518370409e-6
9.30590057007324e-6
8.75960323984385e-6
8.17765781840548e-6
7.60660242531449e-6
7.10517926888652e-6
6.74788913795113e-6
6.62703109396390e-6
6.85053932942367e-6
7.53050325897768e-6
8.75430524408879e-6
1.05295719973725e-5
1.27036489780373e-5
1.48921605535461e-5
1.65134754411661e-5
1.70567473581020e-5
1.65455330263458e-5
1.57444263317996e-5
1.55679565649314e-5
1.61078090696486e-5
1.65383737165108e-5
1.60378977715757e-5
