0.000129103919597978
2.75476668502694e-6
2.55135484572392e-6
4.87402208911654e-6
7.37266197961072e-6
9.88887515418748e-6
1.21647587237801e-5
1.40811929874126e-5
1.55692526402403e-5
1.65856971066881e-5
1.70954000182216e-5
1.70619561640698e-5
1.64460537832210e-5
1.52148934782498e-5
1.33701493944903e-5
1.10037183411249e-5
8.37629022376235e-6
5.96037755158079e-6
4.32978941618641e-6
3.90737463103476e-6
4.82705768610580e-6
6.87426439542797e-6
9.47902133674637e-6
1.20377876909892e-5
1.41719091907584e-5
1.57218469019987e-5
1.66585904753460e-5
1.70117802089161e-5
1.68302232865282e-5
1.61659665743502e-5
1.50723633266145e-5
1.36110315343478e-5
1.18665809995305e-5
9.97093247506651e-6
8.14119566803945e-6
6.73565065866586e-6
6.32756558363904e-6
7.77506636046946e-6
1.22012679023916e-5
2.06575193845126e-5
3.30794861427858e-5
4.65077406802104e-5
5.48409411009987e-5
5.51217519821328e-5
5.47587177382568e-5
5.80506533799171e-5
5.50404015437157e-5
4.25229352167159e-5
2.77597110227830e-5
1.61881993551919e-5
8.98566122577192e-6
5.48310414436561e-6
4.82823303836253e-6
6.31536777381298e-6
9.19608484408254e-6
1.26325083234653e-5
1.58894900563898e-5
1.85188014777461e-5
2.03740770778013e-5
2.15025206480216e-5
2.20204455362756e-5
2.20292546142697e-5
2.15752634044346e-5
2.06369161178086e-5
1.91264337374836e-5
1.69087752916755e-5
1.38713813860440e-5
1.01247694859526e-5
6.37297774594112e-6
4.00756841731103e-6
4.24565289627879e-6
7.17577122582001e-6
1.09984643263405e-5
1.42298293128468e-5
1.65381940004477e-5
1.79605389036233e-5
1.86486695078481e-5
1.87515624976124e-5
1.83928927986559e-5
1.76748004814655e-5
1.66893912414810e-5
1.55317186408438e-5
1.43133147339484e-5
1.31764210783820e-5
1.23083244414374e-5
1.19524204182355e-5
1.24063346322139e-5
1.39855825197994e-5
1.69150344454680e-5
2.11073478871261e-5
2.58570274308756e-5
2.97164765221836e-5
3.11365091406942e-5
3.00590285120770e-5
2.87034427226020e-5
2.91419199118376e-5
3.03257977093849e-5
2.96602412841861e-5
