0.000149308198350835
3.76620574112797e-6
3.37550364475622e-6
6.46290215224262e-6
9.61069038583480e-6
1.26937996687800e-5
1.54038106553016e-5
1.76067514737380e-5
1.92245260886989e-5
2.02047138495827e-5
2.04995857166434e-5
2.00573141860960e-5
1.88271536959096e-5
1.67873072604386e-5
1.40101336493710e-5
1.07699720732685e-5
7.63651956070219e-6
5.38484212896643e-6
4.65124981586530e-6
5.67942983355330e-6
8.21636007347437e-6
1.14833377723482e-5
1.46563615358431e-5
1.72443018197348e-5
1.90574435675297e-5
2.00741295144578e-5
2.03425619347570e-5
1.99309584013981e-5
1.89102031695954e-5
1.73553591769968e-5
1.53599515175226e-5
1.30630258490389e-5
1.06934585276353e-5
8.63880916496716e-6
7.54385088751113e-6
8.42433956311569e-6
1.27112017211944e-5
2.19576416884379e-5
3.66485016450498e-5
5.37407863525130e-5
6.53967601133802e-5
6.65256766481480e-5
6.62844315349642e-5
7.04505065189960e-5
6.52577302771154e-5
4.82466568661276e-5
2.99997438714205e-5
1.67205927315533e-5
9.08226537220644e-6
5.94610940611137e-6
6.20875544087922e-6
8.90887685404822e-6
1.29556022333291e-5
1.72288843760675e-5
2.09054616236834e-5
2.36124570739177e-5
2.53289705758925e-5
2.61954852931241e-5
2.63639238496696e-5
2.59196605129475e-5
2.48541804014073e-5
2.30639912931581e-5
2.03737853928861e-5
1.66274650528189e-5
1.19636465499259e-5
7.34129404965398e-6
4.64889561761601e-6
5.46292213837223e-6
9.58557955310991e-6
1.42749528330697e-5
1.79773069504645e-5
2.04703155952562e-5
2.18779862289223e-5
2.24111559155934e-5
2.22566088752610e-5
2.15666379864712e-5
2.04711761963434e-5
1.90961615751578e-5
1.75831826410440e-5
1.61102301185207e-5
1.49132755164134e-5
1.43050996596134e-5
1.46793029422012e-5
1.64700714236051e-5
2.00117280616702e-5
2.52297843746945e-5
3.11909269631822e-5
3.59126875831465e-5
3.73528785949615e-5
3.57834773853735e-5
3.44902771995958e-5
3.55715711435691e-5
3.66056609294238e-5
3.44843185448105e-5
