0.000171231994674445
5.09270722947697e-6
4.42558369780573e-6
8.43958781645773e-6
1.23375598237581e-5
1.60547125867018e-5
1.92259641342286e-5
2.17021925532511e-5
2.33941022552828e-5
2.42358771999888e-5
2.41615521879627e-5
2.31005360802306e-5
2.09995022531272e-5
1.78896113337052e-5
1.40189695833623e-5
1.00135739278629e-5
6.86545633625955e-6
5.52494196688034e-6
6.45171592402789e-6
9.42930790199600e-6
1.34558023181311e-5
1.73940213878435e-5
2.05751927819635e-5
2.27528170501463e-5
2.39067616658446e-5
2.41061134419215e-5
2.34431780671808e-5
2.20133580089469e-5
1.99213805077913e-5
1.73064632788754e-5
1.43883651899952e-5
1.15430381447577e-5
9.41954593019742e-6
9.09910348634535e-6
1.22389291498429e-5
2.09565108197119e-5
3.67976361134310e-5
5.78585716149965e-5
7.54680260516792e-5
7.99650543734676e-5
7.90680295530611e-5
8.43886370999534e-5
7.93160987098621e-5
5.81198575104502e-5
3.52578114589574e-5
1.90545051646566e-5
1.01287345263210e-5
6.86718572331486e-6
7.81067144952418e-6
1.16414436549990e-5
1.68478252333756e-5
2.19870673451929e-5
2.61344349921418e-5
2.89812201565517e-5
3.06139463404319e-5
3.12457208120501e-5
3.10444570201694e-5
3.00599417912012e-5
2.82074337842129e-5
2.52847909960910e-5
2.10563493364353e-5
1.55397884068001e-5
9.67124952785895e-6
5.76648439167331e-6
6.15770428913054e-6
1.10619911757367e-5
1.68953379952905e-5
2.14336366519926e-5
2.44319596081814e-5
2.60567784080760e-5
2.65879019195954e-5
2.62664297207795e-5
2.52889051871310e-5
2.38265458612019e-5
2.20523687414152e-5
2.01701788862984e-5
1.84454764675644e-5
1.72366027926391e-5
1.70164947868827e-5
1.83562089966528e-5
2.18050760966265e-5
2.75613425863824e-5
3.48747112795754e-5
4.15142485557637e-5
4.44986998468196e-5
4.31496487444380e-5
4.12801652111406e-5
4.23849261219587e-5
4.37613175546396e-5
4.10989932625910e-5
