0.000201025637553356
7.29818171696097e-6
6.12223456657065e-6
1.15497238913063e-5
1.65332746840418e-5
2.11321958168618e-5
2.49011957848401e-5
2.76711425167199e-5
2.93337334444355e-5
2.97976552207286e-5
2.89652524822747e-5
2.67455669792822e-5
2.31265752666304e-5
1.83440228059946e-5
1.31330521702671e-5
8.81659696308296e-6
6.80574034600395e-6
7.86216249268713e-6
1.17379267086061e-5
1.69758686442182e-5
2.19688866716164e-5
2.58558192645966e-5
2.83625462302590e-5
2.95006153525963e-5
2.93817073496894e-5
2.81385112200512e-5
2.59090607088133e-5
2.28583292715977e-5
1.92312040565074e-5
1.54458475090727e-5
1.22462116009954e-5
1.09280368987358e-5
1.35931029273370e-5
2.31530322484647e-5
4.21927350156846e-5
6.91036295930889e-5
9.26315334067790e-5
9.89001892213462e-5
9.88208043028156e-5
0.000105923053661478
9.42707225404669e-5
6.38188389948747e-5
3.59636731887403e-5
1.83694635039232e-5
9.99073585380113e-6
8.42116131540753e-6
1.17312179392285e-5
1.79016691069253e-5
2.47427862410703e-5
3.05957778063102e-5
3.47428245183214e-5
3.71857079937510e-5
3.82108110923352e-5
3.80778164063404e-5
3.68812710716113e-5
3.45170502341750e-5
3.07074291792991e-5
2.51339855603556e-5
1.79026562128656e-5
1.05837906414869e-5
6.61964931607014e-6
8.94801623572004e-6
1.63621508928285e-5
2.32880134326516e-5
2.82207337354750e-5
3.11483559670292e-5
3.24269798690920e-5
3.24228257443425e-5
3.14354853542122e-5
2.97162080588797e-5
2.75070883616907e-5
2.50854765674608e-5
2.28118361140632e-5
2.11792500303905e-5
2.08509180627386e-5
2.26404521698410e-5
2.73267706647647e-5
3.51225105595201e-5
4.47159362473797e-5
5.25851453393428e-5
5.48017080378166e-5
5.22293130292527e-5
5.13055214111637e-5
5.37189884050408e-5
