0.000254033961602804
1.24544013124997e-5
9.95180752374454e-6
1.83124002110150e-5
2.53811616645283e-5
3.15651559213201e-5
3.62655634578448e-5
3.92740597660602e-5
4.04308533781377e-5
3.95756895152058e-5
3.65522715759882e-5
3.13254026278176e-5
2.42874746730536e-5
1.67321894240949e-5
1.09634303570681e-5
9.23370753441150e-6
1.24689102867218e-5
1.94363054596084e-5
2.71509856618964e-5
3.35229562364327e-5
3.77973712169310e-5
3.98907588263937e-5
3.99672740635370e-5
3.82470829987828e-5
3.49624971109018e-5
3.03967753510020e-5
2.49906691194763e-5
1.95379553996962e-5
1.55129388650222e-5
1.55465560419250e-5
2.38452381968561e-5
4.55211686161147e-5
8.20188566731952e-5
0.000120695558613227
0.000136283731839606
0.000137195038081673
0.000148538474072050
0.000126743382442802
7.86919221711638e-5
4.06221711262185e-5
1.94989571657996e-5
1.16261508347710e-5
1.31312927154539e-5
2.07393653838494e-5
3.07328815090060e-5
3.98340035689205e-5
4.63863052767066e-5
5.02095648604203e-5
5.17600026695764e-5
5.14789031130037e-5
4.95101385619701e-5
4.56424766498456e-5
3.93843553551324e-5
3.03273335533391e-5
1.93471347413864e-5
1.05453047279109e-5
9.85582487360173e-6
1.92652923021154e-5
3.00347425527038e-5
3.75973901789230e-5
4.20833507428043e-5
4.39575315346049e-5
4.38399893603683e-5
4.22183726188770e-5
3.95108318646944e-5
3.61379709202074e-5
3.26115556566612e-5
2.96307063246391e-5
2.81751203665743e-5
2.95390834614142e-5
3.51386166421307e-5
4.57415712439141e-5
5.97880210839330e-5
7.17647061085676e-5
7.49926059539130e-5
7.13770676146160e-5
7.16105991925503e-5
7.48537602579670e-5
