0.000247060629650625
1.16814017277706e-5
9.38628651848570e-6
1.73312950951067e-5
2.41161059558786e-5
3.00924259158476e-5
3.46825568456262e-5
3.76839003430768e-5
3.89450665895434e-5
3.83165121219652e-5
3.56480487755169e-5
3.08840521841967e-5
2.43252345055460e-5
1.70617864245294e-5
1.11660226057526e-5
8.84724504983337e-6
1.11975646038082e-5
1.74308234608852e-5
2.48602957528420e-5
3.12715698301004e-5
3.57688858824421e-5
3.81888704362644e-5
3.86591083517972e-5
3.73822159070241e-5
3.45728353195595e-5
3.04788982297997e-5
2.54644219419459e-5
2.01663513868983e-5
1.57615353787445e-5
1.43739364712357e-5
1.95226294350725e-5
3.59685057847959e-5
6.69101747254117e-5
0.000105628812094676
0.000129465461923070
0.000130421545786099
0.000139687225641301
0.000134445437389107
9.28910241735067e-5
5.11007169009591e-5
2.49620978177168e-5
1.29704523922728e-5
1.11679966376127e-5
1.64319648488865e-5
2.54570333859830e-5
3.48152865943581e-5
4.22369511727001e-5
4.70274252783732e-5
4.94437431894308e-5
4.99589734213922e-5
4.88552191681423e-5
4.60919845356007e-5
4.13161196869849e-5
3.40259550216904e-5
2.42136884818656e-5
1.40012328291310e-5
8.60213453714094e-6
1.26906666997118e-5
2.35450249012926e-5
3.24707124728268e-5
3.84382259515971e-5
4.15882662054968e-5
4.25315524914865e-5
4.17873504538588e-5
3.97827371542837e-5
3.69011455105654e-5
3.35594078111969e-5
3.02919079477817e-5
2.78407359209046e-5
2.72315033829703e-5
2.97563075257517e-5
3.66578300574888e-5
4.81521196030495e-5
6.16741672475597e-5
7.10734634715820e-5
7.14280815961582e-5
6.80031709915142e-5
6.98629599664865e-5
7.17852610983340e-5
6.46373842248171e-5
