0.000320959572625551
2.14501592683009e-5
1.63969442111125e-5
2.91895121885611e-5
3.90971972271217e-5
4.72131893132357e-5
5.27169952360737e-5
5.53283627125045e-5
5.47762979559316e-5
5.07892763863045e-5
4.32693955103028e-5
3.28400141657296e-5
2.17504980960802e-5
1.40236158704682e-5
1.33076147535989e-5
2.05065227579024e-5
3.19664807234552e-5
4.26075784224994e-5
5.02088833944324e-5
5.42983969773632e-5
5.50701174390369e-5
5.28886023592815e-5
4.81488843192252e-5
4.13349769185639e-5
3.32281870422907e-5
2.53115246947540e-5
2.04682656610783e-5
2.39706785979411e-5
4.39907176335387e-5
8.81640373481138e-5
0.000148932459617251
0.000187761629691877
0.000192071781567044
0.000211673602298494
0.000179676876695436
0.000103343014774274
4.91295570928237e-5
2.24393815320970e-5
1.54377558161038e-5
2.17693312810395e-5
3.54277232232209e-5
4.99717102264754e-5
6.11573991789260e-5
6.78868850610467e-5
7.07698990141238e-5
7.06181795575234e-5
6.77453862424948e-5
6.18181170857444e-5
5.20188836650022e-5
3.78695745095115e-5
2.18622643129067e-5
1.23919966764604e-5
1.86236177169990e-5
3.60087572590824e-5
4.86202258175506e-5
5.65431172860504e-5
6.00229202693102e-5
6.01965593843051e-5
5.78920765070029e-5
5.38351738470611e-5
4.87624423456294e-5
4.36027930386979e-5
3.96726608620524e-5
3.88514841268463e-5
4.35543358091874e-5
5.59775049116098e-5
7.56997916011092e-5
9.58529951917007e-5
0.000104332957875542
0.000100146787970700
0.000100723846688393
0.000105104587704870
