0.000386130531843718
3.32203727145007e-5
2.46010671453821e-5
4.24618755304072e-5
5.52657443389144e-5
6.50549307899616e-5
7.07472182728353e-5
7.19462463424838e-5
6.82233075463414e-5
5.92838639335402e-5
4.56615641876058e-5
3.01682785122746e-5
1.87038940602132e-5
1.72861504807265e-5
2.77003021146121e-5
4.38661573722286e-5
5.79432343012184e-5
6.72335909206127e-5
7.13783921441349e-5
7.08068991553141e-5
6.61068587773413e-5
5.79374690541382e-5
4.72562336756757e-5
3.58614512287810e-5
2.74120490074886e-5
2.90531637749268e-5
5.28011177337734e-5
0.000111521610151539
0.000196249287165307
0.000248651346717439
0.000259430138733130
0.000286640851418713
0.000206121531220287
0.000101323880351719
4.35703742517653e-5
2.16121862010828e-5
2.34871966326085e-5
3.98597382534867e-5
6.04375580115844e-5
7.71574273846849e-5
8.73322545864700e-5
9.16803331317864e-5
9.14889832962156e-5
8.72582541690832e-5
7.84334152823697e-5
6.37675846772736e-5
4.31037501956910e-5
2.24811339582917e-5
1.65243477751785e-5
3.54218700128878e-5
5.70675988459764e-5
7.02322613456358e-5
7.69931171696065e-5
7.83468897253662e-5
7.57948239771873e-5
7.04643064513641e-5
6.35049560227141e-5
5.63640785197313e-5
5.11384013996166e-5
5.08818164802350e-5
5.94817064854818e-5
7.99529065380102e-5
0.000109388084340273
0.000133059009585490
0.000135336267020729
0.000131400496013796
0.000139099723024572
0.000130766726594127
