0.000455691475544582
4.95437608081343e-5
3.57516909497153e-5
5.98203254285445e-5
7.57502529808287e-5
8.69165013885465e-5
9.18821026341753e-5
9.00566346309371e-5
8.08509372170434e-5
6.44039093927157e-5
4.35417265295898e-5
2.59775680109895e-5
2.14425709845316e-5
3.43446426481859e-5
5.64594320758517e-5
7.52744332935190e-5
8.70803010891825e-5
9.15452921877476e-5
8.93841607889670e-5
8.15002021534462e-5
6.89849809529612e-5
5.36606878341332e-5
3.92828940853537e-5
3.37540470651643e-5
5.20915868321455e-5
0.000115339738078483
0.000226514842335023
0.000316132931883443
0.000337547769059591
0.000382725681678769
0.000262539242652409
0.000117094930053444
4.73431732437214e-5
2.57890982395880e-5
3.52888236526059e-5
6.11202305469726e-5
8.77363709280833e-5
0.000106153291866773
0.000115372255845151
0.000117331287619356
0.000113359194413901
0.000103143439981407
8.50286249791041e-5
5.82056956846458e-5
2.99401013305854e-5
2.11241277758889e-5
4.81140304414140e-5
7.61060278400327e-5
9.20275608351592e-5
9.92674182864066e-5
9.93476830977019e-5
9.43714081792184e-5
8.60070001610398e-5
7.61623964619474e-5
6.75009840126797e-5
6.40453014568751e-5
7.14144082521705e-5
9.51867174816251e-5
0.000134170155832918
0.000169456826750037
0.000175488899249394
0.000171843070628275
0.000182830987371721
0.000164053820470490
