0.000429156869140236
4.28232426222279e-5
3.11843354974956e-5
5.27887864450031e-5
6.75296837742338e-5
7.82340306089540e-5
8.36112771576885e-5
8.31541758132529e-5
7.63250515312828e-5
6.30021418749238e-5
4.48547043101788e-5
2.74180259187296e-5
1.91986777214638e-5
2.58795923823046e-5
4.42839105757096e-5
6.28981263064883e-5
7.60434264034588e-5
8.27007431160009e-5
8.32524521367148e-5
7.84412271369372e-5
6.90974194731869e-5
5.63882466378451e-5
4.25104918785329e-5
3.20478899498424e-5
3.42068007279915e-5
6.47593575597434e-5
0.000139985407299804
0.000243251878490005
0.000295969976205713
0.000318224890087633
0.000332094328309434
0.000198074671106089
8.74803281418955e-5
3.62492728489394e-5
2.34182950917863e-5
3.53944062533551e-5
5.94066294012692e-5
8.25578949642752e-5
9.81554859857619e-5
0.000105820619897310
0.000107257936071561
0.000103538697431902
9.43379758876014e-5
7.81989385591938e-5
5.43379732726155e-5
2.86331388252329e-5
1.87961799158950e-5
4.02767050664514e-5
6.69826272513169e-5
8.23953672912168e-5
9.01610382030650e-5
9.12410910203248e-5
8.76047956706881e-5
8.06823580744339e-5
7.20256761368100e-5
6.36901316143662e-5
5.87374215221002e-5
6.15855059300294e-5
7.73657257867563e-5
0.000108092038383100
0.000143899758273852
0.000160911132585712
0.000155529381690354
0.000161223319922312
