0.000437946065445817
4.49793020565282e-5
3.26527266657991e-5
5.50603329032934e-5
7.01960894859886e-5
8.10630783259168e-5
8.63238997115836e-5
8.54449913562910e-5
7.78694183345502e-5
6.35452593944661e-5
4.44803696001111e-5
2.68945729742591e-5
1.97464500473063e-5
2.84133692155915e-5
4.81865706108447e-5
6.69612105657318e-5
7.97228509577084e-5
8.57001980053509e-5
8.53957697204721e-5
7.96047407551318e-5
6.92294919163361e-5
5.56146530243649e-5
4.13840102235879e-5
3.20482184789024e-5
3.85234180350662e-5
7.85824173551207e-5
0.000166469601933201
0.000270390783195126
0.000308052710897514
0.000342573045738428
0.000319310440706311
0.000168257948644338
7.13991572463230e-5
3.05391605016070e-5
2.55263341334054e-5
4.29477972724798e-5
6.88189329607654e-5
9.08688419527723e-5
0.000104397388485360
0.000110132401460360
0.000109845263807076
0.000104214193491261
9.24335138148945e-5
7.28609791114770e-5
4.61074905801168e-5
2.28393130629072e-5
2.36930759611051e-5
5.39628909068297e-5
7.59062852774915e-5
8.90944912052441e-5
9.40292620041587e-5
9.30035531847536e-5
8.76403497162318e-5
7.94837451363346e-5
7.03278162137627e-5
6.27322500643702e-5
6.05331652723418e-5
6.89343553522322e-5
9.26816225387119e-5
0.000129483741261493
0.000160678780946497
0.000164355417961783
0.000161188769676816
0.000171157869996187
