0.000500927179719989
6.25287135961809e-5
4.45084951610166e-5
7.30482332544304e-5
9.09690719455802e-5
0.000102694166649334
0.000106499148459596
0.000101628638230189
8.74847792313910e-5
6.51086703744727e-5
4.03643206380034e-5
2.51696442764998e-5
3.01097731296413e-5
5.39146799006631e-5
7.92665241783671e-5
9.67713753923467e-5
0.000105114458688437
0.000104885007792544
9.72021741045879e-5
8.33609694539707e-5
6.53948841745766e-5
4.74905355805027e-5
3.87418499729798e-5
5.72004673194425e-5
0.000129711655474098
0.000262767552616721
0.000370231079277165
0.000401385172974536
0.000451852330552621
0.000273277338919899
0.000111958160427363
4.41980711065163e-5
3.00124950742803e-5
4.94298398513975e-5
8.26277689076924e-5
0.000111367431273194
0.000128555626799011
0.000135285359426184
0.000133994755124473
0.000125379386946784
0.000108020940131941
7.98885438139862e-5
4.47692267118448e-5
2.35739765637426e-5
4.41588328823285e-5
8.31813278615016e-5
0.000103371663169727
0.000114110631577417
0.000115123719658761
0.000109699873716205
9.98701221185252e-5
8.80841797623135e-5
7.77612120543879e-5
7.41436318791358e-5
8.45799156566536e-5
0.000115944796722636
0.000164476443815793
0.000201982798932238
0.000202576185026255
0.000205611455168471
