0.000464643351882073
5.19564790834762e-5
3.73849469500270e-5
6.23114592614676e-5
7.86398615684652e-5
8.99411846255650e-5
9.47255619873338e-5
9.23720655062255e-5
8.22798679992612e-5
6.47137926937404e-5
4.29872918014348e-5
2.56136438687042e-5
2.26310379147995e-5
3.77368736517620e-5
6.08016529072784e-5
7.95083148892143e-5
9.07433217365834e-5
9.43752304186847e-5
9.12117422110730e-5
8.22157650088351e-5
6.86034566310697e-5
5.25136275515661e-5
3.84401315186357e-5
3.57983654210306e-5
6.19628511567139e-5
0.000138679552838693
0.000258413608886037
0.000333661927556163
0.000359702974090036
0.000386645739730437
0.000227478306768059
9.65726888144996e-5
3.91354681118181e-5
2.66299790863070e-5
4.26428166664515e-5
7.11449737386725e-5
9.68486411731083e-5
0.000113032656636443
0.000120114458481365
0.000120182431811968
0.000114137315577177
0.000101123679680674
7.92774933006794e-5
4.94013854798283e-5
2.41846643468956e-5
2.75653701565508e-5
6.25686524152771e-5
8.51973010183021e-5
9.87040711036323e-5
0.000102968200997565
0.000100833216834853
9.40685927284049e-5
8.45060421415807e-5
7.43957607634961e-5
6.70618961642096e-5
6.74730848082615e-5
8.19593850838306e-5
0.000114609741357552
0.000157102992076259
0.000181758931214980
0.000177390276317033
0.000183277806174075
