0.000519323541000218
6.83991918924653e-5
4.84442897241699e-5
7.88986909598140e-5
9.76077542986672e-5
0.000109462062912811
0.000112604964949076
0.000106208103226102
8.97208634826311e-5
6.47855657990710e-5
3.89393772335395e-5
2.58072610686980e-5
3.57144730628418e-5
6.33470861535168e-5
8.90218318399691e-5
0.000105486990820013
0.000112022883909354
0.000109531934325689
9.92798268140444e-5
8.28284752284861e-5
6.29122312932208e-5
4.54280481943418e-5
4.31200032842993e-5
7.99167527465247e-5
0.000184202486995732
0.000334214999468312
0.000407069807898281
0.000463038452540793
0.000425411132634600
0.000196143529606798
7.61326109117276e-5
3.38686411218618e-5
3.87497800056417e-5
6.99082433238181e-5
0.000104825573491288
0.000129215715894797
0.000141129595806243
0.000143264300192582
0.000137394248742587
0.000122887220348038
9.74084274652831e-5
6.12271479294264e-5
2.93266631404146e-5
3.31214823935503e-5
7.75317002029315e-5
0.000103393393742154
0.000118645765471865
0.000122263121263632
0.000118198905193131
0.000108678208578895
9.62737480860570e-5
8.44018067467764e-5
7.83114073005296e-5
8.56742798400192e-5
0.000114749826688683
0.000165017747551745
0.000210422089320418
0.000216574957844879
0.000216847158717483
0.000228640918375195
