0.000556534690748460
8.14012686032552e-5
5.71218901260652e-5
9.16168325446679e-5
0.000111863488330876
0.000123770489415712
0.000125183089198520
0.000115124501799247
9.32931951015993e-5
6.31284408624015e-5
3.63423980436766e-5
2.96096574785811e-5
5.09811697309870e-5
8.41973891324617e-5
0.000109249802434093
0.000122765711976105
0.000124957578082732
0.000117242324910442
0.000101264797865421
7.95118892221139e-5
5.71407415610800e-5
4.57242222704855e-5
6.90103291981149e-5
0.000162758755420958
0.000331152307185533
0.000450331966348082
0.000504498959375847
0.000523588848184811
0.000250296993599896
9.39313588583166e-5
3.92996442208823e-5
4.21707127782449e-5
7.73640027847551e-5
0.000117468470114771
0.000145057072608581
0.000158023299146559
0.000159659367874438
0.000151884763006752
0.000133654355821275
0.000102208096532690
5.97381602320984e-5
2.89693825810790e-5
4.79190898467414e-5
9.81706935506553e-5
0.000122028646180477
0.000135152588677210
0.000135673621200346
0.000128282457069569
0.000115586635363428
0.000101036188687588
8.96494497232445e-5
8.92155089520287e-5
0.000110081712651588
0.000158841436961693
0.000219471446911189
0.000245868681044709
0.000241008744180687
0.000259139833116472
