0.000537865429309288
7.46837774325078e-5
5.26448102726289e-5
8.50847122444192e-5
0.000104570701227501
0.000116488537689999
0.000118838322859634
0.000110717046630211
9.16676897353080e-5
6.41195784947483e-5
3.75617152557362e-5
2.72293627460464e-5
4.26711895084386e-5
7.34848990909520e-5
9.90371918773310e-5
0.000114173136912612
0.000118660157985527
0.000113676237394357
0.000100654108724177
8.15363529690260e-5
6.00603969478625e-5
4.45129103711542e-5
5.24754826402928e-5
0.000114242578224402
0.000252670622820827
0.000399410112193028
0.000444450387380404
0.000521922507332753
0.000343722082090554
0.000136354229846418
5.22578639568076e-5
3.33780120056333e-5
5.51556838500399e-5
9.33888632602420e-5
0.000125962588611702
0.000144789033952840
0.000151510739088114
0.000148950957444626
0.000137617462659120
0.000115530857626516
8.07858355646795e-5
4.14482064222709e-5
2.70644789650619e-5
6.52121209990189e-5
0.000102051665147134
0.000121525814949687
0.000129077478462717
0.000126944854484337
0.000118186317202251
0.000105438953475928
9.21164430691656e-5
8.33885843977926e-5
8.70784232501656e-5
0.000112642824129467
0.000163128640702126
0.000216579814525187
0.000231251602283782
0.000228445569791528
