0.000594183005016349
9.62116616444400e-5
6.69542307826786e-5
0.000105760942473117
0.000127458250401531
0.000139082595697333
0.000138132730335247
0.000123502225959530
9.54661147234727e-5
6.03110529404934e-5
3.48912555847627e-5
3.79662553772553e-5
7.13182874799889e-5
0.000106943141352586
0.000130006977793053
0.000139409971008946
0.000136241033279305
0.000122337160291307
0.000100028328844085
7.36701745328505e-5
5.31503478150762e-5
6.03129094219174e-5
0.000134439946778922
0.000306167883200624
0.000482384000507001
0.000542938758171891
0.000631622608105593
0.000338360283776347
0.000121586026552503
4.74922168457148e-5
4.45103196630935e-5
8.27848475764610e-5
0.000129066700325054
0.000161104351718841
0.000175943989094840
0.000177511093626272
0.000168020719427809
0.000146082303297067
0.000108552828589557
5.98921068111573e-5
3.09070419271386e-5
6.54356124692645e-5
0.000117335825981679
0.000140961791567884
0.000151719486607966
0.000149293530465998
0.000138528242263091
0.000122761465613642
0.000106673959911742
9.74852771315787e-5
0.000106137921726989
0.000144857888577744
0.000212545077559645
0.000268848697396025
0.000271892694248608
0.000283915537487782
