0.000622620052265205
0.000108599963051107
7.51458791494069e-5
0.000117354047144836
0.000140053554259992
0.000151196603148018
0.000147988839344071
0.000129264478989578
9.60642692894084e-5
5.76883190271532e-5
3.52420199993634e-5
4.80260115223533e-5
8.92190381531951e-5
0.000124872839736959
0.000145598176776679
0.000151153272125065
0.000143252620552711
0.000124095013171084
9.69272016558700e-5
6.86101743040159e-5
5.51020169891132e-5
9.00249319831846e-5
0.000222562846303786
0.000441673521973520
0.000562281067048057
0.000673873841172232
0.000544097578009963
0.000198253854303830
7.14036589131558e-5
4.23697661420542e-5
7.25478057737054e-5
0.000124535799196131
0.000165892817293354
0.000187395201317951
0.000192685337112140
0.000185256060670353
0.000164537397336249
0.000127020355518187
7.44324768075705e-5
3.50504051404508e-5
6.04782453019597e-5
0.000123516872293072
0.000149936983002654
0.000163877620955268
0.000161924099082200
0.000150499789411098
0.000133220565736422
0.000115435550589916
0.000105402896734178
0.000115735702953740
0.000160350457554852
0.000236428119008107
0.000294758804263584
0.000295457873468775
0.000314967691711888
0.000299140270468477
