0.000641641017866807
0.000117505951879009
8.10201156649120e-5
0.000125570496441906
0.000148884676756767
0.000159557305724252
0.000154582979852141
0.000132789318996577
9.59460622970393e-5
5.58435986987402e-5
3.64701109529262e-5
5.67483015826095e-5
0.000102084811548229
0.000137130918452766
0.000155873323562443
0.000158495182790230
0.000147086382645475
0.000124171948234774
9.39226551473713e-5
6.56836811536374e-5
6.11829523265221e-5
0.000123786397694056
0.000302722683714623
0.000529156489905771
0.000616527366829972
0.000748745619746918
0.000412980017672324
0.000138573457170708
5.32272064923298e-5
5.23701006456224e-5
9.95470929776616e-5
0.000152934646141095
0.000187432217633283
0.000201682136358537
0.000200635058894733
0.000186111255558506
0.000155516426673653
0.000105976058627840
5.12078925632225e-5
3.98791291118319e-5
0.000107011218917687
0.000146899882506720
0.000169100905620762
0.000172631636941161
0.000164105199273503
0.000147485623039725
0.000127908014497905
0.000112987805520483
0.000114828017581574
0.000149256025146959
0.000222869902281343
0.000299352761738154
0.000314742027491230
0.000324849723058835
