0.000698823852632657
0.000147554159633290
0.000100770588800335
0.000152665727581845
0.000177482927727019
0.000185886025456256
0.000174170807163118
0.000141437946119649
9.31422167965686e-5
5.10290859454518e-5
4.70307844233820e-5
9.24030943771136e-5
0.000143646944691857
0.000174697712298348
0.000185353083451458
0.000177322383878597
0.000153689184453802
0.000118877577319535
8.25293461573665e-5
6.79773755905811e-5
0.000125409838481820
0.000322748568189436
0.000604174960487907
0.000727120883492298
0.000905202704990232
0.000459238914050599
0.000141431926831382
5.64237092964574e-5
6.86556502918943e-5
0.000131299976293555
0.000191356968425286
0.000225174803871453
0.000235609336111404
0.000228309330177468
0.000203409316088862
0.000156426943668023
8.95466454613608e-5
4.18890279381316e-5
8.49652643035297e-5
0.000160619288882090
0.000188953491992357
0.000201381831563508
0.000194409048244230
0.000176341701294052
0.000152837503744381
0.000133046423233534
0.000131701607932997
0.000169228571420242
0.000256617119343439
0.000350654268169692
0.000370190084640513
0.000390177852080737
