0.000651164037430874
0.000122160668969620
8.40860584115886e-5
0.000129828668094574
0.000153431394014110
0.000163819339131202
0.000157877084291520
0.000134442808597428
9.57305175685006e-5
5.49291290866519e-5
3.74510855898251e-5
6.17265024265258e-5
0.000108738077645394
0.000143329839914555
0.000160948986414216
0.000161991481228134
0.000148720950315901
0.000123866371276775
9.21882248511616e-5
6.45957182613712e-5
6.63332808972598e-5
0.000145990593661926
0.000348729012293772
0.000568065418517889
0.000653864782716833
0.000756319724092450
0.000347765319276888
0.000116457300021151
4.85676358709954e-5
6.10387270678607e-5
0.000114545515221799
0.000166586419205588
0.000197174562556736
0.000207863459218449
0.000203521291134315
0.000184896799098534
0.000148547284811791
9.34143910797327e-5
4.26824578772457e-5
5.30159338376489e-5
0.000127092571426161
0.000158069773314976
0.000176368074326960
0.000175565817836009
0.000163856030204365
0.000145127081756940
0.000125388590268132
0.000113886548283899
0.000124928482962406
0.000174483553054590
0.000258991730006969
0.000321125851689456
0.000321419343136596
0.000347257466376459
