0.000660692672581931
0.000126953272875758
8.72400857324852e-5
0.000134188384465115
0.000158065829307288
0.000168133949814577
0.000161164474245920
0.000136017504742741
9.54115141635963e-5
5.40384944896776e-5
3.87093275584867e-5
6.71098787016182e-5
0.000115516636204483
0.000149565019721012
0.000165971650455011
0.000165358127599839
0.000150154176023974
0.000123327872675176
9.03335071000026e-5
6.39007824924402e-5
7.32587445924067e-5
0.000172235839905456
0.000397915433822715
0.000602817336445646
0.000701050107336371
0.000736118219996470
0.000289623178877044
9.82017106209371e-5
4.68882343303805e-5
7.18952952109235e-5
0.000130060791199016
0.000179678214697584
0.000206225533032900
0.000213393219195571
0.000205585184754649
0.000182392230640392
0.000139804949245610
8.02006880713594e-5
3.79746579455804e-5
7.39277376073979e-5
0.000142224153607044
0.000169317005908925
0.000182119390373069
0.000177560734851577
0.000162802654023502
0.000142401178260714
0.000123416809439432
0.000117066931001830
0.000139783508965962
0.000205432851091408
0.000294453079691773
0.000334165932046426
0.000334879918908920
0.000361678832380284
