0.000689292400121451
0.000142184175807243
9.72474168680140e-5
0.000147888362083716
0.000172496664645052
0.000181377431554589
0.000170948623301296
0.000140223406901157
9.38524492035810e-5
5.16648103225518e-5
4.44048228494928e-5
8.55560609834850e-5
0.000136480763166612
0.000168403688478846
0.000180632348247609
0.000174577640051548
0.000153152365346286
0.000120324492551843
8.44337204503764e-5
6.55809032395857e-5
0.000107969627170286
0.000278035501897344
0.000553926522802924
0.000692566609825733
0.000869059504915337
0.000541053821746294
0.000167677192160113
6.23213536793669e-5
5.91990979966376e-5
0.000114749623884504
0.000176609548902633
0.000214887059741870
0.000229284232188787
0.000225770270776457
0.000205783718927986
0.000165572086775906
0.000103690739052817
4.67424050878061e-5
6.12950157502557e-5
0.000145526560688485
0.000177154596279466
0.000195809994130206
0.000192784137977769
0.000177913769605104
0.000155884075836076
0.000134447668980701
0.000125861898855624
0.000148534642452914
0.000219041150315734
0.000317407014026581
0.000362078576307646
0.000365430514045031
