0.000679758797192271
0.000136962436585552
9.38190778151966e-5
0.000143217093071625
0.000167598394958890
0.000176914678985499
0.000167704140975409
0.000138912268312474
9.44698453785899e-5
5.23899348432408e-5
4.21600415129038e-5
7.90428201417647e-5
0.000129398244660525
0.000162110760588348
0.000175822375624942
0.000171661626558803
0.000152378802591379
0.000121553427533913
8.64090632769117e-5
6.42310294823462e-5
9.37207683075161e-5
0.000238063754452972
0.000501823660768159
0.000662762686101772
0.000815891274998473
0.000620792705290115
0.000200177915911784
7.12814859976024e-5
5.23090793618896e-5
9.90840705852962e-5
0.000161352358179355
0.000203867040256283
0.000222276066748254
0.000222392616496392
0.000206841071277986
0.000172877862494249
0.000117137137072582
5.56379238453855e-5
4.57608057471116e-5
0.000125028511613541
0.000165467884807794
0.000188682747361039
0.000190192825115768
0.000178695474456096
0.000158683239254152
0.000136750737869364
0.000123038042522447
0.000133505184097402
0.000186603112496729
0.000279573889279720
0.000348176396320848
0.000349525371249772
0.000380783383503217
0.000335386542786872
