0.000717873092876815
0.000158749347961985
0.000108108319568584
0.000162543088230729
0.000187719099879506
0.000195032844511791
0.000180531387933745
0.000143560807091751
9.14630635787274e-5
5.01008204693124e-5
5.35268674904845e-5
0.000106990185151550
0.000158205129202598
0.000187250898851556
0.000194488776179057
0.000182255263255118
0.000154024793473221
0.000115382399280814
7.92450056631869e-5
7.68417940718835e-5
0.000171472240936851
0.000425339756680166
0.000694225211360009
0.000824895986555706
0.000890472071265324
0.000316360189895605
0.000102467348891367
5.41146504623850e-5
9.43347301522249e-5
0.000165582735282847
0.000218882654795870
0.000243567779630897
0.000246128600942788
0.000230487811993985
0.000194073089388385
0.000132694429411770
6.29560794826346e-5
5.02242210582094e-5
0.000140952153264643
0.000184091682307794
0.000209058702770336
0.000209071040426326
0.000194729512515439
0.000171299115249162
0.000147089383850206
0.000135217933261626
0.000155978021830716
0.000229451959533591
0.000338015852454176
0.000391643578914764
0.000397021504173763
0.000428911152260454
