0.000727387419664690
0.000164579822213475
0.000111926353547583
0.000167645200304988
0.000192968693978794
0.000199666849692991
0.000183661062305997
0.000144461397984181
9.05063323818096e-5
4.98479238408573e-5
5.74434065437989e-5
0.000114672778511739
0.000165586211790722
0.000193490662433282
0.000198884157929886
0.000184421977960565
0.000153812438028327
0.000113372291039540
7.80565024496665e-5
8.38482498130074e-5
0.000200881956013161
0.000482062186908773
0.000733058538149217
0.000890451645014942
0.000834356736024718
0.000261280786542143
8.81005443849166e-5
5.77009740273431e-5
0.000109972677562325
0.000182669041301737
0.000231540219309133
0.000251684774495916
0.000250245475035188
0.000229888817763253
0.000186805552088181
0.000118523260475171
5.29545214370438e-5
6.66374768348483e-5
0.000162984955075926
0.000196250392185942
0.000216346628747501
0.000211451688917766
0.000193521424938823
0.000168143464908046
0.000145122173118417
0.000140205542857564
0.000176216382113270
0.000268400425833123
0.000374618258940283
0.000401124653764531
0.000423978964566790
0.000420108801787317
