0.000708351337136986
0.000153075007091942
0.000104390312562537
0.000157550279838457
0.000182557115271571
0.000190438514681498
0.000177366497806296
0.000142551736447968
9.23438780400835e-5
5.05012940558971e-5
5.00634003506470e-5
9.95572628334377e-5
0.000150890292627279
0.000180983333190428
0.000189975117670330
0.000179885165912870
0.000153982057243383
0.000117224714424366
8.07704144458296e-5
7.16462174842204e-5
0.000146443362865699
0.000371997540522485
0.000651235856601068
0.000770358105622063
0.000914261890207444
0.000382860306635927
0.000120041915264797
5.36757104085382e-5
8.04570702721583e-5
0.000148360023217507
0.000205473715258164
0.000234732872965323
0.000241234383873964
0.000229918558085666
0.000199559000155862
0.000145429215207996
7.55881459608488e-5
4.25023630194330e-5
0.000113433176875506
0.000172609063417755
0.000199857252401501
0.000205731706034232
0.000195048885610675
0.000174090714490713
0.000149797562409328
0.000133086300405673
0.000141432983223602
0.000196168086423694
0.000297339971510309
0.000375790015264083
0.000379485565330245
0.000415756046182417
