0.000736892681682505
0.000170569079437357
0.000115846170391820
0.000172857640828411
0.000198305648102672
0.000204338252694830
0.000186751003049298
0.000145249993437763
8.94811939114168e-5
4.97637677291035e-5
6.18325076645822e-5
0.000122576245982732
0.000173028384849228
0.000199692829196910
0.000203151127370256
0.000186374702034925
0.000153341524917035
0.000111221998447353
7.73254025510183e-5
9.29799908934250e-5
0.000235019620119974
0.000541168207729106
0.000768783632954990
0.000962573296931439
0.000752583042078381
0.000217100356227662
7.67153886826234e-5
6.43173241498770e-5
0.000127013295216089
0.000199378933100162
0.000243426638075834
0.000259083588075891
0.000253521317094524
0.000227977251527398
0.000177645790246575
0.000103456818070386
4.69457337713642e-5
9.18744294664623e-5
0.000178901017203838
0.000208719994875501
0.000221971844482960
0.000212844257289456
0.000191526718269661
0.000164851907400313
0.000144402094750573
0.000148915540945359
0.000202839615708549
0.000311264689965462
0.000403364003502876
0.000411152554170616
