0.000774792836455857
0.000196167233673399
0.000132578801121913
0.000194830331298965
0.000220519811663721
0.000223348273630078
0.000198619842011066
0.000147224671864659
8.48807758697631e-5
5.15720439104817e-5
8.43667033172040e-5
0.000155878768514275
0.000203293122377309
0.000223929317055753
0.000218724118815830
0.000191841252375672
0.000148872394027221
0.000102031390080914
8.20925421780093e-5
0.000158035737604864
0.000422759102617239
0.000774243729772761
0.000943443123900109
0.00110772375282091
0.000377932693025504
0.000114451582006318
6.28971052572019e-5
0.000116692628591485
0.000201561647142763
0.000259648277977747
0.000283263679695960
0.000281120483731208
0.000256303151324369
0.000204075840480179
0.000123125987254492
5.40806970318710e-5
9.31796661264048e-5
0.000196958547647465
0.000228334584115881
0.000244143082132012
0.000233230963272987
0.000208781030020000
0.000178748348626932
0.000157422424073991
0.000167949084227768
0.000238876835423370
0.000367085668028600
0.000453687344036345
0.000462192412858824
0.000509937059007270
