0.000877514975955911
0.000281285940253401
0.000188086640754796
0.000264899269030820
0.000288463677761137
0.000276989151729176
0.000225040118240078
0.000142435974091853
7.39582011848063e-5
8.61389801266155e-5
0.000183192076055905
0.000254849059581773
0.000286908386048215
0.000281449694692372
0.000244320343301812
0.000184339027919185
0.000122102976353840
0.000112208067071400
0.000275403868223230
0.000722566650683061
0.00111538976779724
0.00152195205770481
0.000928310604441436
0.000191949969547074
8.34298617236570e-5
0.000131281268048390
0.000246871101763571
0.000330258352054987
0.000362891593268059
0.000358384082289040
0.000320692959707947
0.000242609134398463
0.000129420432405612
6.38843241456664e-5
0.000186099797977274
0.000273292883943185
0.000308533803774945
0.000307212549967200
0.000279927127063270
0.000239675996648351
0.000205288705484928
0.000209150951888259
0.000295876333110421
0.000471152038063046
0.000593544009164689
0.000622465996575291
