0.000868285883297109
0.000272592337449475
0.000182421625185883
0.000257927472882940
0.000281893739094120
0.000272110316657732
0.000223131949397982
0.000143466439355092
7.44547959284000e-5
8.05209101121079e-5
0.000172602839710970
0.000245558770056034
0.000279525859962865
0.000277019063229346
0.000243296644030028
0.000186441118464574
0.000124549529120638
0.000105511009475554
0.000238430544831979
0.000645851798420673
0.00106317528806050
0.00140898173943520
0.00108125463631149
0.000225847589095400
8.79168212496811e-5
0.000113333393165961
0.000223767354611155
0.000313302400984353
0.000352459179288890
0.000353750583514504
0.000323220041325216
0.000255122833151594
0.000148402933059544
6.45497835068256e-5
0.000143500974602594
0.000262051540166846
0.000295163118895425
0.000304057163647535
0.000281416071734078
0.000243969242517905
0.000206919285543208
0.000197947106353902
0.000258743888187005
0.000413590585587175
0.000564592987621851
0.000591083585891073
