0.000831140792438805
0.000239783301297740
0.000161037062808923
0.000231257309129517
0.000256377345612339
0.000252524898312686
0.000214412417327104
0.000146451756717871
7.78147549429011e-5
6.35852243400356e-5
0.000132749797964419
0.000208923165910631
0.000249332971411027
0.000257480202539317
0.000236380480201540
0.000192055580439903
0.000135424531713597
9.44103486875146e-5
0.000137725266927562
0.000385089234161175
0.000820041159106988
0.00105577199050378
0.00137808347018597
0.000505731335315414
0.000135167469042444
7.21397448576339e-5
0.000136569851866987
0.000236838412097047
0.000302144817211705
0.000326018459514104
0.000319343349728197
0.000284347746783124
0.000214437867961465
0.000114927633870097
5.70451476722344e-5
0.000158355450693805
0.000241225000140033
0.000274263114109039
0.000276817637381637
0.000255591319548027
0.000221587141675462
0.000188800446779486
0.000181123671421718
0.000234260703343695
0.000369836020456814
0.000508513450651967
0.000532475754038286
0.000597563603888908
