0.000840460772331537
0.000247696187809392
0.000166195692716248
0.000237743494155441
0.000262639335019411
0.000257423853576480
0.000216745545998979
0.000145883882606852
7.68099329560758e-5
6.70439323191397e-5
0.000142262121410230
0.000217998848057372
0.000256957611459489
0.000262614660641133
0.000238512340078280
0.000191084543764499
0.000132687496033785
9.53332618354279e-5
0.000156705320779503
0.000442187492219707
0.000886590327951527
0.00112094876987805
0.00137118320382185
0.000409675470297345
0.000119125529189275
7.72034277928120e-5
0.000156811170394384
0.000257077616819061
0.000316021873238937
0.000334238313612686
0.000322139698168922
0.000279927354445761
0.000200484178911100
9.80383094998440e-5
6.34526477432611e-5
0.000195739283387701
0.000252812638010885
0.000285088223436912
0.000279491227481494
0.000253890476477831
0.000217566128003135
0.000187444405758537
0.000191629398223005
0.000268335964853967
0.000423267172626432
0.000537528243546526
0.000556136940779111
0.000616001181306646
