0.000886720919702023
0.000290181512460754
0.000193883043368027
0.000271993867422651
0.000295107125636796
0.000281852769863820
0.000226830057271748
0.000141301888326911
7.36424821676251e-5
9.23596523834880e-5
0.000193959337623270
0.000264186295998438
0.000294201687113912
0.000285675451228306
0.000245042961246268
0.000181979863553945
0.000119941610863338
0.000121046017492727
0.000317941365599291
0.000802051965208545
0.00116787854620245
0.00162399078086418
0.000772914910343187
0.000166734256114396
8.25595345729023e-5
0.000151502957510497
0.000269777614797747
0.000346274834340408
0.000372464748613186
0.000361965026328169
0.000316465514257212
0.000227913135093622
0.000111124289357178
7.12774764029315e-5
0.000226864488269281
0.000284897470618174
0.000319518931024211
0.000309324251424166
0.000277437812717721
0.000235307239556548
0.000205584517928773
0.000225860574017518
0.000341060944907107
0.000527848018709298
0.000613467917758094
0.000666878280731087
