0.000859033681557153
0.000264097988891711
0.000176886071387567
0.000251077958361945
0.000275398790249907
0.000267220458236312
0.000221110244707217
0.000144387640184195
7.51098047742704e-5
7.54831033996568e-5
0.000162226617522269
0.000236318695017628
0.000272065553677094
0.000272395333082727
0.000241980864548345
0.000188272184897034
0.000127183321775393
0.000100647032686649
0.000206614570219143
0.000573027747272630
0.00100838863974188
0.00129921945136385
0.00121561391972086
0.000271461429886401
9.55770456696944e-5
9.80825333363732e-5
0.000200803812995274
0.000295419481026451
0.000341172177296439
0.000348143175558125
0.000324206035102745
0.000265453916748536
0.000167049003710197
7.14625167787874e-5
0.000106390708334025
0.000247715213012413
0.000280447383530508
0.000299620082685208
0.000281833132957528
0.000247912460426934
0.000209843694696836
0.000191217666779181
0.000229474925354925
0.000359002946951900
0.000524855845792062
0.000571872083800243
