0.000968598484100820
0.000379776511149169
0.000252284763217534
0.000341436046436277
0.000357914944264725
0.000324193182707626
0.000236932591321877
0.000127809291946114
8.31851262390433e-5
0.000176654060491793
0.000294807780627773
0.000349249905598138
0.000353963162564645
0.000312494732064112
0.000237082120073545
0.000154253917609019
0.000138285310683177
0.000361290757102771
0.000969667211238319
0.00145458823755991
0.00212231181264029
0.000730289863172019
0.000152871463343605
0.000107037051866055
0.000234102641324243
0.000371116479534254
0.000438964334147025
0.000448916792226047
0.000413412176518111
0.000326321899042434
0.000185886499185512
8.00626851255730e-5
0.000212115336250308
0.000343497763073759
0.000380284039970584
0.000378051990531192
0.000338906721991653
0.000285622970677389
0.000248107593988494
0.000279528639562183
0.000441086937624197
0.000678753677499409
0.000761083172506514
0.000880161729755885
