0.000932411961171357
0.000337783743172406
0.000224903831789687
0.000309324183198331
0.000329368651172054
0.000305787823896336
0.000233852957769108
0.000134336926047214
7.56360430748265e-5
0.000132964431226967
0.000249466733360104
0.000311387638379317
0.000328933882731529
0.000303309031439541
0.000243893282971532
0.000167166329825292
0.000117990440378703
0.000210186232338837
0.000623234023289070
0.00119115503654158
0.00159469770339512
0.00147977916889323
0.000262495014339077
0.000103104097159715
0.000137576355670834
0.000272375091987066
0.000373554447788434
0.000412519906756792
0.000406547538079539
0.000360154079490550
0.000264663354468703
0.000132055043057365
7.68306866204556e-5
0.000251788782024584
0.000318060967513091
0.000355938717137512
0.000342389265096753
0.000304300222583230
0.000256182200946967
0.000227242745015655
0.000265821041419937
0.000421786562699383
0.000631266510116150
0.000694066433861687
