0.000941486260613363
0.000347947966712068
0.000231529447525852
0.000317164152486575
0.000336416795486241
0.000310465738627952
0.000234844355588075
0.000132749845437199
7.69370958828286e-5
0.000142997471024781
0.000260757052200410
0.000320876447068133
0.000335454820571229
0.000306051478706743
0.000242680265406344
0.000163855739015540
0.000120559286703676
0.000239940671101807
0.000702831993400668
0.00125918440894002
0.00173194852658468
0.00130335579056192
0.000219649312077067
9.83785767436207e-5
0.000158789500205945
0.000297842731755214
0.000391413546074888
0.000423039385156872
0.000410239686935851
0.000354860596817887
0.000247617832631717
0.000113394465760480
9.27906119633853e-5
0.000289767195858840
0.000331455633618990
0.000364918564907266
0.000343114659410600
0.000300346523470837
0.000252080921951603
0.000232740897516101
0.000296656989107471
0.000483909890576448
0.000677784447955078
0.000721730220992418
