0.000950541280322259
0.000358333055556395
0.000238300150417669
0.000325129355083832
0.000343525417629892
0.000315095976845844
0.000235689935332942
0.000131124045100159
7.86074191640108e-5
0.000153641182610902
0.000272080535173343
0.000330357911783448
0.000341807647481544
0.000308504326704197
0.000241137691920685
0.000160550759565986
0.000124615895095605
0.000274735917119906
0.000787724796090713
0.00132399736431307
0.00187635149008319
0.00110734399129076
0.000189352071991488
9.70746076930188e-5
0.000182285652224761
0.000322955152865918
0.000408256066177290
0.000432631683262573
0.000412694855754575
0.000347554274193841
0.000228530327527120
9.75588719561490e-5
0.000120942304680074
0.000316232512663460
0.000347256946307842
0.000371214135685780
0.000342805914157696
0.000295742065855278
0.000248964998596994
0.000242578847210393
0.000335957730688779
0.000550086223852740
0.000712892839954424
0.000764661094688057
