0.000914201561775292
0.000318107158970289
0.000212079953447778
0.000294019061259773
0.000315462328972849
0.000296308655779105
0.000231445747244268
0.000137347572473503
7.40204498928534e-5
0.000114796541506148
0.000227024846872865
0.000292431606928496
0.000315432844200288
0.000297003331151914
0.000245327854943134
0.000173570400506081
0.000116384527996993
0.000163931949025040
0.000482094468040152
0.00104288022186234
0.00137324015457604
0.00170236462423935
0.000401115918292709
0.000120451516416186
0.000104142443175513
0.000221643529460692
0.000334776447919317
0.000388753338973521
0.000395836395304790
0.000365349664465722
0.000291998482718437
0.000172712937338522
7.32239949845925e-5
0.000158564895883301
0.000296201703846959
0.000329608456307679
0.000337890558044887
0.000309500763562585
0.000265514467507664
0.000225548669663886
0.000226067316701852
0.000318847779850243
0.000514226607785177
0.000652110872393732
0.000692763858413270
0.000744344451873303
