0.000959578226436310
0.000368941682573513
0.000245217925403373
0.000333219950243827
0.000350692255928976
0.000319673499869470
0.000236386843858458
0.000129472542306912
8.06790014522156e-5
0.000164870521892889
0.000283431662213519
0.000339819990053990
0.000347980946675281
0.000310655866274997
0.000239269387114974
0.000157322574320281
0.000130426420010046
0.000315037081371861
0.000877046039865061
0.00138787373364629
0.00201285289695135
0.000911073548039193
0.000168075483091884
9.98151847570385e-5
0.000207546439344803
0.000347449144400340
0.000424099961166062
0.000441270332622520
0.000413796398056750
0.000338083703135660
0.000207762990269242
8.59555623059554e-5
0.000161724983811943
0.000332673342574830
0.000364147276729248
0.000375400257353774
0.000341405297179586
0.000290735079716475
0.000247411603493980
0.000257806951918282
0.000384161409815033
0.000616555720437539
0.000738450586752267
0.000821848869107658
