0.00103142946297234
0.000462175217827664
0.000306094619411595
0.000402460595493410
0.000409816288931551
0.000353765882533105
0.000236402632131060
0.000117203169512796
0.000115887861733199
0.000271039873310808
0.000375259367084798
0.000413200206489325
0.000389480223511868
0.000315784460727083
0.000214242354426316
0.000147240740323369
0.000281524819335407
0.000875073861992338
0.00159580110790410
0.00237865879172400
0.00126709081199150
0.000177278893135230
0.000120293393207870
0.000264102515310986
0.000426766253523742
0.000506915597494033
0.000515655779118315
0.000468373445351813
0.000356325320513379
0.000185461680352780
9.27463762367884e-5
0.000317437518372473
0.000402423828252255
0.000446503972432354
0.000422209452737429
0.000366941474859530
0.000305219513469558
0.000287916492898400
0.000395280156856635
0.000665091635773273
0.000872546497500709
0.000969839100468451
