0.00101351113778668
0.000437436104763049
0.000289924920667530
0.000384399121258306
0.000394775847909362
0.000345739388738821
0.000237336323749964
0.000119869911644958
0.000103472233559108
0.000242430643697224
0.000352100131882905
0.000395437658583033
0.000380591198239366
0.000316639667160868
0.000221860945200470
0.000145174961225628
0.000220675519755101
0.000693525869122952
0.00143189322902423
0.00201516715727919
0.00176313412983484
0.000232161269136517
0.000116326717191560
0.000205830638831787
0.000373409231473241
0.000473592288547455
0.000498795167851371
0.000469917519956270
0.000383844151668582
0.000233264254966284
9.51078840763301e-5
0.000200556131523453
0.000384266903465074
0.000415969869806996
0.000420245965816084
0.000375335855487413
0.000314925569334772
0.000273879558675327
0.000317199819805271
0.000515452409444950
0.000780547161356820
0.000861391564334386
