0.000986595401972339
0.000402135373100862
0.000266873616667961
0.000358244914139860
0.000372517876362351
0.000333038133117893
0.000237562655284750
0.000124508012457704
8.96400055859178e-5
0.000201729967012997
0.000317635387657221
0.000367959403846205
0.000365307278208578
0.000315191349449075
0.000231795049642417
0.000148991581333413
0.000161473164786708
0.000473234675403777
0.00115920201303712
0.00161787925525942
0.00218365607360947
0.000449352229957483
0.000132496702909684
0.000135215507237752
0.000289500356322424
0.000415429324249099
0.000465804571347250
0.000461010494920985
0.000407592748209400
0.000295658230755792
0.000142247559775847
9.24280750818927e-5
0.000312573596386678
0.000365305382966389
0.000404819147692455
0.000380055514579426
0.000330982918992798
0.000276586136907573
0.000259577341187054
0.000346671228896283
0.000575732937028958
0.000774238259069220
0.000836118943579435
0.000915733044354093
