0.00104935399280160
0.000487902485318531
0.000322924886695352
0.000421019542064838
0.000424988678404729
0.000361387996320734
0.000234853436337040
0.000115068524076918
0.000131183589067620
0.000300368949995171
0.000398578552049717
0.000430386959146472
0.000397209773205944
0.000313428631610997
0.000206239479638603
0.000154956917961039
0.000363966417497799
0.00108001348154130
0.00175559237774143
0.00270653608453742
0.000799319595297495
0.000155917812694990
0.000143434312509676
0.000325713659939663
0.000476244991570253
0.000536089021785007
0.000527926091364292
0.000459495385571952
0.000318882473310078
0.000140764698565794
0.000131361695839872
0.000405198651916423
0.000430736297353015
0.000463793014908463
0.000420149786049395
0.000355653409162395
0.000300810270621326
0.000323853876444153
0.000512143151393731
0.000816436148976224
0.000934379857298967
0.00111435738217873
