0.00106731164044670
0.000514638069710661
0.000340431893054392
0.000440072439353678
0.000440265701055325
0.000368561335142344
0.000232709684691160
0.000113647108042912
0.000149595986599189
0.000330070712027277
0.000422044977313625
0.000446889172949730
0.000403676778040651
0.000309567230829957
0.000198359147897129
0.000170453105018127
0.000471889069759906
0.00130022760186394
0.00194489295458039
0.00282279810342990
0.000467011130867379
0.000146709512409123
0.000187227583074942
0.000387676021889108
0.000521053322190898
0.000561153279735012
0.000534940400747091
0.000442001820552401
0.000272586224722886
0.000109362748100849
0.000226072240725502
0.000440185197347202
0.000468947870711650
0.000470056699633698
0.000413894974413983
0.000343849582888418
0.000307310387123313
0.000390846933363819
0.000664245378986227
0.000934330295313061
0.00103556062615130
0.00113058908613432
