0.000995575776125984
0.000413664676757954
0.000274399638811109
0.000366837637024949
0.000379892853923358
0.000337352776458106
0.000237644102931920
0.000122902511647469
9.36606529321098e-5
0.000214934037674571
0.000329090829352642
0.000377211144732517
0.000370645175549255
0.000316029106385792
0.000228727495879228
0.000147032982427161
0.000177539250952026
0.000539539550423703
0.00125302576067417
0.00172619820721994
0.00211018554078032
0.000352781131039418
0.000125185925641713
0.000155577630566844
0.000317656474753215
0.000435936059250951
0.000477784113273264
0.000465308855320073
0.000401838823325799
0.000276823401214697
0.000122745624423137
0.000115059297309608
0.000348201090343311
0.000380404910029526
0.000412385331214199
0.000379558303859728
0.000325920017339801
0.000273612985031419
0.000272297809308787
0.000393725634951723
0.000647886380240218
0.000805436161972911
0.000898148397785680
0.000866698649885224
