0.00107631234454072
0.000528390188313537
0.000349444226836510
0.000449782733670899
0.000447934413411239
0.000371965902085575
0.000231424513975523
0.000113264772688131
0.000160027716653853
0.000344971673685984
0.000433821836107871
0.000454850488155664
0.000406404962772854
0.000307080806768101
0.000194669137954883
0.000181905271710241
0.000536518329552435
0.00141256501126111
0.00206635557419754
0.00275528469838913
0.000356782108135585
0.000143496314506643
0.000215625943563526
0.000418215751987635
0.000541631356531271
0.000572103490223693
0.000536202864590067
0.000429648205742412
0.000247099955220830
0.000102279442838985
0.000290675342084492
0.000447633039807856
0.000487012469393961
0.000470699373221896
0.000409203344401032
0.000338772684825729
0.000316910144140399
0.000438613674856128
0.000748134891710698
0.000975591528895503
