0.00113090565540247
0.000616435657646034
0.000407268895143719
0.000510571491216102
0.000494121920234511
0.000389504755372646
0.000221105936876421
0.000117297761100892
0.000240176673108729
0.000433721866406773
0.000504494337485042
0.000497751844818851
0.000414950779102613
0.000285182581038733
0.000183524506889843
0.000327340604607326
0.00108799087377602
0.00204089327369095
0.00331434180770146
0.00109636999617018
0.000162872741141019
0.000180655184890203
0.000421004451846231
0.000585477579918062
0.000640703672379613
0.000612391091864012
0.000503296721834172
0.000302829156178000
0.000119917919753060
0.000299285502893526
0.000510050337793966
0.000542535032266096
0.000526679601257256
0.000453295895762076
0.000373560626878599
0.000360741146702659
0.000533903632931089
0.000911816389271258
0.00112325898824235
0.00136356414953254
