0.00121676025413113
0.000767109364152325
0.000506779423685981
0.000609488860078312
0.000562369362671086
0.000404787168573879
0.000200786529154049
0.000155806993260193
0.000407204173438289
0.000564012408499707
0.000605055901276016
0.000541848713073135
0.000399706617839861
0.000243259288148539
0.000275967134365958
0.000963865433779541
0.00224814033456101
0.00370166195605612
0.00195201332696922
0.000154820555445555
0.000209660733945663
0.000518139850360476
0.000698366891694229
0.000756102338668016
0.000706725532306393
0.000551605357047492
0.000290729649201616
0.000135476888152819
0.000522527408654877
0.000596154858856405
0.000651513164756084
0.000583769898384093
0.000483707600361367
0.000413699374672417
0.000511650579767583
0.000908744133632995
0.00130681679811284
0.00155660408353476
