0.00123692988807586
0.000803756866493290
0.000531096344258330
0.000632641240488666
0.000577060347411226
0.000406141756945145
0.000196343159211243
0.000172155745617984
0.000448551370356537
0.000593000212203486
0.000625405805555518
0.000547535024438380
0.000391686349209588
0.000237104118545563
0.000333973799245283
0.00119849964981833
0.00249473780389616
0.00434458345317377
0.00115355142052824
0.000173695621959574
0.000266377453790030
0.000591770276992236
0.000749543596027709
0.000780076201014015
0.000703434333874748
0.000509785507867663
0.000230412537096595
0.000181479662881909
0.000639242330438104
0.000625420823122848
0.000666199606502270
0.000573950135247700
0.000469113428856082
0.000433963723322103
0.000635347483012797
0.00112503053025955
0.00141394303732964
0.00180128925752606
