0.00119706375912885
0.000731631226732152
0.000483281663541635
0.000586746238883257
0.000547456603455944
0.000402661606700378
0.000205412109992134
0.000142703293480961
0.000366765952813522
0.000535127739769611
0.000583810382791507
0.000534544612944246
0.000406101608133185
0.000251585075829845
0.000235366808118352
0.000765088433274912
0.00199059563533239
0.00311350437786703
0.00281520061986053
0.000168143957347116
0.000182299710839291
0.000437379569476060
0.000642663199791834
0.000727036969279538
0.000702389715673947
0.000582023786954547
0.000352110077893278
0.000136996561695418
0.000355304629082423
0.000587768037738115
0.000618594148177712
0.000590168577716871
0.000498790965345747
0.000411465333048330
0.000432761021357955
0.000712471532807611
0.00116328508525419
0.00135214085562410
