0.00124721524266877
0.000822523796547024
0.000543566668458704
0.000644366149285391
0.000584308858862943
0.000406524911176871
0.000194238266767547
0.000181659831527309
0.000469398816826091
0.000607547189723779
0.000635201813971738
0.000549739931444187
0.000387107926910343
0.000235224014932105
0.000370727447668220
0.00132874456914460
0.00261805277418442
0.00462450354395651
0.000839151202700141
0.000186936559892588
0.000306169267245145
0.000626038512627623
0.000773218876310663
0.000790057656557411
0.000698547550893650
0.000484610312114355
0.000203536621157632
0.000229151348318860
0.000666982465398888
0.000647691637036730
0.000667761622295761
0.000567729179995051
0.000463300467620550
0.000453684657538289
0.000715762247643280
0.00122944818955920
0.00147627198282672
0.00186435570905681
