0.00116825683148402
0.000680572333292364
0.000449537626442735
0.000553432054823629
0.000524765223044428
0.000398075875895550
0.000212383991136981
0.000128343893337731
0.000309024845305766
0.000491835014785256
0.000550577386998898
0.000520783380908994
0.000412486430159594
0.000266005883055002
0.000199502398879300
0.000532165993343908
0.00159009120275038
0.00250418439009187
0.00364261127981957
0.000331772126647349
0.000171861699303063
0.000311058306025773
0.000552311273456213
0.000674058189487162
0.000683873679155835
0.000608009460439174
0.000432297672797628
0.000192100172650008
0.000166048647518008
0.000549510781505209
0.000552717048952025
0.000589360016900565
0.000516385374901857
0.000426138547338603
0.000377882348460365
0.000497651641031633
0.000876178699664166
0.00119589135403366
