0.00125764735157166
0.000841588572957930
0.000556247360219013
0.000656187384598903
0.000591485184034153
0.000406710128783702
0.000192238866757850
0.000192108688889941
0.000490279812931332
0.000622132846708441
0.000644723082635441
0.000551503252350117
0.000382181482626633
0.000234382763271167
0.000413346315505716
0.00146691728830458
0.00274659916178943
0.00483262628766738
0.000592397516927383
0.000199482999639959
0.000352273864557442
0.000658971579529170
0.000795533942246833
0.000798620205080728
0.000691284245948215
0.000456771911567549
0.000180649104643673
0.000295655501054318
0.000678227402915763
0.000672275583266931
0.000666657834441190
0.000560660789612462
0.000459345667322917
0.000481496923593339
0.000808408748711943
0.00132471669935164
0.00156192629730991
0.00184574425240601
