0.00133569361303741
0.000983520631490908
0.000651052300016827
0.000741433589529030
0.000639207735183267
0.000402460605992738
0.000183151116804873
0.000294721951902181
0.000633478415099373
0.000724945799851999
0.000702383093332056
0.000550633241714729
0.000341242881442793
0.000277732081926540
0.000921559054748892
0.00256274153960364
0.00440619185522102
0.00284469723007353
0.000134443032051245
0.000274200080391386
0.000702356132096339
0.000869265475693824
0.000911388689669233
0.000810160550821107
0.000562505403699651
0.000232173976090639
0.000280489957831802
0.000788716777358945
0.000746420699235393
0.000754720222321661
0.000626689727143641
0.000512643579384536
0.000562587896619609
0.000995468673570697
0.00157259421832047
0.00192291732021109
