0.00135996596121480
0.00102684298056357
0.000680132279857160
0.000766513062834367
0.000651855798215559
0.000399508050423913
0.000182912530890736
0.000334180050578396
0.000672587202053051
0.000754216605340404
0.000715533478817366
0.000545928178675927
0.000329270065724173
0.000315208731697441
0.00114877078386656
0.00287697800172654
0.00525158066205293
0.00171504581699177
0.000177057266222921
0.000346364550915850
0.000777328386081570
0.000922392165375495
0.000930990462716331
0.000793742131094970
0.000499721621591081
0.000188110033424347
0.000456719142775542
0.000789608683352356
0.000799283549539250
0.000745655724786843
0.000609049164714453
0.000516947978639393
0.000670314150165663
0.00124470236542078
0.00172167118275886
0.00226199476722424
