0.00131238236321838
0.000941438982071169
0.000622869178446115
0.000716656999827312
0.000626080668311808
0.000404656251247651
0.000184621614240428
0.000259857345032389
0.000593446250273777
0.000695531355549490
0.000687661748599386
0.000553325073500560
0.000353578410624731
0.000253733300914654
0.000733613968094879
0.00224063001378329
0.00372253570917515
0.00396694995997213
0.000129686874685388
0.000238898524111564
0.000612754817188064
0.000812276029634522
0.000885628486850731
0.000816788153135137
0.000614110676944297
0.000293307652127857
0.000182773024849424
0.000724005534457006
0.000700788858507893
0.000753582631089119
0.000642039498543209
0.000521246641375766
0.000498392303890971
0.000785192905229360
0.00137555578300758
0.00167675268620216
