0.00126823648479066
0.000860952928940779
0.000569140237860323
0.000668102714881193
0.000598583579141430
0.000406696595924207
0.000190366809360675
0.000203543693515750
0.000511138555262751
0.000636756600724440
0.000653953583324935
0.000552813596362226
0.000376936552556963
0.000234785698432640
0.000462375268047047
0.00161220928239345
0.00288644338023334
0.00493575265703153
0.000409955926608905
0.000209909832648334
0.000402965247345211
0.000690886800441439
0.000816445013449273
0.000805683191149711
0.000681482513825157
0.000426556860894883
0.000163202127025530
0.000379383487104185
0.000679730177488637
0.000696491737237635
0.000663714066910123
0.000552879656209247
0.000458021760828854
0.000518733242910400
0.000912118501381151
0.00140732583868395
