0.00148421855967564
0.00123739040832304
0.000822417134150127
0.000882419776679937
0.000701532431173946
0.000378011104163581
0.000204261367221777
0.000563268470348790
0.000838625037115102
0.000879482327916123
0.000752434727599948
0.000501034932412179
0.000307161178629800
0.000752326889174572
0.00263218522262338
0.00474009053385223
0.00520755526687156
9.24652695359832e-5
0.000332041145750866
0.000912571994255659
0.00104608066160094
0.00108573990663634
0.000924027520795909
0.000573175338531317
0.000211268014093895
0.000604168897736011
0.000914754236821573
0.000930181112680726
0.000834173000324124
0.000667951127190983
0.000607178232788121
0.000947382641673577
0.00173452754785074
0.00219805797757273
