0.00142559404265406
0.00114063994168175
0.000756837847848127
0.000830371285595252
0.000681058576369992
0.000389059850549235
0.000189382096248889
0.000452102315653314
0.000766471644601284
0.000825672112629643
0.000740834356233306
0.000525484365243254
0.000306811559979447
0.000491429207583843
0.00189198402704617
0.00368540307711848
0.00673143992214913
0.000225530832724597
0.000289857131399528
0.000667041316185627
0.000928932038130534
0.00103055769577515
0.000949226982659090
0.000702003963645557
0.000318019284676663
0.000242320037829918
0.000902722421918757
0.000819850962865601
0.000858555514081481
0.000706595416191690
0.000574930162166885
0.000642341256396774
0.00117425094113349
0.00182368014181844
