0.00141184279286150
0.00111724871700408
0.000741033002423904
0.000817480575210717
0.000675518793038263
0.000391475637800896
0.000187141358211030
0.000426451320063216
0.000748090128859515
0.000811670682240681
0.000736692239742557
0.000530533188406985
0.000309889606921933
0.000444736467423220
0.00172437143334390
0.00350582728294255
0.00665831980936098
0.000361994147767495
0.000275083639889302
0.000595592928899216
0.000900037219365442
0.00101220896499854
0.000949516633703809
0.000726594564108924
0.000354061397069662
0.000203451067919415
0.000851531461932220
0.000799424449255765
0.000857309677624015
0.000715598821534603
0.000578169317346985
0.000598927190822455
0.00104714779612020
0.00172989149896504
