0.00143969012750412
0.00116434894974835
0.000772877374064803
0.000843314377945977
0.000686435809992464
0.000386496159066019
0.000192172365435615
0.000478681155704285
0.000784693142634983
0.000839479289058811
0.000744491907204653
0.000519985421602765
0.000304784850678246
0.000544949844471357
0.00206773428207266
0.00388847793705560
0.00662540274214667
0.000143522812386079
0.000300310328221387
0.000736400744524420
0.000957981186660261
0.00104711629227320
0.000946695655138438
0.000674229801487735
0.000284344234997852
0.000301248255834404
0.000928264383449675
0.000845945896569625
0.000855877376949950
0.000697106481633329
0.000575136311765227
0.000697730530926819
0.00131081525680440
0.00190663832086940
