0.00146898476422246
0.00121272348302958
0.000805665753849764
0.000869342548548616
0.000696678650385283
0.000380961639402124
0.000199568004573607
0.000534343118672789
0.000820746446502034
0.000866409644157009
0.000750304011862423
0.000507730951872356
0.000304723820329337
0.000674809399889875
0.00243918674599835
0.00440556932349328
0.00584581079699707
8.71543620013938e-5
0.000317899203422228
0.000860364607518317
0.00101670790012538
0.00107473064889671
0.000934263380095039
0.000609574431700364
0.000229513674530846
0.000484855931975038
0.000926403127216037
0.000903991696491151
0.000842864391375017
0.000677436907371829
0.000590071290856309
0.000849380937931371
0.00159606720017473
0.00207881963669976
