0.00158502455015718
0.00139213927317897
0.000927997742300402
0.000961502770284253
0.000726550478648181
0.000358510533296064
0.000249429960165663
0.000746409710923184
0.000945195015593311
0.000950891353249712
0.000753697526923010
0.000455751069711365
0.000374938192366905
0.00142778826986719
0.00380612678872252
0.00790287584130974
0.000989139306760648
0.000301664923961495
0.000663969266764842
0.00110674904931862
0.00120488272837723
0.00110964538247129
0.000797255968134717
0.000335171624530601
0.000356090493738097
0.00110524665389579
0.000974277790392267
0.000970448031904517
0.000771919269169830
0.000657818105954435
0.000932172096259591
0.00179333493421314
0.00238240314600657
0.00326035977390456
