0.00156700409771475
0.00136554278278834
0.000909791976030427
0.000948270575348384
0.000722896644903104
0.000361905289706984
0.000239615431679973
0.000715225085427461
0.000927423537456565
0.000939942287877691
0.000754904070127371
0.000463606693041477
0.000355579264610079
0.00128790342154977
0.00361280210827645
0.00730069744060856
0.00149643954303504
0.000259290896695787
0.000576176761653796
0.00108344690203750
0.00118186078775050
0.00111107630424009
0.000826642864170514
0.000372637390429007
0.000287871517256479
0.00108487540093584
0.000945414169644311
0.000976462495017000
0.000782876507880492
0.000649416736266751
0.000844537089003600
0.00163552275700173
0.00227000935640377
0.00319839394401152
