0.00170522471047135
0.00155848747027130
0.00104241818079929
0.00104092993301367
0.000743728699840811
0.000338321135899035
0.000332243861290708
0.000931391675028763
0.00105276799040635
0.00100684344199703
0.000734131866757387
0.000413652901369886
0.000595621656388032
0.00250696015881055
0.00514043635100306
0.00892202145441232
7.42466481323746e-5
0.000428676471878247
0.00120812720601396
0.00125778744250500
0.00129740406973912
0.00104482210647893
0.000560388445949740
0.000240071164349006
0.00111498709720263
0.00104390251575898
0.00111573222488187
0.000901484183724948
0.000729705104987894
0.000898731343159609
0.00177402022180109
0.00255784517621312
