0.00160358204876235
0.00141905821251398
0.000946449242361181
0.000974744838755802
0.000729985982257551
0.000355094176011292
0.000260288117609082
0.000777635272377658
0.000963003063238250
0.000961408727289536
0.000751907898567321
0.000447952528540691
0.000398461286847186
0.00157928090262297
0.00399980809707771
0.00846106569619326
0.000611006484703565
0.000340566402091759
0.000759719542770841
0.00112936628787490
0.00122597935558595
0.00110578728252992
0.000764559947976831
0.000301369783018348
0.000448409657852516
0.00110403052446382
0.00100608780731596
0.000961626517014996
0.000761168273370872
0.000672904355045572
0.00103573188563733
0.00194688996904376
0.00252949777354647
0.00317578583500833
