0.00164239777843562
0.00147386344803081
0.000984092549272859
0.00100123910374721
0.000736183066883369
0.000348266425690808
0.000285365198327070
0.000839851311622912
0.000998758794651633
0.000981068623389736
0.000746564226202426
0.000432928114687767
0.000459868218363314
0.00191716534103163
0.00440179280649213
0.00924733715708152
0.000191203972105491
0.000397691459154066
0.000957377228296673
0.00117643796723425
0.00126168794675142
0.00109021170663823
0.000689913696012651
0.000250430801299964
0.000699564300034932
0.00107068958141823
0.00106620609964005
0.000939210501640211
0.000742058918411155
0.000728658566260429
0.00129110626936337
0.00222209787573045
