0.00184995290899542
0.00173639267488912
0.00116581194901227
0.00111959787880131
0.000752169303953970
0.000321627566703584
0.000464541102899228
0.00110237992155331
0.00116133758761116
0.00104341005773373
0.000694119140216743
0.000403379693714942
0.00108198579283959
0.00389836590035958
0.00813525743245918
0.00323225773537938
0.000301276549947255
0.000666161094581989
0.00142304722140231
0.00143153975074957
0.00130054417438237
0.000862848274225230
0.000317259813258841
0.000704966192310544
0.00128036488967591
0.00120456936886570
0.00106908467417007
0.000833969393659117
0.000869873448719956
0.00166504086348089
0.00271186685860399
0.00398178957636460
