0.00193334010810891
0.00182963415140247
0.00123088941879579
0.00115826619318818
0.000752934212830299
0.000316211240459441
0.000552047134789348
0.00118032197032060
0.00121489484744551
0.00105345340878843
0.000667642243467644
0.000424873085080592
0.00146560329518105
0.00463038574248844
0.0105937121022321
0.000908849739046497
0.000459464901686112
0.00102953230029359
0.00145245434134571
0.00150005849138857
0.00126453814317103
0.000728524688974750
0.000270905250557108
0.00119656349219670
0.00121249582875980
0.00127314569298496
0.00102228722313616
0.000828077016874204
0.00109931728167673
0.00222981595523808
0.00313287162844377
0.00442107678124506
