0.00190464960444837
0.00179823861368627
0.00120894666498719
0.00114544200786405
0.000752938880218721
0.000317726832389695
0.000521238139954488
0.00115491451421984
0.00119716460450810
0.00105074829303486
0.000676858345517956
0.000414962295968982
0.00132578796020131
0.00438647944131497
0.00974022725799282
0.00150498337284179
0.000406069050460964
0.000893299785319370
0.00144327304831514
0.00147953877070295
0.00127959902652831
0.000775807122497875
0.000276680309858938
0.00103191149162215
0.00122792615932720
0.00125730114295533
0.00103788033675401
0.000825821122607912
0.00100693216699891
0.00203612289630961
0.00297067568370521
0.00442928292761580
