0.00172749255034087
0.00158733858183529
0.00106235839097193
0.00105412575325991
0.000745761608957247
0.000335166761509555
0.000350563244592659
0.000961159273695128
0.00107085493322101
0.00101437575796381
0.000728824887306011
0.000408683032537112
0.000654754929307122
0.00272314096410809
0.00546221409493312
0.00832156872411436
9.55493618342930e-5
0.000435928008283241
0.00126965769354988
0.00128729988762701
0.00130435991618037
0.00102320395994274
0.000514997602643229
0.000262687220389753
0.00121516670695776
0.00105430466341291
0.00111869327923299
0.000888764321650964
0.000733622803793759
0.000984389119718873
0.00194858552801455
0.00268443750951179
