0.00187686404947088
0.00176715773478189
0.00118725410529732
0.00113255052383730
0.000752683691039733
0.000319541965504723
0.000492072206567453
0.00112893653867653
0.00117930241026378
0.00104739683590929
0.000685698330782266
0.000407908380524199
0.00119808823227784
0.00414233957601909
0.00891008921130121
0.00228665126190949
0.000352533799786777
0.000770684939521482
0.00143411094407210
0.00145659506475603
0.00129156077401849
0.000820733363447019
0.000292727303026867
0.000863587864785855
0.00125205466592022
0.00123405624258240
0.00105358886073711
0.000828139828951573
0.000930932091674514
0.00184624502355122
0.00283658715426157
0.00426321184866828
