0.00177417093454518
0.00164600257429799
0.00110298866242786
0.00108043301776542
0.000749083906664908
0.000329232045286040
0.000391550257676042
0.00101926698074200
0.00110709084824309
0.00102775739072461
0.000716523729860262
0.000401994505404538
0.000797458975648688
0.00317856959335552
0.00629158491168447
0.00650772121061458
0.000166442772578176
0.000476476552367036
0.00135799435530567
0.00134714099656853
0.00131071186995584
0.000969552488165800
0.000426408989760579
0.000365461368372252
0.00131584935102419
0.00110263168638159
0.00110827826317763
0.000864056648546121
0.000760532685946393
0.00120599486785687
0.00228765224013354
0.00306129280318274
