0.00196296679412877
0.00186134309101609
0.00125308206576935
0.00117101685670636
0.000752669481815617
0.000315025369559509
0.000584498113214398
0.00120517352277898
0.00123246219115607
0.00105550181963910
0.000658099671167645
0.000437998259073884
0.00161798972524944
0.00487447124211491
0.0114265208383102
0.000496518375802639
0.000508996291848422
0.00117331370207101
0.00146328814964775
0.00151786158062458
0.00124625301762554
0.000679478015798041
0.000277529418758904
0.00134334740848746
0.00120824275230930
0.00128129854731697
0.00100704276257340
0.000836106116959086
0.00120929492133238
0.00242178837624907
