0.00212628625754754
0.00202453798467846
0.00136777648526475
0.00123344394547682
0.000747471659891086
0.000315183390029950
0.000770624414962481
0.00132197017855553
0.00131669145720477
0.00105558285331503
0.000607763170747451
0.000566265488396776
0.00257772629925574
0.00620511443739152
0.0132322156975101
0.000215641868875100
0.000594834616571742
0.00177719042298375
0.00156719971671084
0.00155909381601163
0.00110255383423670
0.000438547422896802
0.000604526689413978
0.00157309008733297
0.00133541276621416
0.00123452502184773
0.000945692727254278
0.00101299856047755
0.00202951973168472
0.00323263888321160
