0.00219934146494068
0.00209195477817291
0.00141538211087599
0.00125767366122741
0.000743620871052100
0.000318753610263863
0.000855351986858936
0.00136583225112005
0.00134805185523907
0.00105074590109850
0.000587993618602322
0.000655682990530094
0.00305320345899127
0.00692268227464243
0.0119324724861148
0.000379068041707564
0.000584420517919742
0.00189487111736844
0.00162715531937662
0.00155193950854766
0.00101982709297640
0.000365886440763188
0.000920492249107937
0.00149979049484047
0.00140764179765017
0.00119648599184626
0.000937693390360746
0.00117752536192877
0.00245191434782690
0.00357646166159383
