0.00227724680954572
0.00216057068596596
0.00146396337243155
0.00128139938316106
0.000738797935410512
0.000324802812358236
0.000945069508976925
0.00140852790832764
0.00137765994265765
0.00104307910901110
0.000569772338347957
0.000773419681258532
0.00357536981662244
0.00788974140249718
0.00944767424769437
0.000503855940532255
0.000624434295048840
0.00194398310457305
0.00168825873658740
0.00153121768731780
0.000923968831752372
0.000323579511685147
0.00130572730010184
0.00143025139001281
0.00145738453872480
0.00115805320644754
0.000949768365264433
0.00141420651667105
0.00287809124085376
0.00412910855189934
