0.00223766899541976
0.00212611390437888
0.00143955138282637
0.00126960293208244
0.000741328650669868
0.000321446824154650
0.000899634228377019
0.00138730559322187
0.00136309217700100
0.00104726679346601
0.000578621581690739
0.000710712596638566
0.00330887948005762
0.00736761555493539
0.0108120212486374
0.000448790740163738
0.000594464936852567
0.00192687167188831
0.00165795794960059
0.00154328519816077
0.000973397173715137
0.000340144823042925
0.00110982817068668
0.00146135169061541
0.00143627682640903
0.00117705903457829
0.000940623265479040
0.00128623147530339
0.00266734357954797
0.00381709969707757
