0.00209148503043042
0.00199128431321881
0.00134434224102831
0.00122115701066986
0.000749022665100790
0.000314224827463761
0.000730342681694696
0.00129950113253179
0.00130044141169981
0.00105694678630230
0.000617921015663423
0.000530745401089517
0.00235914076833650
0.00590545451384644
0.0133813410392971
0.000144747701328024
0.000599929302386356
0.00168868296275483
0.00153981579071225
0.00155758002533429
0.00113853128976118
0.000482551378367461
0.000488511921529140
0.00159054997041550
0.00129749309268489
0.00125162885088872
0.000954613736089794
0.000954134256460979
0.00183258727076768
0.00308748202260735
