0.00205778696768101
0.00195833628924109
0.00132115493728632
0.00120876426700797
0.000750320015687845
0.000313765732273887
0.000691540193540103
0.00127662174470670
0.00128385847914301
0.00105761398138130
0.000628120600566486
0.000500641430388357
0.00215381068296949
0.00563017035563371
0.0132230959529998
0.000106719138136869
0.000596278678411638
0.00158061930844965
0.00151529452604403
0.00155265414094407
0.00117084355454596
0.000529851403168144
0.000400961223989177
0.00158234427224918
0.00126283404774723
0.00126610167777031
0.000965744062664708
0.000908661089193218
0.00165022366781065
0.00293913819321199
