0.00249527423634449
0.00233723720084379
0.00158961347388936
0.00133814722226488
0.000722776225713342
0.000353187048768009
0.00118556285434027
0.00151222946502712
0.00144226336161805
0.00101162669088414
0.000539265323198563
0.00122458559629441
0.00502678824234610
0.0120529179609785
0.00223807796884712
0.000663985647868586
0.00120939621775087
0.00190134932841718
0.00181345555550006
0.00141762851200280
0.000651405310062128
0.000457355403580672
0.00192240168344591
0.00145746683623947
0.00144614267929815
0.00108169385096487
0.00114089241854255
0.00234472990444619
0.00378535123008114
0.00614951928388438
