0.00275071756908148
0.00252096509449534
0.00172108202788940
0.00139052956079640
0.000701875311039338
0.000405870758834223
0.00143633349685372
0.00161488380256984
0.00149043743029318
0.000963686159701548
0.000551879873055786
0.00196543224219300
0.00656803918869315
0.0178695755464726
0.000234029264821291
0.000873037260134199
0.00225985039397192
0.00188474819633662
0.00185926085463599
0.00121178827068783
0.000423033674697650
0.00122390184122307
0.00175361757524100
0.00164848638780861
0.00133414049653327
0.00108822791556845
0.00172638056745235
0.00352091810241420
