0.00240387335245252
0.00226570397321150
0.00153864176624080
0.00131592281680636
0.000729831320565178
0.000339311910909544
0.00108719268585777
0.00147108367532799
0.00141819539994846
0.00102628596568552
0.000547966684855672
0.00101395429065385
0.00442794668284309
0.0100526866060981
0.00480643060346700
0.000601059417672865
0.000882930478402429
0.00193266207746762
0.00177034861193531
0.00147396653872294
0.000762617066777222
0.000349134770051236
0.00178886916488339
0.00140965350897999
0.00147131368271022
0.00110702523031350
0.00102886333892116
0.00191800646447696
0.00344295588589225
0.00544038516522000
