0.00244884774912389
0.00230132788379300
0.00156401016795109
0.00132711880594564
0.000726406409370290
0.000345793971509345
0.00113610221830064
0.00149168958717820
0.00143054509151606
0.00101929647275685
0.000542892544174718
0.00111379600789317
0.00472527194486698
0.0109985838893291
0.00341321052273339
0.000629125373723909
0.00103178474475342
0.00191744948805137
0.00179331025009738
0.00144765042905253
0.000706779605668629
0.000391766830689923
0.00187714213230873
0.00142838285144883
0.00146139855041749
0.00109318088245493
0.00107779944478154
0.00212368091103167
0.00361169245866827
0.00586191813802371
