0.00264369895150482
0.00244664957906962
0.00166781300219839
0.00137015672308067
0.000710744472668323
0.000381407358307626
0.00133588355312424
0.00157373963593655
0.00147335251556757
0.000984691677962851
0.000539544146424671
0.00162924122999942
0.00594556429567506
0.0156248038672762
0.000333114722311712
0.000805266908776863
0.00184723278049122
0.00187261677331663
0.00185332140787052
0.00130513774431449
0.000499464649298938
0.000827636197678071
0.00186172159367303
0.00157639407745072
0.00138165002828625
0.00106873245429167
0.00143234482560440
0.00305770963740547
