0.00280678644700149
0.00255852558189497
0.00174805007187911
0.00140040486166169
0.000697221083831735
0.000419993960503317
0.00148622374968734
0.00163554654003771
0.00149781909184384
0.000952358658002782
0.000562667492102757
0.00215508139527511
0.00688639537198782
0.0187446432287087
0.000393528359184174
0.000879346130277292
0.00243214552796178
0.00190094305828198
0.00185530479059639
0.00115996347362945
0.000396604283841012
0.00144982059879218
0.00170508578698990
0.00167417235158160
0.00131141954399302
0.00111033752412737
0.00190592923647082
0.00373533007129792
