0.00254319565896211
0.00237342917323106
0.00161544976436504
0.00134900103921392
0.000718949457445968
0.000361547473657045
0.00123543871146214
0.00153273354874687
0.00145332183056900
0.00100329047168419
0.000537322760880969
0.00134699060510689
0.00533122990988230
0.0131980904725678
0.00132799323126856
0.000707140865914185
0.00141026263444088
0.00188706947412535
0.00183042180863391
0.00138387030208137
0.000597581035977306
0.000549884853999663
0.00192905773612545
0.00149408825939743
0.00142691568304730
0.00107322001614224
0.00121990239416173
0.00257740667396446
0.00398230674575914
0.00622234659319978
