0.00236030904216965
0.00223036811990607
0.00151351006698883
0.00130456626425993
0.000733042969221323
0.000333686842402838
0.00103896666634276
0.00145037871632582
0.00140524392371341
0.00103258443227334
0.000554269035832227
0.000924388565678251
0.00413623123095502
0.00922176393204367
0.00634209761584959
0.000575037721329754
0.000765628491029648
0.00194408900351628
0.00174492729959521
0.00149662469318733
0.000817956225123815
0.000325645766505455
0.00165866698553866
0.00140329200286969
0.00147458770005723
0.00112271050693841
0.000992331125379194
0.00173032588177372
0.00326726660923476
0.00496960651895418
