0.00298581124359945
0.00267277750710697
0.00183025571052238
0.00142870265647992
0.000682539026154705
0.000470770780329312
0.00163304767405282
0.00169798973608337
0.00151508677126532
0.000915578932700364
0.000618078444041570
0.00281479969791183
0.00792573218613402
0.0194518603053809
0.00113706038514630
0.000791329737347675
0.00275680156700660
0.00197751556366320
0.00181544678484131
0.000987552769820654
0.000385423290008710
0.00207365040368414
0.00163421103359859
0.00169755685419574
0.00125353206018218
0.00124556328267366
0.00256790119177308
0.00433691758635250
