0.00339714154786568
0.00290801891801992
0.00200024259568249
0.00147870784594345
0.000651338558252410
0.000616825208211750
0.00190459512701546
0.00182453548965554
0.00152632017327751
0.000835020507413132
0.000874172483716415
0.00454393381806746
0.0113615838619003
0.0100680838346783
0.00164271823310137
0.000908507400713961
0.00271897019256267
0.00214126475609743
0.00161660693719291
0.000626614464726940
0.000928277296602279
0.00226856400901186
0.00181686575890842
0.00157010580131832
0.00123811417870640
0.00198483613768748
0.00414163889505130
0.00685170106245295
