0.00292428382122488
0.00263443528154540
0.00180263979805457
0.00141949833301565
0.000687538725616324
0.000452371673470931
0.00158469877940054
0.00167709683259533
0.00151016141864307
0.000928255719909093
0.000595353253171459
0.00257950844236980
0.00755820753343840
0.0196044266455015
0.000882212277830922
0.000832832565901778
0.00268122887650223
0.00194874375884291
0.00183332300935921
0.00104740258337681
0.000375724691162017
0.00189012735942090
0.00164334343086144
0.00169872266013921
0.00127065345311523
0.00118725034329176
0.00232837858261585
0.00413428973360976
