0.00332329822343754
0.00286821400324639
0.00197141809000726
0.00147102829802916
0.000656593257459502
0.000587860389132634
0.00186193322437085
0.00180337833764968
0.00152668333505357
0.000848560913345875
0.000814544219581731
0.00422006481211770
0.0105610623938633
0.0123308494244340
0.00170448504408818
0.000801676517130672
0.00276615373445522
0.00211916770815925
0.00166043693746930
0.000681923056664628
0.000761562873367295
0.00232560029335628
0.00177176185714597
0.00159882279388826
0.00122561828086978
0.00180761396677540
0.00388916213625001
0.00620580328514159
