0.00311467782852291
0.00275021851837006
0.00188611419241663
0.00144639224347822
0.000672299419624200
0.000512360954098438
0.00172743709642958
0.00173999417964238
0.00152236873527063
0.000889272621240757
0.000678565788695689
0.00333187440697707
0.00877597765244138
0.0177935290468821
0.00154264157175601
0.000721219910632212
0.00282323377066093
0.00203773941209859
0.00176641338165035
0.000863889335009890
0.000458989412258386
0.00231027054750065
0.00165890691283799
0.00167256406335957
0.00122849851384367
0.00141107671822557
0.00308703143703938
0.00484282276042843
