0.00325164343127879
0.00282864290787061
0.00194278601991284
0.00146307820356826
0.000661851018622593
0.000560844469248263
0.00181814660861030
0.00178222136838071
0.00152614031348764
0.000862183508667259
0.000762457987276893
0.00390960610098624
0.00987539308517647
0.0144518985468616
0.00171481002083729
0.000738686888579548
0.00280147896703722
0.00209422673415482
0.00170004666513317
0.000740709321137904
0.000629707032395855
0.00235837079656517
0.00172803031841346
0.00162633675333783
0.00122066431205162
0.00165361939826511
0.00362616980738514
0.00564886698750307
