0.00398020860257504
0.00319283624206800
0.00220705393213831
0.00152437462975421
0.000616429291554913
0.000879852041997558
0.00216919520957230
0.00197008921652818
0.00149808819763870
0.000753659698858275
0.00155748825858753
0.00708955401901032
0.0209418247434822
0.000334029755875869
0.00128481017434319
0.00282516782116332
0.00237795542543702
0.00219118203726745
0.00120758907832990
0.000457935698270689
0.00259914089959156
0.00190840943170247
0.00195339511985422
0.00141081837363478
0.00167352362171258
0.00380479825995139
