0.00437078781433466
0.00336004092030692
0.00232878482502704
0.00154361932933722
0.000600063787548088
0.00108212567379366
0.00229376966244079
0.00204786092475537
0.00146196997136154
0.000733364259531214
0.00221829755961277
0.00866877374588515
0.0275512173306434
0.00206221477612152
0.00127943900848749
0.00394595896604561
0.00238908698685073
0.00210588776873267
0.000929355992277173
0.000717955409053666
0.00290941819268516
0.00200106895631862
0.00185548497751360
0.00141860700615545
0.00235383212747849
0.00497980795658128
