0.00380120370280762
0.00311040064745050
0.00214710903914265
0.00151283039668479
0.000625841662048283
0.000793325493487877
0.00209979557321459
0.00192931051339323
0.00151074922094117
0.000772958234394783
0.00130791476542705
0.00632549542344841
0.0175300510148011
0.00123352739066924
0.00126046531531043
0.00212932496754887
0.00244093030731868
0.00219887835021064
0.00133973306287170
0.000450713500422154
0.00215048271583102
0.00195014962583906
0.00196000056327759
0.00144168959465391
0.00146880821450850
0.00320613823386003
0.00537131292825292
0.00886873100341869
