0.00447560457031990
0.00340229915836863
0.00235957025567284
0.00154760210465548
0.000596647673980248
0.00113889485567234
0.00232216713758731
0.00206624367721578
0.00145076310323425
0.000733581038012794
0.00242117396161170
0.00907906128648409
0.0286662320609063
0.00280218113182373
0.00120597937795842
0.00410400774545807
0.00241137633009778
0.00206931860802884
0.000861630007795095
0.000857005708191549
0.00286760195353759
0.00204714467698213
0.00182193193739198
0.00144168703529661
0.00258677596874589
0.00525010989241299
