0.00480837218161245
0.00353008804320238
0.00245268244760112
0.00155749633849942
0.000588505647720683
0.00132397966007323
0.00240157553376503
0.00211807443923750
0.00141223156803590
0.000751799091809103
0.00312973174307253
0.0104106277683869
0.0291751105652827
0.00488091960950254
0.000891054997944659
0.00430091085151446
0.00248916811491798
0.00192673245333077
0.000680375343829244
0.00150151906247630
0.00260866197527594
0.00218541563603947
0.00172176149525721
0.00158632445023617
0.00343020304630899
0.00611320187494110
