0.00458342707024723
0.00344472994800084
0.00239048559360648
0.00155124501200242
0.000593561350197378
0.00119814270813117
0.00234956295255530
0.00208410600320749
0.00143872131755732
0.000736500898648116
0.00264036360516535
0.00950177719402728
0.0293667111564039
0.00354748117955028
0.00110778312809728
0.00421145543918616
0.00243683517045815
0.00202705547238308
0.000796726658704536
0.00103340130783069
0.00279592541745475
0.00209557924439186
0.00178765121570821
0.00147615229105949
0.00284491726136629
0.00551828905065877
