0.00469432575057191
0.00348732802222980
0.00242152499009520
0.00155454425896404
0.000590836439181285
0.00125984859122007
0.00237601284328871
0.00210139914590142
0.00142586833163182
0.000742455335161774
0.00287639709463179
0.00994292784208014
0.0295606132397830
0.00425480567124760
0.000997711305226354
0.00427475070228150
0.00246334689721338
0.00197942717795997
0.000735872699664784
0.00124871310464255
0.00270601864833195
0.00214276468982173
0.00175389167727078
0.00152374243381296
0.00312686509976054
0.00579868543673699
