0.00556290697150951
0.00378974168269860
0.00264175197133939
0.00156776131753752
0.000584778986901157
0.00175624002620538
0.00253980947607209
0.00220249882139444
0.00131603804059439
0.000902041361173760
0.00502571799714281
0.0145353833359197
0.0151330052510791
0.00494889207668483
0.00101142393674992
0.00388210154391413
0.00257354089724003
0.00151879943436255
0.000544316080933934
0.00324152469065882
0.00223678429011069
0.00224815271166322
0.00161502531250631
0.00238656536525490
0.00544626142942404
0.0101748387075697
