0.00598882266864980
0.00392130250179730
0.00273734969088527
0.00156802279491404
0.000591269068828144
0.00199851458865656
0.00260200799093878
0.00223266965786555
0.00126103448402511
0.00105946385128619
0.00620870585864034
0.0183105191604180
0.00580767637555850
0.00325497017594668
0.00187355460317165
0.00345681179794534
0.00255230336167899
0.00127644249461858
0.000697047056195891
0.00361851273375643
0.00227630612177098
0.00216145121185570
0.00166150868949616
0.00313196139264815
0.00639797252948754
0.0129054053180248
