0.00613853990655088
0.00396537421902384
0.00276932554805241
0.00156738292753847
0.000594958583688024
0.00208227225226967
0.00262211130992326
0.00224067569336774
0.00124213926811112
0.00112785399010451
0.00663392095011143
0.0199580184345462
0.00351110827012283
0.00279615700166416
0.00230011793759341
0.00332550819516617
0.00253584430537951
0.00119505372755288
0.000802142498802005
0.00362394911631435
0.00231524500281618
0.00212370527753553
0.00170038722348659
0.00343524200924461
0.00672754834421180
0.0132961931812973
