0.00584303355056957
0.00387733589141095
0.00270542386740308
0.00156829914809933
0.000588373732952377
0.00191615402800930
0.00258162676215053
0.00222361394871450
0.00127970528878321
0.000999440479613452
0.00579831784134626
0.0168687288413674
0.00861848399462484
0.00380147336784528
0.00151618910964736
0.00359841098124545
0.00256414983256166
0.00135816740369467
0.000621882984937362
0.00355482328934222
0.00224842415539949
0.00219588766208198
0.00163537831297346
0.00285563091318972
0.00608342450175205
0.0121598757750295
