0.00570108906701494
0.00383348032322921
0.00267355552506862
0.00156821188273173
0.000586225471570885
0.00183534715222189
0.00256091299655504
0.00221354437594679
0.00129806577526833
0.000947163957727997
0.00540372139719174
0.0156169644483313
0.0117885486129184
0.00438755317697813
0.00122941478866242
0.00374282262698017
0.00257128477837920
0.00143925484826699
0.000572268746539657
0.00342871654890575
0.00223448805793674
0.00222533800400399
0.00162037193525142
0.00260714174506241
0.00576881713651350
0.0112037429750595
