3.7249927632021885e-05
4.9713601546797495e-06
5.362151586331277e-07
2.1494787914598607e-06
2.8886210228165516e-06
4.344165342246128e-06
5.130277878797993e-06
5.606983412051005e-06
5.945552394517025e-06
6.095589115439636e-06
6.172626500742193e-06
6.1490419409320895e-06
5.675658492309427e-06
4.883001573752826e-06
4.216040018077266e-06
3.387967614940063e-06
2.5789104105398076e-06
1.658167396068909e-06
1.5577159105225573e-06
1.3721785312871e-06
1.4660735978041876e-06
1.6682953688526474e-06
1.9578146691754644e-06
2.3323363383844848e-06
3.4406449862257877e-06
3.945019898346725e-06
6.32781674558056e-06
5.671972053023405e-06
9.339848012669286e-06
8.129266381222283e-06
1.2490306723413428e-05
1.079905548129808e-05
1.5856843707323612e-05
1.3423269185556918e-05
2.015836573317667e-05
1.6107578267610913e-05
2.68210479568451e-05
1.8481313804019575e-05
3.440213000629698e-05
2.1768853138480436e-05
3.8746444743713535e-05
3.041171435674403e-05
4.4019923688169477e-05
3.963011265358643e-05
5.0300690349429236e-05
4.645607049126425e-05
5.2304433164770463e-05
5.372227104070363e-05
5.975785558688136e-05
6.0276479770946126e-05
6.705627614067244e-05
7.26079423280622e-05
7.807306736323373e-05
8.231276487535703e-05
8.783740782071236e-05
9.162089386750136e-05
0.00010179802639754398
0.0001049905976520727
0.0001128508457748293
0.00011777091350362106
0.00012739649651205936
0.0001355029466555799
0.00014770106664332034
0.00015648672197114596
0.00016788894348156925
0.00017492477713092975
0.00018163718708144803
0.00018078807008047254
0.00017382053378318588
0.00015427518379374926
0.00013952997157852773
0.00011999714097379147
0.00010500240288090036
8.640723421324902e-05
7.850969662579906e-05
6.945231232826236e-05
7.273244861366288e-05
6.25852262817971e-05
6.787346676243974e-05
5.69729331493161e-05
6.339275661221005e-05
4.924045684109807e-05
6.668357462929098e-05
4.642641341110305e-05
5.2658576504479175e-05
3.633207784718432e-05
4.416174478538556e-05
3.326387305856134e-05
3.4349962485983985e-05
2.964801522601771e-05
2.875061545730696e-05
2.6905398400559685e-05
2.3130124430083045e-05
2.5178466720323523e-05
1.9409543885791463e-05
2.5757274319751184e-05
1.921760218188543e-05
2.563078216235259e-05
1.9735720792900863e-05
2.6011566151755223e-05
1.903562012094652e-05
2.2364188272120138e-05
1.8706067191047922e-05
1.911969181050588e-05
1.9499279875433e-05
1.8393898044610415e-05
1.9006542789403228e-05
1.6816929426946108e-05
1.8641655130801543e-05
1.581539053652247e-05
1.8252530829680607e-05
1.6015307226884112e-05
1.5924891337772236e-05
1.528793790606468e-05
1.4210573960344463e-05
1.3904330995696703e-05
1.2253033303069313e-05
1.2309472189409594e-05
1.099313269309061e-05
9.570352511156477e-06
9.26419784573144e-06
8.996881315341084e-06
8.445240772430162e-06
8.206812157808103e-06
7.923361490174146e-06
7.96412204550624e-06
8.030765013980994e-06
8.125006303596455e-06
8.84648072574702e-06
9.455356917987007e-06
1.0169700048595254e-05
1.1030165136504107e-05
1.1585867176944849e-05
1.2857231540779241e-05
1.3184799252906425e-05
1.343458255249202e-05
1.4061153477551624e-05
1.4621511252932602e-05
1.5127409528379957e-05
1.4883462766089462e-05
1.5125277699480519e-05
1.4771855259140713e-05
1.4820825353506138e-05
1.4415383628237304e-05
1.3924598456281385e-05
1.2959385807786779e-05
1.2591857865391461e-05
1.3266930416870503e-05
1.4017541980471953e-05
1.6970245900451814e-05
1.6985244972352195e-05
1.5259284773211865e-05
1.411846000139833e-05
1.46397414187812e-05
1.6683852836878682e-05
1.999996736362739e-05
2.0323000917969268e-05
1.8945671985119644e-05
1.792118314810836e-05
2.0548541045966188e-05
2.5636758380357607e-05
2.6193033082450728e-05
2.6524194208102168e-05
2.390084741693774e-05
2.096057370907474e-05
1.916337862494855e-05
1.9162742281690693e-05
1.9948861887123106e-05
2.032832494108645e-05
1.976416773691902e-05
2.2342868324961112e-05
2.1443259320511534e-05
2.0015849551398018e-05
1.739956138615067e-05
1.4662719432644561e-05
1.3164583501584942e-05
1.6106092745252936e-05
1.8854881926242186e-05
2.0273778504532348e-05
2.141763198086871e-05
2.2488281514114936e-05
2.2044054953182163e-05
1.8926764874712925e-05
1.61091938445779e-05
1.170931949718975e-05
6.236375411757994e-06
2.8801124140378057e-06
2.1736165927973823e-06
1.900688167290934e-06
1.6404970493095033e-06
9.377178309562273e-07
4.93325588495254e-07
5.877388025992816e-07
1.32185933110759e-06
1.983273982489597e-06
2.5223237717647796e-06
2.5117839266838514e-06
2.771233099622023e-06
3.7806106433677504e-06
4.7158636048519675e-06
5.583819068871786e-06
5.857388834223445e-06
6.636659677723997e-06
7.3181528771037985e-06
8.084560219891265e-06
8.578770609145255e-06
8.424534540541417e-06
8.489091148522437e-06
8.720631722651425e-06
8.889001943053326e-06
8.64139949899003e-06
7.363768581100783e-06
5.805363801744988e-06
4.8365599996838316e-06
4.646869767181181e-06
4.3951089982146495e-06
4.359301885081211e-06
4.210780406526565e-06
4.3871948536413225e-06
4.850342619889279e-06
5.6777756946139975e-06
6.64779415351754e-06
8.415680917233364e-06
9.732287683747766e-06
1.1886280023507953e-05
1.3620094488709907e-05
1.63313492420127e-05
1.804522200569308e-05
2.0936339291858105e-05
2.2557171696208528e-05
2.716467426591956e-05
2.7828029589502078e-05
3.5220018302591794e-05
3.269314251073987e-05
4.3362296234771945e-05
3.690281564589173e-05
5.01889691516863e-05
4.8446985480169355e-05
5.415058931199574e-05
5.48998131042544e-05
5.5224375487823396e-05
5.696832285560926e-05
5.948847004448575e-05
6.205327692571798e-05
6.488760344955456e-05
6.786171434510162e-05
7.194805629445207e-05
7.658363651412402e-05
8.291212472405499e-05
8.923805215194406e-05
9.543047037445984e-05
0.00010433983491635375
0.00011394315293743624
0.00012408121773622695
0.0001343771419388922
0.0001455539679793589
0.0001568843667709517
0.00016941938327594817
0.00018133464454830726
0.00019196718566009835
0.00019477624801845058
0.00019385560059765082
0.0001852296982015698
0.0001800862010232196
0.00015358341321178724
0.00012899658410457312
9.136454439894543e-05
8.003853913969889e-05
4.8446150312240184e-05
4.2553809706293656e-05
3.2867975113006626e-05
3.580698682644522e-05
2.4978395519176723e-05
3.4498734735221585e-05
1.855968032147258e-05
3.3313180839379466e-05
1.676473787503906e-05
3.536362847759345e-05
1.5691187544427446e-05
3.448038517759507e-05
1.6169647081049612e-05
3.372517385049951e-05
2.0750477696650468e-05
3.243990291790599e-05
2.8206065326864355e-05
2.7879285971866893e-05
3.088252190417399e-05
2.3389888411268813e-05
2.9092747425230396e-05
1.981820218520651e-05
2.7539272712907753e-05
1.9354273575982822e-05
2.1784447195305953e-05
2.0397318163854554e-05
1.8872680988178267e-05
1.9677154775482766e-05
1.9486378527698602e-05
2.025993459789093e-05
2.0297132790680564e-05
1.901161756780981e-05
1.705571798176034e-05
1.5051519426565742e-05
1.3214493341499108e-05
1.2181640859393358e-05
1.1989078015039282e-05
1.189525216439974e-05
1.1991996503281123e-05
1.1322312689879319e-05
1.0460060766823852e-05
9.849476681407657e-06
8.86769374827659e-06
8.510715555579915e-06
8.235664214664049e-06
7.65614012995646e-06
6.966338532748289e-06
5.9851929289916025e-06
5.314661353581623e-06
4.4553455228598326e-06
4.235094523284856e-06
4.641561611807142e-06
4.792362680462958e-06
5.074957127653873e-06
4.970760884963565e-06
5.350748545926694e-06
5.761592727136428e-06
6.162203025492578e-06
6.828648806693327e-06
7.5115011910750825e-06
8.281874599190578e-06
8.46422970673755e-06
8.691896264554457e-06
8.692770474914374e-06
8.519438992350371e-06
8.656185321493843e-06
8.359894476671003e-06
7.919558634445778e-06
8.306418088854984e-06
8.860469197209444e-06
9.559262955553539e-06
9.000590863709705e-06
8.57661171944534e-06
8.219468694340534e-06
8.69843705186353e-06
9.826124657535295e-06
1.1938035370351931e-05
1.4888441577415677e-05
1.805995457319728e-05
2.217945058317997e-05
2.1295562824008284e-05
2.0132811136072406e-05
2.0201367118014155e-05
1.9973264681745735e-05
2.1737594529920133e-05
2.1437732121725933e-05
2.2225654315076755e-05
2.3263499373190827e-05
2.4440857243574184e-05
2.5746025435547203e-05
2.4571298700230043e-05
2.2993470579934654e-05
2.177340913589413e-05
1.9530082402818853e-05
1.8026531563924987e-05
1.9043445943984546e-05
2.0700477715248563e-05
2.2042242906014788e-05
2.407149585301586e-05
2.4027596636768144e-05
2.464951763815779e-05
2.652099984963288e-05
2.301259479044881e-05
1.8485228042403063e-05
1.421825600069178e-05
1.0794638732262072e-05
7.956196121157796e-06
6.066248156818102e-06
4.3211596660016875e-06
2.653983081404371e-06
1.010472181211243e-06
1.1012309124365731e-07
