9.546688361247369e-05
9.131927681460007e-06
3.1045816269838435e-06
4.175727184739233e-06
4.380492717326986e-06
4.628914295662313e-06
4.270418984632837e-06
4.173283488036034e-06
4.620944653361889e-06
4.10926992857897e-06
3.3457564119075244e-06
2.747040184934425e-06
1.964906696475229e-06
1.697901980243441e-06
1.9087399714045657e-06
2.5100905250914153e-06
2.9176801858276647e-06
3.856998079044408e-06
4.398720677417589e-06
5.467609469132713e-06
5.9579204077167705e-06
7.586488875037183e-06
8.05702209548138e-06
9.91748421287826e-06
1.1749556251170246e-05
1.4562536251944665e-05
1.662225275961301e-05
2.0601714296112586e-05
2.3671566685860784e-05
2.6865688621611798e-05
2.8672607205687606e-05
3.0504521264426478e-05
3.358516433964554e-05
3.6758503000510414e-05
4.045332082483334e-05
4.468730871283526e-05
4.849128526031542e-05
5.144549941240213e-05
5.327062821620548e-05
5.370255014038466e-05
5.513982739169924e-05
5.315854037549905e-05
5.1332985094291074e-05
5.297569958280098e-05
5.444725416588288e-05
5.697696498791022e-05
6.069867059913156e-05
6.798318888953875e-05
7.666173618518023e-05
8.40805836836235e-05
9.140506589859722e-05
9.476785781323995e-05
0.00010290812409545957
0.0001084698357932024
0.00011811795918417825
0.00012448258631296056
0.00013559927883303313
0.00013574922768242283
0.00014210597692610507
0.00012285078448293012
0.00012516721222676522
8.650651725587844e-05
8.484702253690013e-05
5.1017943869733656e-05
4.814359994654449e-05
2.6594552980360192e-05
3.32268831397361e-05
1.880947687040987e-05
2.901436752404934e-05
1.6831790483971996e-05
2.536649782360291e-05
1.5697776422759177e-05
2.063186034455884e-05
1.1724730714722562e-05
1.9090437494259677e-05
8.358500794888908e-06
1.650545512485829e-05
6.912411598499986e-06
1.5798829441409565e-05
7.288867563737752e-06
1.8688928611997313e-05
1.0877753410717803e-05
2.0899294577924903e-05
1.439874234263958e-05
1.9678505818879773e-05
1.767183925717492e-05
1.7556288314930282e-05
2.2040708575989806e-05
1.9144297832976413e-05
1.9332600665907788e-05
1.860337757303074e-05
1.8811887993546672e-05
1.9116673891818753e-05
2.0339523859309897e-05
1.941955297299165e-05
2.016038930259594e-05
1.7899024192902187e-05
2.011809486202945e-05
1.9853536409094736e-05
2.1018421340304573e-05
2.1719323141058074e-05
2.1983733014450404e-05
2.0138312454251965e-05
1.9179206316407413e-05
1.6831075655532093e-05
1.5800655973561143e-05
1.3595872594735005e-05
1.3138927784013155e-05
1.1053042217756437e-05
1.0231512148903686e-05
8.33316647781611e-06
7.675709915802603e-06
6.653419684529806e-06
6.156152822259295e-06
6.382932373549579e-06
5.7206148470551555e-06
5.722587118075662e-06
4.745374073499804e-06
3.733036304404448e-06
3.391262240160921e-06
3.4674046165727737e-06
3.269664926867218e-06
2.7028778940192552e-06
2.1553681782576176e-06
1.5053772895236372e-06
1.3897205370128506e-06
1.2932087642399123e-06
2.0601113220018865e-06
4.70223598945175e-06
1.0383248546769488e-05
1.9095315803698983e-05
1.9837946180976884e-05
1.973212841606798e-05
2.1436680752871814e-05
2.4496309133177123e-05
3.0603671368930595e-05
3.627064351851952e-05
3.8906057373661116e-05
4.08298037109183e-05
4.28678167338746e-05
4.293123063159246e-05
3.752723754707052e-05
3.4181786186548714e-05
3.0153723154161516e-05
2.6030786240295173e-05
2.2674659161244474e-05
1.804393676496915e-05
1.846277885306496e-05
1.708983795549487e-05
1.5258537336585703e-05
1.5484740157459075e-05
1.6623688489105618e-05
2.071188072979872e-05
2.7408815032617872e-05
3.309369176947337e-05
3.58972525916607e-05
3.484013959171306e-05
2.979087534472942e-05
2.2260090993021363e-05
1.3320785477685307e-05
1.166627033600449e-05
8.897338446461252e-06
8.245750181796948e-06
7.376930768119249e-06
5.823257066694513e-06
4.40080687961582e-06
3.5287971156340954e-06
4.503964232800205e-06
4.78763280916291e-06
4.8616707728808065e-06
4.875170281541822e-06
5.28343071896419e-06
5.9059237684830615e-06
7.875369604641084e-06
9.25341310086684e-06
8.930558683311362e-06
8.825069194625711e-06
8.921558181556924e-06
8.709447323215367e-06
8.365808464459892e-06
8.097127309089903e-06
7.590224478054852e-06
7.037822177060851e-06
7.064684355818063e-06
7.0793397827621965e-06
8.774685245687735e-06
9.508167537088197e-06
1.1903002930371907e-05
1.428885338236882e-05
1.6951021283937053e-05
1.9374719335302808e-05
2.272466286338442e-05
2.602632440687581e-05
3.172278140958115e-05
3.481222277086843e-05
3.964825664144118e-05
4.250113836199873e-05
4.6092780320208065e-05
4.541406050187474e-05
4.28766114735342e-05
4.0305271128170656e-05
3.755208812623091e-05
3.57330697882942e-05
3.4579461289553995e-05
3.466261167118778e-05
3.50260513239427e-05
3.639608417053493e-05
3.841010400814462e-05
4.034527254876594e-05
4.3081341491845804e-05
4.774401213783632e-05
5.562083937207761e-05
6.444266365690102e-05
6.951449990620055e-05
7.424987374440207e-05
8.224898629732318e-05
8.944402246653814e-05
9.730347917423396e-05
0.00010530083516652837
0.00011554499441643589
0.00012726780547585114
0.00013504097434776708
0.0001335995709170886
0.00012139207579652103
9.879802884969665e-05
6.86632901138046e-05
4.9132992354619515e-05
3.771562515184872e-05
3.160313979529561e-05
2.3818512874772716e-05
1.5758659410297108e-05
1.550209601998937e-05
1.467828186906568e-05
1.8230404051351107e-05
1.0925453894511043e-05
2.2299639841975292e-05
7.352805520701704e-06
2.19294490772866e-05
5.984103528694094e-06
2.088125667972224e-05
5.611565779754342e-06
1.789370199421179e-05
6.498597900318568e-06
1.7607275984882492e-05
1.1483019094986045e-05
2.7810962739289958e-05
2.1724943449812358e-05
2.438809607377881e-05
2.6673750381573095e-05
2.2353875500600915e-05
2.406808495623784e-05
2.0703809664242903e-05
2.1310026971434523e-05
1.8173737480574842e-05
1.6955070582659833e-05
1.5838481532481813e-05
1.4743235249816383e-05
1.4460767846656421e-05
1.5094688794048546e-05
1.6276915449150822e-05
1.6342553064134658e-05
1.39952625665353e-05
1.368327912469333e-05
1.5137578522606032e-05
1.3055738275766816e-05
1.1801120531196627e-05
1.0515042379813917e-05
9.468143408580304e-06
7.952050963353735e-06
6.520048187642217e-06
4.851867143949668e-06
3.7269945884342123e-06
2.1021988170081677e-06
1.4449681832374632e-06
8.267214300657896e-07
7.658725377721544e-07
8.17584224116291e-07
9.583012800225503e-07
1.1095528632261086e-06
1.158854963459918e-06
1.4222287212059256e-06
2.1708795262796313e-06
2.9540143300163635e-06
3.625813219700276e-06
4.269647172731542e-06
5.594729648706153e-06
8.253874914467242e-06
1.0022378981359481e-05
8.957314534377348e-06
8.429348768607802e-06
7.95335466457522e-06
8.481760070041437e-06
1.0038954206142936e-05
1.2352330993679139e-05
1.2862123188559974e-05
1.1022140140408583e-05
1.215864840767312e-05
1.8266352723540403e-05
2.2822261772917307e-05
2.481214669033567e-05
2.9686022841900954e-05
3.1229095545033747e-05
2.785416750734415e-05
2.264171490703351e-05
1.9750514422517163e-05
1.7481113324298978e-05
1.4839019277484465e-05
1.6176721288995568e-05
1.7564114779661914e-05
2.3684052926730204e-05
3.13096751869832e-05
3.5265439321993174e-05
3.2628873106700586e-05
3.0434765827334633e-05
2.8721640476820015e-05
2.556311386583403e-05
2.260468913084159e-05
1.8965616216229118e-05
1.521216487584412e-05
1.2502253456013027e-05
1.0836871205852473e-05
1.0650235809259448e-05
