7.785240295000285e-05
7.960198120013764e-06
1.6183441847664543e-06
4.088694618933041e-06
3.7071262110445895e-06
4.493253225820632e-06
4.461264580897986e-06
4.5524341847008394e-06
4.535173465743589e-06
4.820370829171664e-06
4.025209689688951e-06
3.2385930828986947e-06
2.5836258493613436e-06
1.73742796032925e-06
1.4978123816635734e-06
1.4316073308278473e-06
1.971280034465355e-06
2.2434105171134003e-06
3.232917678583342e-06
3.917344269452129e-06
4.4201748252569865e-06
6.244045576986872e-06
5.862468483882784e-06
8.463481645065062e-06
8.023255030001633e-06
1.2357420973322278e-05
1.0922942847866616e-05
1.8158548850568907e-05
1.4781391454131782e-05
2.5429602568060115e-05
1.946887752681572e-05
2.7861429876726676e-05
2.996360991363499e-05
3.2713124835208255e-05
3.535327807373791e-05
3.8776724243762316e-05
4.226520731323841e-05
4.6584172637588835e-05
4.922022935852852e-05
5.144554945873722e-05
5.182532043681178e-05
5.255747937024354e-05
5.424260375069897e-05
5.42921953190896e-05
5.4585514733130014e-05
5.631686980662444e-05
5.889872342191784e-05
6.327129539189897e-05
6.93365352953494e-05
7.74766216116301e-05
8.335802572832902e-05
8.906133742774512e-05
9.153490114779595e-05
9.870651200506999e-05
0.00010666028642778444
0.00011761104504326456
0.00012318285454489454
0.0001357528059138322
0.00013966280567701705
0.00015311780086092137
0.00014438204428972963
0.00014775490236462643
0.00011051889735786318
0.0001229361341224971
7.773298463343523e-05
8.276091381365336e-05
5.439627223287864e-05
5.2696205127914395e-05
3.3848080536968816e-05
3.718619966475228e-05
2.1441150182486307e-05
3.0008765728226314e-05
1.7454068669459654e-05
2.648493976080818e-05
1.5243432359196676e-05
2.3719608294818583e-05
1.3381282471130179e-05
2.402162288513655e-05
1.2600522955761548e-05
2.488709624497507e-05
1.2532108293432017e-05
2.486724256827416e-05
1.6565926574773306e-05
2.0947749629226706e-05
1.612048408153684e-05
2.113372590142602e-05
1.6679198974650023e-05
1.9943717789004604e-05
1.7577505688297417e-05
1.747419971920502e-05
2.134607681285206e-05
1.9009305701910614e-05
1.8583907235971188e-05
1.8981081400792756e-05
1.7546223741935472e-05
1.8502180933313172e-05
1.8543260598745303e-05
1.802989998345374e-05
1.871653357346309e-05
1.7174352253550746e-05
1.774776162174174e-05
1.7735970941943957e-05
1.780677355487302e-05
1.7514092071354242e-05
1.8578062509248626e-05
1.8399158399631923e-05
1.7080336917652224e-05
1.636357252270051e-05
1.5010955149598501e-05
1.3999467008598506e-05
1.2577287060233103e-05
1.2020912958110356e-05
1.0529037801446664e-05
9.987748815584353e-06
8.683286062792789e-06
8.100531342488397e-06
7.396704843024382e-06
6.787136185986028e-06
7.088528872339862e-06
6.530902002288907e-06
7.1688569498176406e-06
6.728241268218785e-06
6.596773386920615e-06
6.7012041069415285e-06
6.97539815786231e-06
6.460486823674305e-06
5.010890226439887e-06
3.937379147284894e-06
3.1959033941115593e-06
2.7643047302006925e-06
2.7695318233975137e-06
3.29725685928957e-06
4.327939063512419e-06
6.7105294953968946e-06
1.1377680219846934e-05
1.7115754989060664e-05
2.0227982072586923e-05
1.8831523339937277e-05
1.910941117878088e-05
1.977511815177586e-05
2.3406321162982797e-05
3.1505514119989695e-05
3.442447397612703e-05
3.8164389088836124e-05
4.1026211469876424e-05
4.0234793043066025e-05
3.911248520168081e-05
3.631303416366411e-05
3.294142053985511e-05
2.9904489126457887e-05
2.6693540003173528e-05
2.1214425437678546e-05
2.0204238608564546e-05
1.903199035917704e-05
1.7095520884649515e-05
1.5711708634618493e-05
1.6277614445714625e-05
1.6665729417347863e-05
2.233968397006802e-05
2.7087675870180765e-05
3.244828800423398e-05
3.4504426704737876e-05
3.264271977786491e-05
2.5931814588617808e-05
1.7854416967302766e-05
9.979313177614544e-06
8.389440763845954e-06
6.490899053556596e-06
5.92147171924328e-06
5.010573558962916e-06
4.033978550048348e-06
3.068535662199898e-06
2.7221210128243788e-06
2.528752972226278e-06
3.937653815311715e-06
4.532787011714886e-06
4.748123380551471e-06
4.8719524056868964e-06
5.439703613592854e-06
6.23573591109229e-06
8.308980646034953e-06
8.800349442898244e-06
8.589064878465288e-06
8.431383942047749e-06
8.663264942239282e-06
8.064453157222414e-06
7.732348930433272e-06
7.263811591365761e-06
6.777533660842235e-06
6.735286113524841e-06
6.417681457229492e-06
6.10804124258282e-06
6.90932590592532e-06
7.771404682765626e-06
9.48630266481329e-06
1.1380386030180564e-05
1.3544523498138365e-05
1.6529308131799302e-05
1.9376789581221734e-05
2.198385075214251e-05
2.6216169216410552e-05
2.9445319687804654e-05
3.474303325217039e-05
3.783164222611259e-05
4.3601886281822636e-05
4.7307230225729146e-05
5.080790221292545e-05
4.827854266519582e-05
4.5543736914308675e-05
4.232335652221978e-05
3.9937774240845746e-05
3.853235692096403e-05
3.846107370310191e-05
3.92041357461579e-05
4.0504674680979464e-05
4.168508340672439e-05
4.369355935611045e-05
4.600652409850626e-05
4.988471843334723e-05
5.7000100375684005e-05
6.642128567722095e-05
7.299598757036036e-05
7.885731583680707e-05
8.580756934421088e-05
9.38237527981086e-05
0.0001021041695900831
0.0001107888409588617
0.00012180328785844045
0.0001336603176879123
0.00014580431077325715
0.0001571218881074256
0.00015506943132828722
0.00014452220618223514
0.00012122804327133999
8.4851598249855e-05
5.8805811251657394e-05
4.7518850656041e-05
3.200295838158176e-05
2.3105782063128534e-05
1.9879994765228948e-05
1.9954101456069866e-05
1.4401947705602117e-05
1.9940352467873704e-05
1.0308746930280642e-05
2.2695342273487173e-05
7.613999352167709e-06
2.4030942696281922e-05
6.675085991196931e-06
2.4710754440687666e-05
7.350341788388e-06
2.3372251275518533e-05
8.814570758509073e-06
2.2998841181477947e-05
1.8984699343413413e-05
2.6086323980046035e-05
2.3851210056917463e-05
2.361219150655154e-05
2.8135663071920125e-05
2.0869686151187103e-05
2.4909591938009962e-05
2.0276252890935566e-05
2.1020723096761012e-05
1.8063018774778142e-05
1.7651416376365943e-05
1.6174320870416952e-05
1.5254304666562173e-05
1.4061402010625086e-05
1.3678838762776894e-05
1.4751991948840459e-05
1.550430478751502e-05
1.4344570255644187e-05
1.3181304505932659e-05
1.2797737312650624e-05
1.3292814078675472e-05
1.2526836410577556e-05
1.0717979717162079e-05
1.0074959748744957e-05
8.396751294956342e-06
7.523751042296955e-06
6.53919914985847e-06
4.733123278973205e-06
3.850238591488606e-06
2.7838416888321412e-06
2.5126553516664595e-06
2.4938139247839255e-06
2.5250961348830106e-06
2.7875266246431987e-06
3.168426165806849e-06
3.5601350278844054e-06
3.5928272103484e-06
3.5052016818011966e-06
3.524925097610908e-06
3.6203296700258283e-06
3.7193908604595283e-06
3.8088617714223666e-06
4.299544533607441e-06
4.830261449420633e-06
6.6841806785275735e-06
9.805219519685251e-06
9.69178193105569e-06
8.861089752058931e-06
8.099992192743003e-06
8.020160705413818e-06
9.09681488488357e-06
1.1038998305499277e-05
1.4366847017398883e-05
1.5316658695010744e-05
1.3629270419841655e-05
1.596185399478593e-05
2.1285625689219298e-05
2.232563222184047e-05
2.4782734159028913e-05
2.827831647481729e-05
3.05082078900242e-05
2.992139953284114e-05
2.4112056030545308e-05
2.1985808252717742e-05
1.900872763755105e-05
1.691530256674893e-05
1.7268304677307748e-05
1.9011384586575793e-05
2.205421275176941e-05
2.6363514732142073e-05
3.2771047627419114e-05
3.7649381457090434e-05
3.28493671431397e-05
2.9698217869531846e-05
2.6432267744981534e-05
2.2807218167741963e-05
1.8823695924960294e-05
1.419403845832779e-05
1.0545457443667287e-05
7.573669540160105e-06
6.655339969227247e-06
5.976849236481478e-06
5.263553897837242e-06
