4.678605686840793e-05
6.625330135582482e-06
4.93123810577363e-07
2.879153231757667e-06
2.9068893260275456e-06
4.572846541204466e-06
4.995845702521717e-06
5.291877366294126e-06
5.479999245642102e-06
5.490846764613268e-06
5.637670165273579e-06
5.115630234901906e-06
4.294901462929212e-06
3.524810542712745e-06
2.8579767007164037e-06
1.9064325450086845e-06
1.5848068374552783e-06
1.4105890780037385e-06
1.3084918472010642e-06
1.4264281685225608e-06
1.953588448309659e-06
2.6283084184465284e-06
3.3455175629815663e-06
3.7192602680909493e-06
5.258982008606141e-06
5.9092475277882e-06
7.437642155816686e-06
8.683593298657343e-06
1.0609542237732511e-05
1.1898922282712654e-05
1.430550778347398e-05
1.5460457857769288e-05
1.8661189608377142e-05
1.975135351767295e-05
2.403382746806054e-05
2.4791346750686958e-05
3.112848865434376e-05
2.914099463171417e-05
3.865815606723531e-05
3.772227798594271e-05
4.442669466895962e-05
4.7913989209330714e-05
5.037541687016285e-05
5.2862845817293486e-05
5.4006483935130634e-05
5.56984330341311e-05
5.7676772607167514e-05
5.983104621396984e-05
6.308589880854073e-05
6.66237355523887e-05
7.128239957339653e-05
7.607647437385669e-05
8.252556136234097e-05
8.955109050636997e-05
9.754650589315116e-05
0.00010116615125719357
0.0001054817213785999
0.00011103130915549153
0.00012172499972556934
0.00013027400584448483
0.0001419773448165483
0.00015122977534335713
0.0001626745180796483
0.00016972730504894655
0.00017497665181339688
0.000168878498528069
0.00015472200578924093
0.00013508155747169143
0.00012035090573306735
9.803686823686968e-05
8.841841489483455e-05
7.476342904916958e-05
7.440492521563585e-05
6.62486238016519e-05
6.472726460678263e-05
5.3516008388461455e-05
5.6056183385369e-05
4.345639865666944e-05
5.646581654640194e-05
3.873535345491737e-05
5.844421660368478e-05
3.245498826531231e-05
4.823371292127079e-05
3.0151800050399302e-05
3.602417031457346e-05
2.63058315153517e-05
2.8772732851254523e-05
2.3334294379788616e-05
2.435945984775307e-05
2.2166362672178792e-05
1.9807255179919792e-05
2.3155288404519966e-05
1.9038222687844757e-05
2.13620558327337e-05
1.8622658546404866e-05
2.1763087139183406e-05
1.8281068108652456e-05
2.27863675840195e-05
1.9196890562527562e-05
1.94903087653939e-05
1.9686101046295904e-05
1.822552974565462e-05
1.880141325446165e-05
1.7217029421954044e-05
1.8134511620993255e-05
1.6685960322210554e-05
1.7632369733873058e-05
1.662882841650548e-05
1.600214249883104e-05
1.5440488518600296e-05
1.4442405950575443e-05
1.438708876808841e-05
1.3179737182568685e-05
1.3044375399965625e-05
1.1951383953027363e-05
1.1922965376010121e-05
1.0774863905078404e-05
1.0640545338791651e-05
9.609174208095495e-06
9.822919938991776e-06
9.704605679295855e-06
9.68350892263764e-06
1.0195789298221839e-05
1.0774691293068542e-05
1.130601385804312e-05
1.1689075571662465e-05
1.1791526686202768e-05
1.20221666565953e-05
1.2444428438794643e-05
1.279921667297076e-05
1.2970504263840947e-05
1.3433273213113715e-05
1.3855073552195249e-05
1.4541903803860407e-05
1.3809158407436266e-05
1.298343912480599e-05
1.2676105941291074e-05
1.175057932455955e-05
1.0705476690479202e-05
9.540222415741032e-06
9.395694189547074e-06
1.0086881856334475e-05
1.2054152707674512e-05
1.6015819510681617e-05
1.573307493747626e-05
1.436900486060612e-05
1.3678156971963358e-05
1.5679778019539456e-05
1.920332695272367e-05
1.868147896854313e-05
1.8215277913240243e-05
1.8319368740743254e-05
2.0791520488506568e-05
2.4617843298207444e-05
2.7722329737314072e-05
2.961860690933945e-05
2.991003800121544e-05
2.7581730812917736e-05
2.5821714300424584e-05
2.5438666492012323e-05
2.625122922986335e-05
2.6985311877405642e-05
2.885514509816018e-05
2.5906743141500372e-05
2.3413787740231468e-05
2.1245421925091393e-05
1.958041682783962e-05
1.703049831700488e-05
1.4646013111969028e-05
1.5986185409068777e-05
1.9420244237418213e-05
2.0740949669509066e-05
2.2640326399930447e-05
2.468110375457506e-05
2.32663238394902e-05
1.9707220161025755e-05
1.654408343577383e-05
1.2062927239447576e-05
6.462287007612523e-06
3.8830799923573e-06
3.173396808739423e-06
2.7329242175081497e-06
2.2313516639387006e-06
1.3981996255783742e-06
1.0360838557680866e-06
1.2465540032954779e-06
1.8241978020652805e-06
2.4391089424883726e-06
2.334825562124635e-06
3.297116678777155e-06
4.227840872725092e-06
4.950173090715519e-06
5.435813342622551e-06
5.7394057963934704e-06
6.466455953468988e-06
7.815919460816047e-06
8.215731392990514e-06
8.1088382093575e-06
8.11612147987595e-06
7.909468454821024e-06
8.031294353396514e-06
8.102335388186954e-06
7.175981393805381e-06
6.0273706148604224e-06
5.275027188289037e-06
5.010452160384483e-06
4.9774187586841575e-06
4.737171290573163e-06
4.742228868332053e-06
5.401680914700817e-06
6.176806504286913e-06
7.225156271752013e-06
8.577385349275953e-06
1.059259027501902e-05
1.2828459524649442e-05
1.5153717136331285e-05
1.8150569500521374e-05
2.0631941956623595e-05
2.2824411221673918e-05
2.58542552960705e-05
2.9212508450484214e-05
3.3132172317855664e-05
3.6831202438461035e-05
4.137137999006759e-05
4.4476009834167144e-05
4.942667366386002e-05
4.978801307817222e-05
4.943061803812686e-05
4.786039186498844e-05
4.671475537742341e-05
4.6667304084909385e-05
4.7926673328895774e-05
5.015083680670481e-05
5.271142303447717e-05
5.560408981515819e-05
5.832978347192806e-05
6.165642712855108e-05
6.729308011849943e-05
7.597034126552877e-05
8.334062833082023e-05
8.972922941536226e-05
9.715451267154604e-05
0.00010584818013215857
0.00011582504878476403
0.00012612990750042948
0.00013716518393136452
0.00014940179430799727
0.00016229871260328916
0.00017488587521622922
0.0001824988256115847
0.00018063859134391096
0.0001791654753993616
0.00016885101853604848
0.00014801178012042695
0.00010664064293152289
7.193566052969395e-05
5.367366579030735e-05
3.766009878939497e-05
3.0506326120303894e-05
2.436474417404666e-05
2.552205488040025e-05
3.235269571161351e-05
1.7495026523702154e-05
2.868887751365049e-05
1.4417169607447171e-05
3.0257809877190764e-05
1.2056324304425309e-05
3.0168213361508955e-05
1.1209295560630563e-05
2.9702278531254953e-05
1.2343114696021508e-05
2.9939820163489687e-05
1.930197325113892e-05
2.7481013962970266e-05
2.528897034459914e-05
2.4571704673992178e-05
2.7473012696322617e-05
2.0251049767221146e-05
2.9759455082044156e-05
1.893607715797103e-05
2.3393443709102153e-05
2.003032215693356e-05
1.9961329761476603e-05
1.9330895465786675e-05
1.9438133841317755e-05
1.9107387007225927e-05
1.808982354437255e-05
1.6452710868117444e-05
1.4661086826974715e-05
1.3378522090890699e-05
1.280715364137719e-05
1.2701049719222753e-05
1.2109934232585334e-05
1.2180032449944328e-05
1.1226417901445562e-05
1.1529086502149674e-05
1.0445304980478222e-05
1.0066382851291592e-05
9.109732420350491e-06
8.552940039361379e-06
7.95908817275701e-06
6.800161250170341e-06
5.593247125699433e-06
4.76235421107291e-06
4.257356448833084e-06
4.184476269725709e-06
3.921989523215348e-06
3.557069107268332e-06
3.91010241573899e-06
3.95362120640899e-06
4.3926541929455574e-06
5.03156963148585e-06
5.777944038823653e-06
6.572217242586676e-06
7.156255636216909e-06
8.23936337285456e-06
8.391941686962954e-06
7.743119020340067e-06
7.074619863613489e-06
6.856165825828913e-06
6.978442049803804e-06
6.883128368254391e-06
7.714976948246651e-06
8.831761422657181e-06
9.738254447526507e-06
9.26560076591868e-06
8.461846144908806e-06
8.439018735006204e-06
9.153313695121823e-06
1.0618510972873338e-05
1.3056282196928262e-05
1.6343289481319882e-05
2.0475401292170673e-05
1.9040081992114986e-05
1.8669566616540753e-05
2.0369587837706437e-05
2.1115216695426302e-05
2.2447198820850988e-05
2.355903504633663e-05
2.4217366161925937e-05
2.6222900849351577e-05
2.785738736542244e-05
2.6203845893776245e-05
2.3644833500275126e-05
2.141936124037911e-05
2.0101817894476006e-05
1.8188063600574622e-05
1.8587344939045077e-05
2.0731767727767354e-05
2.2583236221803454e-05
2.4046438771797507e-05
2.5416492910298947e-05
2.7064755452522286e-05
3.1535569230622194e-05
2.8647691371745473e-05
2.3266996430798736e-05
1.8014817256356743e-05
1.3368025666285173e-05
9.667557929149537e-06
6.709469332582744e-06
4.74035607677987e-06
2.8971599084567945e-06
1.648382158488056e-06
8.647799408989988e-07
