2.4325174131289213e-05
1.4643886602003577e-06
1.6329560042402591e-06
2.782776499446039e-06
3.462359034369802e-06
3.7907620686537208e-06
4.574973517058001e-06
5.8601561105941365e-06
7.169347287306291e-06
7.631202130966245e-06
7.982923067588283e-06
8.30024407319014e-06
8.215437911518738e-06
7.9771631221381e-06
8.129210237986662e-06
7.383273899873934e-06
6.547370537557537e-06
5.6697028286323175e-06
4.751638220756876e-06
3.863904692700953e-06
3.158257404982974e-06
2.5341481676879813e-06
2.028843523201325e-06
1.913235988766668e-06
2.1605488804456924e-06
2.6319361302485217e-06
2.9493716739550632e-06
3.3384605394698843e-06
4.485989127166385e-06
5.237913478928693e-06
6.584206141406891e-06
7.420029405988608e-06
8.821217807517411e-06
9.375651050337133e-06
1.068086807109028e-05
1.1183162290654998e-05
1.2555080548121186e-05
1.3029148474692736e-05
1.5165738954007747e-05
1.592539730999255e-05
1.8534582165912126e-05
1.9962428604658105e-05
2.2989361774283402e-05
2.4142955562095563e-05
2.7599171203640075e-05
2.8243270120850554e-05
3.3163464188481856e-05
3.279568934438488e-05
3.613533597498135e-05
3.470114481820709e-05
3.9108560122372026e-05
4.0826936482242466e-05
4.525330234329174e-05
4.85110009763794e-05
5.313669957760147e-05
5.7207776004607574e-05
6.12758040499863e-05
6.476976049737986e-05
6.911792742164284e-05
7.456774002877894e-05
8.083632320965837e-05
8.377116020761777e-05
8.953078423665643e-05
9.628264148109598e-05
0.00010051299142732087
0.00010819803083697796
0.00011516771026582375
0.00012606606151089212
0.00013270404204705197
0.00014218853543931047
0.00014812931538447672
0.00015430985670904777
0.00015769500510688883
0.0001608767694706533
0.0001536853401212403
0.00015152552911191326
0.0001422851616222804
0.00013121194291432559
0.00012098731374521474
0.00010244758936291348
9.265241274116425e-05
7.804760321822839e-05
7.333867085533371e-05
6.447060137715674e-05
6.840276782290279e-05
5.910971449120281e-05
6.809343796998378e-05
5.4198605119360685e-05
6.468949884164876e-05
5.133499512652762e-05
6.470033692429893e-05
4.265346242474879e-05
5.32185029498563e-05
4.3167069903850797e-05
4.3680665424719383e-05
4.1551255971636894e-05
3.8345769888041915e-05
4.0708119057884e-05
3.208966247939431e-05
3.763139183501573e-05
2.6113553509357372e-05
3.43333407712032e-05
2.1195535370738497e-05
3.111604532791501e-05
1.9985322766397613e-05
3.0303970794850294e-05
1.9508290879713213e-05
2.430105439075657e-05
2.0263901839259702e-05
2.1136309951536824e-05
1.9154735962036922e-05
1.7732400405774535e-05
1.994919358484566e-05
1.6842036914645422e-05
2.0211078900715727e-05
1.6110812691009144e-05
1.9760216298538044e-05
1.5130294973276532e-05
1.9077536312799794e-05
1.4232399104972546e-05
1.7438004092680287e-05
1.4178084458440911e-05
1.4927508197705873e-05
1.3552289667818655e-05
1.2950235941975584e-05
1.29303391697217e-05
1.0804544297407044e-05
1.1653674309593168e-05
8.388806244546394e-06
9.523297417581828e-06
7.368667443157383e-06
7.353247952872124e-06
6.152537016671643e-06
5.910262176647951e-06
5.770714404921304e-06
5.770669123983461e-06
5.909627831308544e-06
5.992838087406831e-06
6.12424090117321e-06
6.508245983680511e-06
6.853373883172772e-06
7.1899707006991145e-06
8.025085885195828e-06
8.390018392798794e-06
9.527455915322314e-06
1.0144836599528746e-05
1.0629020024615295e-05
1.107347303934142e-05
1.1647118193027328e-05
1.2581266785381783e-05
1.3309112549817235e-05
1.4474263217048769e-05
1.4766662010618962e-05
1.4856120576047908e-05
1.4753179356868058e-05
1.4354044529048141e-05
1.4206443847872809e-05
1.3593708729111087e-05
1.3555163515472275e-05
1.3590420400886551e-05
1.3000264625024282e-05
1.2273863942278482e-05
1.2134687198625105e-05
1.3060010079732027e-05
1.5985535061469378e-05
1.7367217277550506e-05
1.4298602934089773e-05
1.3211874611470883e-05
1.3446803338767849e-05
1.580516528557657e-05
1.8850611028893665e-05
2.226753824511718e-05
2.252603668427961e-05
2.0652699854578625e-05
2.124780134151694e-05
2.2340181627173272e-05
2.6216185078736385e-05
2.9029552285937485e-05
2.4966871058912287e-05
2.0519640382343248e-05
1.671159927372928e-05
1.3533095740441797e-05
1.237374898931939e-05
1.2853475174773107e-05
1.2239328463849231e-05
1.1693087249755363e-05
1.0447843011934983e-05
1.0858496058345683e-05
1.1416219328045125e-05
1.1938029886673045e-05
1.2546226950656078e-05
1.3100983268693707e-05
1.4019370032791469e-05
1.4608354203387505e-05
1.6251034605793712e-05
1.7815262231121127e-05
1.8877912992684698e-05
1.8623672713394458e-05
1.8304975972855887e-05
1.6201366056522103e-05
1.1368635288087907e-05
6.020618249413077e-06
2.011029259663922e-06
1.80179516219587e-06
1.0306822512479545e-06
8.138836947784799e-07
6.543235321823113e-07
2.671575590617973e-07
1.3340481608035989e-07
4.792501877252984e-07
1.0024777559818535e-06
1.8364168773380024e-06
2.370355991651897e-06
2.672380209187544e-06
3.109262215928966e-06
3.198468205399979e-06
3.220434684574016e-06
3.7682887189225124e-06
4.592234585502385e-06
5.886797609363465e-06
6.4786378592779245e-06
6.8386713459101555e-06
7.11447344052157e-06
8.05532343993165e-06
8.883770146180811e-06
9.815090113131936e-06
1.0461212701275477e-05
1.0610257601954138e-05
1.0498644882387542e-05
1.0066863597195262e-05
9.939197275260005e-06
9.352282788365878e-06
8.640827424199464e-06
7.511860729356143e-06
6.556889057478934e-06
5.730955437477315e-06
4.775288011806236e-06
4.17144048603096e-06
3.854938028796167e-06
3.7714761527531556e-06
3.581955777807446e-06
3.954616993457788e-06
4.425540679896768e-06
4.942760833493635e-06
6.282690971520043e-06
7.066987127889779e-06
8.876003779027172e-06
9.37194222141246e-06
1.2047906982627421e-05
1.2296725794108003e-05
1.6733660907487162e-05
1.5003681570300952e-05
2.342488521982538e-05
1.6850899927550434e-05
3.1314278601273825e-05
1.8810554827127348e-05
3.7219746069426186e-05
2.2197158656692714e-05
4.454354375313715e-05
2.7624993354410425e-05
5.1463326069160976e-05
3.667406794302462e-05
5.68670275543713e-05
4.472696830502683e-05
6.420144191998252e-05
4.897145879760752e-05
7.226714593316298e-05
5.135169164079957e-05
8.115417905663129e-05
6.011695742993048e-05
8.583474142926616e-05
8.043734993124433e-05
0.0001010416583521375
0.00010182564820312388
0.00012155532957967308
0.00012692549913145075
0.00014420682563084594
0.00015387880352060396
0.0001650334824798494
0.00017616834037642234
0.00018533427780834062
0.00019796866335226
0.00020623517047218127
0.00021778944884814718
0.00021345879071162357
0.0002182321032821049
0.00019752026590807726
0.0001990360096847467
0.00017287113731756807
0.00017609270539023977
0.00013354603272458656
0.00013084707442489167
9.491061848592161e-05
8.962451719561799e-05
5.2448939477622945e-05
5.195030990315963e-05
4.32464727326257e-05
4.9967052523882844e-05
3.1367281390973144e-05
4.2703652974885304e-05
2.6117968671692366e-05
4.381286962063828e-05
2.3864581060648985e-05
4.429825195787178e-05
2.5793054010246134e-05
4.3850654201486544e-05
3.045973683032344e-05
4.256281063072415e-05
3.803278126660171e-05
3.8801647235034824e-05
4.186350266267413e-05
3.200814798746564e-05
4.1001390800342725e-05
2.7555169056787086e-05
3.7671569832359926e-05
2.335265053337101e-05
2.8810216521641572e-05
1.9653253954940965e-05
2.1268298698409486e-05
2.0043313395533775e-05
1.7196269906477647e-05
2.1775928153431307e-05
1.678921419068331e-05
2.0520483217324424e-05
1.7324891897447318e-05
1.9950348542311004e-05
1.8078545780876865e-05
1.888451498878317e-05
1.829150699437197e-05
1.60747491524863e-05
1.4901964613307442e-05
1.272102846041768e-05
1.167221741159851e-05
1.1634499342644608e-05
1.1283514181862154e-05
1.1395029995508002e-05
1.0952147418419776e-05
1.0636333665279523e-05
1.0162442376779955e-05
8.912952591664365e-06
8.11220967827021e-06
7.804682371661294e-06
7.419066530964763e-06
6.959034407380092e-06
6.5680893292232385e-06
6.074475490935402e-06
5.678960868059407e-06
5.463717746008393e-06
5.367531583691313e-06
5.288760487964324e-06
5.4218081114701785e-06
5.535986936605311e-06
6.51315153965719e-06
7.282933285812916e-06
7.98111006744493e-06
8.295396690401613e-06
8.513807278514391e-06
9.08781947987088e-06
8.943358788003324e-06
9.118167094530298e-06
9.069995336741673e-06
8.744469101845421e-06
8.335881527581495e-06
7.938911099522342e-06
7.4010245446354e-06
7.1031345675038825e-06
6.899179283110504e-06
6.723291678631445e-06
7.121064858527286e-06
7.186612383042514e-06
6.897853475911457e-06
7.856697546472014e-06
6.850776200575306e-06
6.67331316574952e-06
6.914805698778167e-06
7.5616896435346275e-06
8.864715542059617e-06
1.1075742236706726e-05
1.3013490645519783e-05
1.5575247391549574e-05
1.8639487881474585e-05
2.2289273927821327e-05
2.6558604835098227e-05
2.2866809126883117e-05
2.137801982506468e-05
1.833853474800591e-05
1.711588403717774e-05
1.7188478548204385e-05
1.7580925500654356e-05
1.816459629438672e-05
1.89468635324999e-05
2.008937088080074e-05
2.125547223067627e-05
2.2801632115384755e-05
2.43480621685962e-05
2.3894785781852738e-05
2.1910005721740917e-05
2.076595313622652e-05
1.9218506158456814e-05
1.788695010890382e-05
2.02894656071818e-05
2.173979325171346e-05
2.2361182891672803e-05
2.1543542181448792e-05
2.0637206733414183e-05
1.9768396701578347e-05
1.738417816524883e-05
1.4667741873793602e-05
1.2021973762806567e-05
9.398709709195006e-06
6.553468272613432e-06
4.297041092448747e-06
2.722273665676719e-06
1.9828557744367492e-06
1.7637684160766683e-06
1.914924921925374e-06
