0.00013364727902214589
1.3639324946624878e-05
6.36226987424631e-06
6.289831251670703e-06
5.96224647416936e-06
5.439507061378285e-06
4.627947219347504e-06
4.579332984309425e-06
3.929892977847063e-06
3.4861980983796692e-06
2.9520096407175175e-06
2.5106712811694924e-06
2.9967293993269383e-06
3.574622892517311e-06
4.060577724112773e-06
5.327396494957282e-06
5.198587433432487e-06
8.700792818361564e-06
6.204879471282423e-06
1.0537679662565765e-05
7.966747601069287e-06
1.4947689995407892e-05
1.0740474589689502e-05
1.9763415267501108e-05
1.6919602410872855e-05
2.3329944192617124e-05
2.5350937959693604e-05
2.6422745262980305e-05
2.8265805852668674e-05
3.0646942501990005e-05
3.443743614285678e-05
3.88189743246741e-05
4.3560168883007645e-05
4.846496292014378e-05
5.283156062383983e-05
5.356544560252232e-05
5.226311781285914e-05
5.047003484940523e-05
4.8874691849524115e-05
4.698520061012302e-05
4.8610843104451546e-05
5.146241360965854e-05
5.528220425194281e-05
5.877351599935188e-05
6.258076102275758e-05
6.922949836171859e-05
8.173900735540395e-05
8.933761274184552e-05
9.43653211414525e-05
9.942700620882707e-05
0.00010753475129852554
0.0001116533055195275
0.0001199853499673784
0.00011775768873150004
0.00011912639498191124
0.00010152126670045974
9.43176982825339e-05
5.6545040892215464e-05
5.4975448317113625e-05
2.914653501565082e-05
3.221864284931457e-05
2.009561067341812e-05
2.7336606412356003e-05
1.7347089410106494e-05
2.507543268172539e-05
1.5831201853064023e-05
1.9493556379024197e-05
1.1498959594660964e-05
1.519267851933987e-05
6.644134866983636e-06
1.238415770960253e-05
3.575168429251834e-06
1.2844459711936877e-05
5.020898529862284e-06
1.3944468151287168e-05
5.858535834384814e-06
1.8753637735581976e-05
1.1284828338607911e-05
2.2902899930484684e-05
1.7017810352467993e-05
2.0664444132876042e-05
2.3533496547109958e-05
2.0893040848429627e-05
2.2307047598119275e-05
2.007189932034586e-05
2.0425154253614803e-05
2.1177031562851044e-05
2.2767798363206017e-05
2.200820981611838e-05
2.2197116411083384e-05
2.0332328281771898e-05
2.586745760996527e-05
2.9414249672679016e-05
2.955392775836323e-05
2.895254288020066e-05
2.629570901286401e-05
2.440550620453877e-05
2.1497496089809925e-05
2.052714124838893e-05
1.914586025360551e-05
1.934236026370443e-05
1.770698747931549e-05
1.573441622732143e-05
1.3197061018579428e-05
1.2330682936471605e-05
1.1462651591769662e-05
1.137353648901388e-05
1.1365902905268347e-05
1.0286273805140425e-05
8.41602104750984e-06
6.603319079182972e-06
4.629024299188051e-06
4.666763785539752e-06
5.136729957037796e-06
4.678722459165044e-06
3.6617681786511835e-06
2.3533273594780834e-06
1.0909056343754782e-06
5.261821270883641e-07
2.33252809119479e-06
8.702390930726488e-06
1.7882579844195404e-05
2.0857669161980716e-05
2.907287371307532e-05
3.3429582782796916e-05
3.7260249208984163e-05
3.869858184529098e-05
3.7684870742771154e-05
3.827434847323628e-05
4.254206203317154e-05
4.605617176356996e-05
3.800087632844996e-05
3.253873414638038e-05
2.5840205948578974e-05
2.2860132924488644e-05
2.1534176143390293e-05
1.5989199774933533e-05
1.4448313690674617e-05
1.4846882378853577e-05
1.5122334872276957e-05
1.681868013878286e-05
1.895192415306744e-05
2.3471851487297872e-05
3.351202186377941e-05
3.960022441379359e-05
4.1017192522577955e-05
3.805732401299694e-05
3.202639901216032e-05
2.2440412619903867e-05
1.6583910879306732e-05
1.4527048419378478e-05
1.270351424720557e-05
1.1287274711293729e-05
9.730998382539324e-06
7.4835981711825365e-06
7.54325053320663e-06
7.777752236797114e-06
6.7848181926611835e-06
6.436583284169026e-06
6.662431255115855e-06
7.519076842187775e-06
9.192621394014114e-06
1.0219530232266302e-05
9.756599805323664e-06
9.390559884333302e-06
9.593416491369121e-06
9.424170299527738e-06
9.279109015580514e-06
8.693924852061976e-06
8.26962742910124e-06
8.851697879021081e-06
9.795542952729831e-06
1.0952839440898848e-05
1.3462680088981752e-05
1.598161504385161e-05
1.8625486753612228e-05
2.1587384333248307e-05
2.486945685108555e-05
2.8449538519505036e-05
3.220203895144682e-05
3.348641170146477e-05
3.63405861241973e-05
3.997282950149213e-05
3.653130881592316e-05
3.4749687440047814e-05
3.251994588837871e-05
3.0771889275713506e-05
2.9008428240816686e-05
2.729011327990737e-05
2.6474380773088777e-05
2.7033561144896466e-05
2.879267847642675e-05
3.1099361182404306e-05
3.345529987155707e-05
3.5695804011955595e-05
4.027634855931677e-05
4.869497948450649e-05
5.6121107366841885e-05
6.309997202547625e-05
6.76903236704572e-05
7.195635732910763e-05
7.826897950908779e-05
8.191752899155147e-05
8.468519623237438e-05
8.679839974400782e-05
8.886703894351951e-05
7.874929891546617e-05
5.57464328019456e-05
4.208089334236911e-05
3.624764497388786e-05
3.2500325011805565e-05
2.6898328662737222e-05
1.8869232132239746e-05
1.7395601850739404e-05
1.1277108275064843e-05
1.4085639856859772e-05
1.6452944968811704e-05
1.2987977511905079e-05
1.9935889654742065e-05
8.989383629139853e-06
2.1832127313135454e-05
6.236102915980025e-06
1.9195702885123435e-05
4.864400843279678e-06
1.4976313666769221e-05
3.946053515742516e-06
1.1840620539182471e-05
3.541629895039026e-06
1.8127924435185273e-05
1.5214737477536311e-05
2.477970089645548e-05
2.524309320593577e-05
2.747686704628914e-05
2.5980792767969725e-05
2.507141891264009e-05
2.0381122870980423e-05
1.931908442316223e-05
1.7130073698087618e-05
1.700098413998269e-05
1.6020543272638324e-05
1.6077173665737216e-05
1.6744624700809342e-05
1.734733653983923e-05
1.8370431178353406e-05
1.702382353170443e-05
1.880923379968808e-05
1.565475928883337e-05
1.5363195370702538e-05
1.3872309215982582e-05
1.2598117657473002e-05
9.98342773742398e-06
8.04120635819963e-06
6.563522945715692e-06
4.991513738869908e-06
3.909560345500913e-06
3.2950714554063093e-06
2.9142744911222676e-06
2.737762863165201e-06
2.6600881322694716e-06
2.370810913573216e-06
1.7096931657959077e-06
1.2394844653344497e-06
1.5046416695285098e-06
2.6888264562654354e-06
3.828251914611305e-06
6.281544318271413e-06
8.821555646285252e-06
8.604793050511597e-06
7.90786390386859e-06
8.134530107307853e-06
9.033284604960453e-06
9.976034697940775e-06
1.1712905193345761e-05
9.142241546650687e-06
7.574742495286318e-06
7.773180745970984e-06
1.2727451948697822e-05
2.149194523387217e-05
2.207206050426664e-05
2.732718026961466e-05
2.7526471819850124e-05
2.269448536828687e-05
1.8854472034360925e-05
1.4739757409551287e-05
1.3495190204391334e-05
1.4013791439963499e-05
1.6394286274199705e-05
2.6372294951572997e-05
2.8651674945930418e-05
2.938650784136622e-05
2.8116168536233146e-05
2.659792907418753e-05
2.546212123070037e-05
2.526412453054344e-05
2.4197627812658542e-05
2.3169170759401347e-05
2.2603130748920432e-05
2.096009170957993e-05
1.9856467728847408e-05
2.0120388904798682e-05
