2.9614702134534973e-05
2.599313915316549e-06
1.1288349608185437e-06
2.3131689143153853e-06
3.036435200312277e-06
3.823621440725987e-06
4.9239164685156385e-06
5.886113219993555e-06
6.381951898578567e-06
6.649241917964398e-06
6.8581615441284704e-06
6.97425355378782e-06
6.8115233946428996e-06
6.54793053956458e-06
5.733440808723421e-06
4.983959116979855e-06
4.264028714389694e-06
3.4003817245152407e-06
2.48364620429987e-06
1.7493950776146975e-06
1.7630569307006355e-06
1.7853542444550756e-06
1.7071961710798402e-06
1.6052828339252484e-06
2.099355676781149e-06
2.7618243834402725e-06
3.82167453455461e-06
4.481567475972712e-06
6.8402708044318665e-06
6.38879082067896e-06
9.57326791905673e-06
8.55334844742902e-06
1.2318335615493028e-05
1.0820907243569416e-05
1.5242047553603732e-05
1.283582515818872e-05
1.8596877025032343e-05
1.5544185041768514e-05
2.3393286706914277e-05
1.8209609835377585e-05
3.066051343657931e-05
2.0763387688042925e-05
3.897753893457579e-05
2.395229802938234e-05
4.372422252720874e-05
3.0846143786301193e-05
4.8073213589509474e-05
3.722826802142355e-05
4.901120344568586e-05
4.4186409112380556e-05
5.506134044038069e-05
5.23844457721951e-05
6.27979937581516e-05
6.317665805309985e-05
7.149179781875709e-05
7.171925155705089e-05
8.016911553436626e-05
8.08405343789572e-05
9.456742390353473e-05
9.364742065582629e-05
0.00010300855301221033
0.00010813537592459262
0.00011417639360242759
0.0001239418109921908
0.0001342421079276041
0.0001444080443551352
0.00015257591696386303
0.00016175955433516144
0.0001671234179350481
0.00017109020994681519
0.00017483043218489473
0.00016786905377554374
0.00015959920632195796
0.00013989294568636843
0.00013039825487286836
0.00010808330572123698
9.946270850959065e-05
7.665827886863537e-05
7.774400697717137e-05
6.350072382541037e-05
7.533264450095586e-05
5.608799605090257e-05
8.201925293581943e-05
5.230879828461097e-05
7.755912163269626e-05
4.51561131227171e-05
6.586898659085815e-05
4.2418996652365806e-05
5.222615771161788e-05
4.002782344998419e-05
4.239942520305892e-05
3.720736330416851e-05
3.5917279388479605e-05
3.4933793186137945e-05
3.0883565842760385e-05
3.230197658021935e-05
2.5284554345722473e-05
3.0512364078018857e-05
1.930397261509803e-05
2.7706073098579228e-05
1.924281824736356e-05
2.793807335950773e-05
2.0073326000430826e-05
2.454903555854446e-05
1.9801915122555895e-05
2.223702829068647e-05
1.849168815320458e-05
1.8857733244624028e-05
1.9930642116192907e-05
1.7677080017422362e-05
1.9327825860144675e-05
1.6529357782343595e-05
1.9408818203453755e-05
1.5047882137837405e-05
1.8836685454740664e-05
1.5231305415929682e-05
1.662974713292711e-05
1.4443347125512446e-05
1.4241251313996873e-05
1.4339598690006458e-05
1.1940015170983621e-05
1.2545666470366704e-05
1.0063117386372068e-05
1.0551805783725566e-05
8.582986237283037e-06
8.031112602378888e-06
7.164427230421197e-06
7.059326747755544e-06
6.945723638403453e-06
6.720992611396877e-06
6.834702471347545e-06
6.769480055271815e-06
6.84635044331623e-06
7.345259655432815e-06
7.598000886087874e-06
8.161900436298947e-06
9.273156609274186e-06
9.472134172100547e-06
1.0805703731591573e-05
1.1357979237295758e-05
1.2038738210923809e-05
1.2795216333395911e-05
1.355633798609958e-05
1.4614779817755987e-05
1.4579224497064048e-05
1.475102334421623e-05
1.4940128554578338e-05
1.4821723214779797e-05
1.4578743388934576e-05
1.4285332731882126e-05
1.400907484863824e-05
1.4007957610779274e-05
1.3042123283849226e-05
1.2385562173360775e-05
1.2507734028413443e-05
1.3134185424461401e-05
1.5373211169039527e-05
1.741748373799851e-05
1.5922036317215712e-05
1.4353424474303393e-05
1.456289539752511e-05
1.678087567298025e-05
1.9622485380249847e-05
2.2610378592953427e-05
2.023084650993352e-05
1.9531129333484667e-05
1.953850579742921e-05
2.315440099363246e-05
2.8945790531265318e-05
2.7518436045705568e-05
2.3825189453320866e-05
1.956926369822371e-05
1.6233890459050034e-05
1.399685106299209e-05
1.3805347779644727e-05
1.4821725495287563e-05
1.56933356905816e-05
1.3455384548610288e-05
1.533391983136766e-05
1.4937961351225347e-05
1.4477978416025957e-05
1.280569983693817e-05
1.308822915430602e-05
1.4074331177022437e-05
1.5672251608920827e-05
1.762366100515392e-05
1.8995066605042696e-05
2.029457878904396e-05
2.0576752387120618e-05
1.960721576298281e-05
1.7090597313129436e-05
1.4300595990912918e-05
9.397381726142888e-06
4.097209292359432e-06
2.1308029562534066e-06
1.5148178361181058e-06
1.2216421577430641e-06
1.1200437695077113e-06
5.627995598739137e-07
2.56785357803228e-07
3.9567872494494565e-07
1.0717329333775027e-06
1.9995019630243553e-06
2.328149976298823e-06
2.7371665459284865e-06
2.775710736205316e-06
2.7393534652435364e-06
3.5345095384160243e-06
4.60218749997447e-06
5.520364541192954e-06
6.292599807933212e-06
6.831402921623783e-06
7.940300595797812e-06
8.030680562867012e-06
8.698246594077959e-06
9.320526751874562e-06
9.417523555851293e-06
9.563557035490887e-06
9.771910962036524e-06
9.387493359756196e-06
8.657390762034393e-06
7.528185812544373e-06
6.464854939724691e-06
5.403055291902345e-06
4.788698790549329e-06
4.312325307372697e-06
4.094381634475653e-06
3.933156001846559e-06
3.682409946913605e-06
4.071269939890841e-06
4.372435641915369e-06
5.279319515659893e-06
6.561043066231286e-06
7.772072471805703e-06
9.29352386120692e-06
1.0941787466863197e-05
1.2474160110695707e-05
1.4379411947029291e-05
1.6190540669125416e-05
1.933473268195832e-05
2.021879386325014e-05
2.4996580268186873e-05
2.427475829352752e-05
3.155760185634488e-05
2.889156431785284e-05
3.7941472308238026e-05
3.362947079815377e-05
4.91920044800534e-05
4.064412132680655e-05
5.7026153380121835e-05
4.730111775315514e-05
6.196306894540603e-05
5.597327875568824e-05
6.777589628127501e-05
6.340416110961814e-05
7.361144166883536e-05
7.183733460570315e-05
8.040949677313518e-05
8.482984019099304e-05
8.996353174527796e-05
9.641124737340808e-05
0.00010416086380721196
0.00011425883538097683
0.00012477987860629996
0.00013503888154271185
0.00014519207963485705
0.000156182874743192
0.00016642562674530119
0.00017801535497982527
0.00018854386833015932
0.00020130941047916476
0.00020406202115189358
0.0002066950853741032
0.00019821926027700667
0.00019667597236492385
0.0001764535203208957
0.00017140549114775248
0.00013129981792279279
0.00011795936551488813
7.244601937422864e-05
6.723231194932047e-05
4.6160604310084367e-05
4.459758782980028e-05
3.440533920477512e-05
4.166499803835933e-05
2.605683750152913e-05
3.957788680814156e-05
2.1054997094648216e-05
3.876936788896939e-05
1.999655450881236e-05
4.0682636937854484e-05
2.023526557084862e-05
4.148200755757163e-05
2.6193697076725794e-05
3.872701065919418e-05
3.3280536824878475e-05
3.592991681659742e-05
3.875161960650584e-05
2.8528745580671385e-05
3.494740934375061e-05
2.3491222296913586e-05
3.255910702146925e-05
2.00211594533857e-05
2.4634603852513492e-05
1.9343318112175373e-05
1.994384090890311e-05
2.1399149981130694e-05
1.755348395669543e-05
1.9863290689236546e-05
1.8847467497693638e-05
2.054994262816051e-05
1.9796476309383697e-05
1.961676177506758e-05
1.8856826828938558e-05
1.6921005495631175e-05
1.4660507556055274e-05
1.261814412667087e-05
1.201113554467778e-05
1.1802974669330628e-05
1.1466220572742937e-05
1.1545363657149177e-05
1.1333782653142322e-05
1.0564370548559365e-05
9.644158495914308e-06
8.47899527304964e-06
8.256359815387778e-06
7.798561757258836e-06
7.324952425412882e-06
6.6272709043730625e-06
6.277434905889166e-06
5.802829269527257e-06
5.370870147529901e-06
5.059966938284336e-06
4.838780556419118e-06
5.1011375400922465e-06
5.848865781135524e-06
6.4277328090232835e-06
6.801803101834909e-06
7.060128430151795e-06
7.374997271127078e-06
7.743103297908259e-06
8.084095677147975e-06
8.794030721812997e-06
8.594643678157076e-06
8.848474873793675e-06
8.466487951214488e-06
8.279552287828577e-06
8.02598013263558e-06
7.805149131249856e-06
7.832337125864826e-06
7.998454670292864e-06
8.192008666112386e-06
8.407068007308922e-06
8.475374645929874e-06
8.483808076289483e-06
8.252589011133663e-06
8.468225546614804e-06
8.11853734688625e-06
8.620351180480216e-06
1.042746340665397e-05
1.2395207323443517e-05
1.4751339446023981e-05
1.7700960578768617e-05
2.145240992587933e-05
2.518498380087666e-05
2.148297632702573e-05
2.107909233911513e-05
1.8994998864511023e-05
1.9647419035305637e-05
1.9444457861747816e-05
1.975630447036599e-05
2.0441593160540467e-05
2.1013833083575303e-05
2.19066499526165e-05
2.3645106228305955e-05
2.5222336978801454e-05
2.3928830840648937e-05
2.2138249306267393e-05
2.017839229959842e-05
1.8806490637048922e-05
1.8400150245442308e-05
1.9637509103896127e-05
2.16411486654194e-05
2.3381503270191155e-05
2.3172423338183676e-05
2.2198432913229963e-05
2.257662636157227e-05
2.0326583132364886e-05
1.6587427049314655e-05
1.316453579375592e-05
1.0566458249243835e-05
8.65745743180459e-06
6.640080905647309e-06
4.454867345813199e-06
2.4704781848428392e-06
8.558194722853735e-07
