0.00035451349602239626
4.557256354573937e-05
1.541051847368812e-05
1.3148791927250695e-05
1.1420040974634427e-05
9.743705493688396e-06
8.295542708940087e-06
7.56694284778326e-06
7.211213563120018e-06
6.93053678804381e-06
6.78640756851773e-06
7.893747828527402e-06
6.341135719090428e-06
1.3341836992945469e-05
9.271419392672281e-06
1.793066933288375e-05
1.4371997947809001e-05
2.332248162019053e-05
2.0625511501564235e-05
2.0627418708976363e-05
1.886376585566405e-05
1.9239199897591962e-05
2.3124405809137122e-05
2.8600049340708288e-05
3.348326997204047e-05
3.691266831871074e-05
3.970941920486392e-05
3.794733597983579e-05
3.700032134904307e-05
3.585853542688078e-05
3.6249905470294566e-05
3.601874535401121e-05
3.471042038922045e-05
3.292042029215551e-05
3.492548840352439e-05
3.710773465474013e-05
4.153574476233135e-05
4.750500927473362e-05
5.780482354739729e-05
7.428752600108351e-05
9.236359665082657e-05
9.52896102560893e-05
8.84913187484492e-05
8.571228074756332e-05
8.093386093019693e-05
7.396248011683054e-05
5.5259425020784044e-05
3.820330069624932e-05
2.196586146500339e-05
1.7690981934891364e-05
1.3874559916786428e-05
1.5135797132777942e-05
1.0378345626184898e-05
1.663587088140324e-05
1.2342400195087482e-05
1.5438466050744424e-05
9.332356566497887e-06
1.0416115971142306e-05
5.893472631591234e-06
8.14779700307999e-06
1.6241074609252077e-06
7.817224288732506e-06
7.56600910912053e-07
8.377327967860914e-06
5.810244956521779e-06
1.228664671897516e-05
1.123263969687386e-05
1.1527085686580454e-05
1.0315853029840119e-05
1.5232323711255893e-05
2.023053591206079e-05
2.6138226115416887e-05
2.7746881460561343e-05
2.6564817487611843e-05
2.5697665548624894e-05
2.3477531095190184e-05
2.2021597009786345e-05
2.455049023448293e-05
3.273486432473651e-05
4.65066392718697e-05
5.1820799761724025e-05
4.7939182628393626e-05
3.968336115058417e-05
3.354324175910475e-05
2.8417268188911338e-05
2.5997208085437636e-05
2.4453701412085485e-05
2.550102905496449e-05
2.8010414688800925e-05
2.896006161182369e-05
2.4246136177493836e-05
2.183488347483182e-05
1.8482875845406492e-05
1.6696400860583084e-05
1.5684296367922426e-05
1.5430351217914984e-05
1.5847705251681357e-05
1.7522003301911746e-05
1.681875124827862e-05
1.4566948987204244e-05
1.2717927577603164e-05
1.5083383394558825e-05
1.5735636201912242e-05
1.7720727921704053e-05
2.8751549557478476e-05
5.324364420656318e-05
5.733981478044627e-05
5.260457766849461e-05
4.544856851128921e-05
3.761538388242407e-05
3.876911293892399e-05
4.459522192101273e-05
3.1654727919508394e-05
2.4055487350767638e-05
2.065733931829561e-05
2.005168030057118e-05
1.673738698143897e-05
1.701636635187342e-05
1.791202324831453e-05
2.328038855011379e-05
2.8464666315398494e-05
3.654163833091356e-05
4.962723706798427e-05
5.9681444570779604e-05
5.392147904175902e-05
4.928295420264699e-05
3.757188732688963e-05
2.6593665378194912e-05
1.9742507111120506e-05
1.5726132609818795e-05
1.5597685146796614e-05
1.4831251836200794e-05
1.600133598908846e-05
1.5316456946619388e-05
1.4836248535812978e-05
1.4940461621961387e-05
1.4904101695093888e-05
1.4061107290669206e-05
1.337448274402312e-05
1.0702891410498562e-05
1.006277108085896e-05
8.988256846605133e-06
8.964632641421178e-06
1.054679916494405e-05
1.3743970503821803e-05
1.4954405446978021e-05
1.8835904232748907e-05
1.9702874040404528e-05
2.5556675189103982e-05
2.60299154092694e-05
2.8653215402411794e-05
2.8012444210388314e-05
2.7089360031877264e-05
2.7544030332662867e-05
2.370380124977579e-05
2.0090787363130196e-05
1.7606945346415454e-05
1.5563030954226158e-05
1.4575011522734934e-05
1.4902514339972066e-05
1.4578005896027785e-05
1.491225713707096e-05
1.6079264048895504e-05
1.7502176256514175e-05
1.9659629399413348e-05
2.2844925898108618e-05
2.802591490340261e-05
3.767163587953457e-05
4.497676905334171e-05
5.16285474647671e-05
5.270024017813835e-05
5.132148913173099e-05
5.134400801461779e-05
4.599864745765716e-05
3.6121461136516195e-05
2.3984417156359077e-05
1.8742817449331774e-05
1.6140545156023644e-05
1.9438776982471227e-05
2.3545386609712355e-05
2.6102981253684208e-05
1.8481351807049965e-05
1.3150836656647286e-05
1.1916547349097367e-05
7.622511044961388e-06
5.99842602534917e-06
3.859918583438083e-06
2.408638250918566e-06
2.4056246869514766e-06
1.7118805298970797e-06
6.221288057293169e-06
4.46801644857959e-06
9.556431194128808e-06
6.652117877818665e-06
9.951522627571384e-06
1.2065276163712973e-05
1.5580109910267428e-05
1.771481903815716e-05
2.1339720267072636e-05
2.473366389574992e-05
2.7679156407446995e-05
2.5705946502690994e-05
2.1091147791461356e-05
1.8543260151127354e-05
1.6917904351916823e-05
1.6996722286855893e-05
1.5626762992685196e-05
1.5574370482596638e-05
2.0669030551008885e-05
2.8367672655553343e-05
3.330075023365911e-05
3.112575487966246e-05
2.9116407885695882e-05
2.32073083951773e-05
1.7981488643691756e-05
1.365856991840429e-05
1.1518372214595616e-05
1.0039131060439956e-05
1.0039696592324067e-05
1.212774775078587e-05
1.479858104702413e-05
1.7771226377773464e-05
1.9259861845707888e-05
1.781174409878348e-05
1.591440867775116e-05
1.3375688281310621e-05
1.055276883079178e-05
9.576156761261989e-06
8.98498239322028e-06
8.666742765791083e-06
9.853084418998563e-06
9.754164615211971e-06
8.637474700232882e-06
8.651113709748417e-06
1.1711926202143544e-05
2.0073521543961846e-05
2.6970004541692442e-05
3.0328939113681038e-05
3.5293338293889174e-05
2.7550832220107862e-05
2.7977628029225233e-05
2.7040503313908138e-05
2.5300549545740814e-05
2.221072411621237e-05
1.925392286377438e-05
1.7430411312892282e-05
1.8223181731931205e-05
1.8740270098001047e-05
1.8536776083755854e-05
1.885078015186059e-05
2.149870217742038e-05
2.5180286920299215e-05
2.9810848472625354e-05
3.499608233804897e-05
3.818477694493266e-05
4.0487848806776304e-05
