0.001250970961206777
0.00023172874829403373
6.17021999144346e-05
3.030252786346865e-05
2.1685021463809744e-05
1.6680241075946426e-05
1.2982735552286313e-05
1.2161842997185113e-05
1.310242499861468e-05
1.7521536131022404e-05
1.642515011257117e-05
2.834541287212562e-05
2.422028602666263e-05
3.9241489591098714e-05
3.3736328355535934e-05
4.1445564594671776e-05
3.739282457864332e-05
3.137284937418746e-05
2.6748006149232042e-05
2.3235034702308156e-05
2.3615044914340554e-05
2.734933681780167e-05
2.6949803966529413e-05
2.6837172466797358e-05
2.4944350372297406e-05
2.706898742026771e-05
2.8710708297979846e-05
3.183811099642325e-05
3.2044896023462085e-05
2.971853418903171e-05
3.020877159027695e-05
3.2812252319241866e-05
3.449729576699458e-05
3.9029124686651244e-05
5.146876280265525e-05
5.4325661009594424e-05
4.946408284580755e-05
4.5289594163579766e-05
4.0586087284586243e-05
2.257716002405901e-05
3.227102268147778e-06
1.698954759595665e-06
1.3645640837504152e-06
5.638697779989956e-07
4.7681968939672163e-07
1.8041550844529052e-07
6.635117121991319e-07
2.328928955076902e-06
4.490549484695192e-06
6.293450953179313e-06
8.80579187053992e-06
9.820901903621105e-06
8.734547344565504e-06
7.295486065943738e-06
7.674488847264502e-06
5.37577008419477e-06
5.853926968475658e-06
4.809683824538948e-06
6.406995544862434e-06
7.714560284856829e-06
9.41073648433511e-06
1.298922221370161e-05
1.6321989608833378e-05
1.8353563593914707e-05
2.0517254299904763e-05
2.210899470055878e-05
2.1693448287667692e-05
2.308810106640616e-05
2.730718579230636e-05
4.621661245625346e-05
5.309153577315599e-05
4.7844183973285904e-05
3.947614832596201e-05
3.27167621109696e-05
2.6274754869950883e-05
2.224450980717564e-05
1.98168918055396e-05
1.7226132110909795e-05
1.4133269454718868e-05
9.592522587949518e-06
7.192020158609248e-06
7.385482015560493e-06
8.378173361204203e-06
1.2115502751284692e-05
1.308205723747776e-05
1.5014640552251112e-05
1.7932409550428253e-05
2.3313740803964835e-05
2.0332331625845123e-05
2.0331013664152694e-05
2.343053458642938e-05
5.347882723121719e-05
8.783228927515421e-05
7.874200942968511e-05
6.905294576528811e-05
5.8111240430019406e-05
3.96318237424361e-05
2.9961781844544832e-05
2.8880033703652114e-05
2.5934309081832535e-05
2.2041992224056682e-05
2.915638313075713e-05
3.509592932922185e-05
3.407841420781302e-05
4.078385180273572e-05
5.6033747407997916e-05
8.150208407306891e-05
8.797254233451003e-05
7.697046725408731e-05
6.113879923541712e-05
4.3617264572107684e-05
3.422695280468685e-05
3.0037789131081905e-05
3.2499058689857595e-05
3.366836569842375e-05
3.751947093699445e-05
3.9595160285955064e-05
4.04936243365051e-05
3.7619781948736095e-05
3.247027260928847e-05
2.6726150225155176e-05
2.2392908408804788e-05
2.1257400049762075e-05
2.093951803454203e-05
2.5273925407761173e-05
3.537208924907059e-05
3.908030178742304e-05
5.0167589789321686e-05
5.194979674747206e-05
6.171968446799504e-05
5.76518785508853e-05
4.518374534162492e-05
2.880286196675663e-05
1.619429022412586e-05
1.551025402383855e-05
1.1812023938202052e-05
8.783834963317717e-06
9.300045432797512e-06
1.151074029677445e-05
1.3699402702399346e-05
1.4970627103121642e-05
1.5653373394429245e-05
1.6703283528535183e-05
1.8214303964705144e-05
1.896331846296804e-05
2.127434563539921e-05
2.3284752785195354e-05
2.5524978279377595e-05
2.5306720691986664e-05
2.469763622393351e-05
2.022531893854586e-05
2.0617964608169862e-05
1.6575531269166602e-05
1.885436725789255e-05
9.693229788844208e-06
1.0330303915395538e-05
6.307839538220367e-06
7.887086724913866e-06
5.88579228199542e-06
5.6048370205943005e-06
1.9865425175163017e-06
2.014711081110301e-06
8.605337075123998e-07
1.184472558729494e-06
1.1807418807556466e-06
1.276482509985505e-06
4.417648059385854e-06
2.829001874935028e-06
6.880631162973701e-06
6.130397921480495e-06
6.084785681987147e-06
6.637509239580064e-06
1.042516450951327e-05
1.3795433853902324e-05
1.4255192021454538e-05
1.440120886368973e-05
1.6502273858118985e-05
1.6600988543358086e-05
1.3794737381910805e-05
1.3826696955138072e-05
1.3086696946926848e-05
1.5952607958130943e-05
2.4367107419759122e-05
3.697956335518793e-05
3.177934136729368e-05
2.834622117980661e-05
2.5586710994421567e-05
1.828619002839833e-05
1.4908453803363396e-05
1.373790607857633e-05
1.8217002612820732e-05
2.0949937547971426e-05
1.995570274016204e-05
1.902714068793509e-05
1.7192040103787245e-05
1.561434510069214e-05
1.4678997430395047e-05
1.3139300114827918e-05
1.013450569421726e-05
7.577727687419899e-06
7.234090877433861e-06
6.3530670875492415e-06
6.2869371968846875e-06
8.118201299635409e-06
1.9005260341868518e-05
3.125031661768414e-05
3.986015617917516e-05
4.959537862458492e-05
4.556302853717768e-05
4.0098439402311684e-05
3.5124525356580475e-05
3.007412906611121e-05
2.465147181007341e-05
2.2714760854021422e-05
2.4426643584168776e-05
2.3182270933671764e-05
2.0914307038251462e-05
2.323547440673747e-05
2.6870921678207424e-05
3.065141173481192e-05
3.6004400509121435e-05
4.29118222528564e-05
