0.0004873779843259519
6.733823781760876e-05
2.0014900946620173e-05
1.536136772172527e-05
1.3230505492622841e-05
1.0255326366020825e-05
8.215347904346052e-06
7.654121617270482e-06
7.326594480882383e-06
7.229232096276252e-06
7.433960220258148e-06
8.286644358824976e-06
1.0470193657392326e-05
1.2624148018200051e-05
1.4974118662595687e-05
1.9073486920656165e-05
2.2534486261121753e-05
2.574119956319506e-05
2.4891459627715038e-05
2.164547566463695e-05
2.0126608323115632e-05
2.110485015316729e-05
2.6722211262716975e-05
3.3344643661860286e-05
3.862591715066886e-05
3.80254222193974e-05
3.4873909960714286e-05
3.408746156642628e-05
3.345617935313797e-05
3.3547818899881434e-05
3.407917847627019e-05
3.334528400175477e-05
3.199638629344803e-05
3.4128053617462835e-05
3.6765957340751064e-05
4.032688116593452e-05
4.5984450383328795e-05
5.5516265418076164e-05
7.573096538377632e-05
9.282443286338002e-05
9.217780812874607e-05
8.39958140993845e-05
8.009314312647223e-05
7.391095582962853e-05
5.675519588063065e-05
3.621981148464975e-05
1.893940968465344e-05
1.3088032697047488e-05
1.1198188882965279e-05
9.852912190145918e-06
7.875928621825857e-06
6.803683038321023e-06
6.299688326330415e-06
5.1547084587409615e-06
3.7390142112437923e-06
2.349775399323486e-06
2.587206178510342e-06
2.518805270807532e-06
3.003033538463749e-06
2.7861545173935804e-06
3.820086345212484e-06
3.090464539524388e-06
7.042562758527635e-06
8.83393440827415e-06
1.1933470547584166e-05
1.0461882919438174e-05
1.0916040478055468e-05
1.2974319643669035e-05
1.7844388525171932e-05
2.411698873923244e-05
2.710222169552415e-05
2.7173982308313357e-05
2.573987484005375e-05
2.393826639548657e-05
2.2890628938934667e-05
2.5238108838681755e-05
3.4935411579419726e-05
5.16243554956733e-05
5.705853750778934e-05
4.405512631355472e-05
3.996415778632644e-05
3.0887631961843856e-05
2.8453851335338055e-05
2.449475952648109e-05
2.45880279355954e-05
2.6667264009467453e-05
2.823685183480696e-05
2.2827089380538496e-05
1.9388004997942257e-05
1.6248144535874325e-05
1.4447172292909964e-05
1.3833261549115226e-05
1.535188593688615e-05
1.6052905644822747e-05
1.612661650542162e-05
1.5268755297111018e-05
1.361228602891803e-05
1.3370407443104857e-05
1.562783867655807e-05
1.4003580653901939e-05
1.7928462785839437e-05
3.067501532561117e-05
5.830272057885091e-05
6.292873935778207e-05
5.803572083477899e-05
4.949451659212001e-05
3.8998329817376286e-05
3.8821682133963904e-05
4.1529819842258096e-05
2.9019739251947053e-05
2.273425669475334e-05
2.076644200227349e-05
1.930087247009949e-05
1.863828328465875e-05
2.0228478340417843e-05
2.1300721395630335e-05
2.730925752391315e-05
3.555987745575354e-05
4.811577150562974e-05
6.285341208958057e-05
5.804745175209593e-05
5.322537198497782e-05
4.191017509568293e-05
2.9151215234685502e-05
2.380727272276837e-05
1.7289444267780228e-05
1.6514108309633694e-05
1.714753504945112e-05
1.811453854838055e-05
1.748515888626884e-05
1.71731256932932e-05
1.7861535162294376e-05
1.762243590469458e-05
1.620530075398372e-05
1.4494038583310138e-05
1.1565007999766031e-05
1.0281944697844932e-05
8.840953390434001e-06
9.187645690415071e-06
1.0883760790790176e-05
1.653948010608795e-05
1.719223867473837e-05
2.2960988196152783e-05
2.619426138781209e-05
3.0159816396284675e-05
3.109137505816785e-05
2.833304280599714e-05
2.6702430518651744e-05
2.8159960945366874e-05
2.546828920962916e-05
1.9890697748695987e-05
1.6895012515147152e-05
1.5060910957235356e-05
1.3020862734176594e-05
1.4122633066132656e-05
1.3709550969097676e-05
1.3967645703913247e-05
1.530021222073747e-05
1.6498239136176007e-05
1.855094263660319e-05
2.1505559239528795e-05
2.5909921411864083e-05
3.426250107323541e-05
3.8904546242871186e-05
4.371569814904072e-05
4.609609429911305e-05
4.865207233855915e-05
4.7516414708377844e-05
3.945111519959903e-05
2.9111938956551328e-05
1.9749488523891292e-05
1.5070111845122927e-05
1.2776422152329542e-05
1.4983934399390097e-05
1.9794397657941393e-05
2.0986160465382794e-05
1.768742907970908e-05
1.3525253300220381e-05
9.916172599753483e-06
7.455139137875024e-06
4.410797000546192e-06
2.5359617900598976e-06
1.2640861840129037e-06
1.6661927629753462e-06
4.430027506139981e-06
4.28726782791224e-06
6.666396620224973e-06
7.224771072395558e-06
1.0288183448667881e-05
1.0175159761550702e-05
1.3694831535634713e-05
1.6663781622540203e-05
1.837287377128144e-05
2.207733181221452e-05
2.585642312823072e-05
2.7269546726494416e-05
2.2335773694807134e-05
1.9597296018033394e-05
1.75363749231041e-05
1.625399785302824e-05
1.486609262146228e-05
1.518359785898591e-05
1.9546311825650305e-05
2.851535314321489e-05
3.6214753803094566e-05
3.3858356004839744e-05
3.1269408297722944e-05
2.251777517150027e-05
1.7937725818374154e-05
1.3106724335223425e-05
1.1750337379303386e-05
1.05081929569626e-05
1.2113723571944859e-05
1.5289094931614617e-05
1.8452213864134666e-05
1.9638815751147673e-05
1.7862191003602457e-05
1.6580370792218537e-05
1.541935017580706e-05
1.3173953409611221e-05
1.0409077556255705e-05
9.216729164134528e-06
7.81848834835322e-06
8.569216890368713e-06
9.143037406806758e-06
8.636994650814428e-06
8.149156932074695e-06
1.056969415755121e-05
1.917841043326382e-05
2.7539578683624072e-05
3.126801141216381e-05
3.739523218558097e-05
3.0301363668613256e-05
2.734211187937408e-05
2.6922346659646366e-05
2.5615500575358787e-05
2.2187641874956398e-05
1.84870857168138e-05
1.7069152574692998e-05
1.788037194535258e-05
1.882678812245929e-05
1.9337470632767636e-05
2.0992140951157835e-05
2.448632314813886e-05
2.6965643362143914e-05
3.102203049228594e-05
3.6127484842442e-05
4.112901593354562e-05
