0.00017860484707349334
2.0429467110685757e-05
9.450003454218173e-06
8.647930429036541e-06
8.016528543351688e-06
7.04047382790886e-06
6.800414234122192e-06
6.58355799333209e-06
5.438308039387381e-06
4.273264923990463e-06
4.226620178507366e-06
4.652401974305593e-06
5.080160462636228e-06
6.14180886688239e-06
5.70956879062259e-06
1.136868898924071e-05
7.64984085599108e-06
1.4619059055952675e-05
9.646568431920781e-06
1.753176027865329e-05
1.3322796233564986e-05
1.9763773428307998e-05
1.9143222890860973e-05
2.0471337757502377e-05
2.3833541509140226e-05
2.7177403065041102e-05
2.9014331312729107e-05
3.103240664358929e-05
3.511299642317551e-05
4.0107462011028956e-05
4.5572896665817635e-05
4.847585300524449e-05
4.731062042476513e-05
4.674412812848997e-05
4.5360441325487405e-05
4.36108873500435e-05
4.080622956346465e-05
4.106842426440682e-05
4.432985114268294e-05
4.9166178624779014e-05
5.464053898764426e-05
6.039338915190242e-05
6.780673305626706e-05
8.161874648806848e-05
8.779199945235772e-05
9.07347600740387e-05
9.500438109899103e-05
0.00010245159967779189
0.00010761618084611213
0.00011217408151499526
0.00010026744576972302
9.028253236575138e-05
7.110437860149742e-05
5.796949129467382e-05
3.328178533819233e-05
3.255489373750241e-05
2.0729925021721036e-05
2.4600146472364296e-05
1.679605218859861e-05
2.2352784279685987e-05
1.4392020157866828e-05
1.9122517390062716e-05
1.2010675768729283e-05
1.3289549382172993e-05
5.885706876761306e-06
1.0026023650237435e-05
2.3056934723912897e-06
1.0778121677099524e-05
2.9636483244483005e-06
1.4810619119987735e-05
7.91473791333074e-06
1.626213748816233e-05
9.124935549725903e-06
1.6554351451869985e-05
1.5147211097941708e-05
2.0635106030727663e-05
2.2735083396795998e-05
2.548044768626343e-05
2.480814150114142e-05
2.2692368784658016e-05
2.3097095671202188e-05
2.4371277442939273e-05
2.37753479006296e-05
2.328196634549879e-05
2.127957622275509e-05
2.7505883727933935e-05
3.557233510896947e-05
3.8537639704688974e-05
3.757529368511892e-05
3.4083830518506586e-05
3.2299508192239196e-05
2.9741298093561833e-05
2.8481886103333443e-05
2.471109124834451e-05
2.3323493085952694e-05
1.9898507217032777e-05
1.9285197066664052e-05
1.8552430832606568e-05
1.8788360359176385e-05
1.8910897423569637e-05
1.882101596796461e-05
1.824790817933599e-05
1.599276050817958e-05
1.2687474737274757e-05
1.021338511143551e-05
9.645796414031747e-06
1.1253829984493304e-05
1.0919549854824864e-05
8.226614188508692e-06
5.187914733538756e-06
4.2225743428107625e-06
6.233296887902191e-06
1.2662471988537482e-05
1.3533175350216109e-05
2.036476583123227e-05
3.52937299098749e-05
4.635711701672465e-05
4.26672924399299e-05
4.036770496551854e-05
3.7423701470561126e-05
3.8402658822011874e-05
4.231362892200769e-05
4.5493949798221477e-05
3.1577611718809524e-05
2.5660049249322527e-05
2.076252546055704e-05
2.077068666799979e-05
1.6137173164641607e-05
1.360614537225601e-05
1.3787307264325078e-05
1.6467100007342275e-05
1.9547728563883635e-05
2.250993995196668e-05
2.8052549601017703e-05
3.792911924951301e-05
4.6403825461146176e-05
4.698896973100189e-05
4.446833517450566e-05
3.6087879948484326e-05
2.3576424664941198e-05
1.752983120608381e-05
1.544828214326866e-05
1.3393733223144822e-05
1.3048251081229729e-05
1.0327893418309922e-05
1.1824156390667083e-05
1.087850543393108e-05
1.0335458748738287e-05
1.0192824269751988e-05
1.0036685764690832e-05
1.0376788868611233e-05
1.1439019310879212e-05
1.1292233517455553e-05
1.0306615639092783e-05
1.0576776578807245e-05
1.0386323085566337e-05
9.704834787710516e-06
9.569073271608945e-06
1.0279229570993391e-05
1.2034874887132745e-05
1.3158129377810874e-05
1.6691133057890237e-05
1.692037939187803e-05
1.887447327994893e-05
2.3946469037837833e-05
2.7204086808005566e-05
3.238524258640488e-05
3.355012451109801e-05
3.137339736464558e-05
3.2650909927278566e-05
2.8356225203905404e-05
2.5285925261186942e-05
2.3679435187453167e-05
2.1150228825164006e-05
2.0208567027341354e-05
1.9249978509018622e-05
1.8383508444404726e-05
1.859687656806597e-05
1.9850525241347463e-05
2.2208941341680855e-05
2.493564095142793e-05
2.8673634920388937e-05
3.3607968063781486e-05
4.2733483159164504e-05
5.30863551126588e-05
6.154068524328731e-05
6.416518321504069e-05
6.413315200793459e-05
6.319270321458961e-05
6.449657365926167e-05
6.58475534654957e-05
6.37968919500006e-05
5.22418270631436e-05
3.748112882458721e-05
3.2947378079868196e-05
3.0853424860205107e-05
3.0148573258443702e-05
3.11722438045324e-05
2.1663981963880074e-05
1.67128458861486e-05
1.4019855117277937e-05
9.474510980239823e-06
1.1046041630832745e-05
1.0475159346415046e-05
1.1845332177984108e-05
1.8159215285848946e-05
6.5857033647674765e-06
1.7410199122865594e-05
4.154596882161923e-06
1.4883989461156451e-05
3.7921315530922547e-06
1.2038647738943909e-05
3.2267742888905654e-06
1.3123301252995075e-05
9.882424093006723e-06
1.9817127771988994e-05
2.3527457562208256e-05
2.5893544730254574e-05
2.6276619138786908e-05
2.4492140224528653e-05
2.291774343793997e-05
2.130851219169868e-05
1.8706561806314218e-05
1.674251158945388e-05
1.5504415815139475e-05
1.684810919542231e-05
1.638354659732869e-05
1.782657056578099e-05
2.049881479804399e-05
2.3698132225049597e-05
2.141552926548178e-05
2.1351893214630684e-05
2.0560085283580467e-05
1.779110797505677e-05
1.5591092722796692e-05
1.2814020889557251e-05
1.221318987242807e-05
1.111350401955103e-05
9.3720327475327e-06
7.237483146926442e-06
6.290864204359207e-06
6.087911255058391e-06
5.925340946062082e-06
5.6455896659466236e-06
5.418394883028543e-06
5.6716950237168504e-06
6.073712458553368e-06
6.303118272735717e-06
6.952800442488192e-06
7.578040302474936e-06
7.823575649495332e-06
8.065664423592328e-06
8.547356336384329e-06
9.725196142351124e-06
1.0137135886753328e-05
8.78895411961141e-06
7.308548791647904e-06
8.029912130984154e-06
1.3848125528420673e-05
2.168055620894116e-05
2.472728386107467e-05
3.2685248540460276e-05
2.912367416461089e-05
2.556826166436894e-05
2.2264415542475825e-05
1.990989479338464e-05
1.799144832736136e-05
2.1884495780943964e-05
2.3104494529519437e-05
2.1440434105826537e-05
2.2360276558192846e-05
2.356993507669142e-05
2.1816137905176166e-05
2.2706305480325046e-05
2.292909001477761e-05
2.447856467599486e-05
2.718280870522976e-05
2.979071950006797e-05
2.922594875962926e-05
2.946607706228123e-05
