0.004523054367416821
0.007378730552320835
0.013205260268273601
0.05153814649695662
0.31697942650678407
0.7113941633704223
0.6274876032599528
1.002775042958905
1.6856115337418949
2.498673253071361
3.56142508557592
4.947558236951126
6.84198489508036
8.556683994881364
9.807410665884703
10.42950166284692
10.496251653129349
11.188450590741486
10.318598874922488
9.863444840089628
8.402297561428643
6.935323778281094
5.630476062304301
4.516088279339436
3.521156711595002
2.568341649391625
1.6736147068720926
0.9997449975341423
0.8290258697740871
1.457077248861558
3.047795029435488
5.515303189275747
8.486635364047231
11.390370405835032
13.602741503961457
14.659271317803787
14.401591344694925
13.018657609847468
10.962317983967552
8.771892171553617
6.880569139149399
5.483199377280872
4.517319669767898
3.759022208275178
2.984732336518135
2.1215216507658834
1.3842082808742548
2.4036333192842947
4.453106344140187
6.233213709840233
5.469853248819385
6.223481650441686
7.431945725052213
7.383699757160541
8.449828081848818
8.552436779919793
7.96802489323336
7.740029340109269
5.535335865808051
3.6855302687166973
3.099845543719193
2.181871596037407
1.4993132167331937
1.4414794664135995
1.665219254680822
1.6567354091364095
1.240876423766779
1.4121221184790438
1.0943917431983063
1.2662979456570513
1.1717266927166619
1.1165112431567228
0.68519184097668
0.49223294700438613
0.5536425782358848
0.3765267183316184
0.40247972226653184
0.32676887300957463
0.41972528554485766
0.8575772056085231
1.633412726996554
2.6564969402948533
3.8086508378123622
4.921041994835718
5.78731833975396
6.635677460084697
7.179060152107878
7.285242175118228
6.89606553246793
6.291648349487401
5.279229184386503
4.264486473569181
3.1085384587404477
2.1939934838352917
1.4675549841248874
1.1604411197898736
1.2744934053306305
1.8518946673996326
2.8931787734701984
4.236883288249043
5.850651327097438
7.546489679545303
9.159778857338823
10.429187613566576
11.524707982048081
12.237652252401544
12.261484429253214
11.44762549288944
10.904371806317435
9.206255259849584
8.177922943842074
6.27349497411301
5.284965726715535
3.963506392153354
3.225708236422257
3.301987688395142
4.204350707048278
5.692015517250179
7.360878891118508
8.796028554416955
9.728856255095815
10.130861801847269
9.967487475988635
9.490684464166597
9.061424873348074
7.110036963363084
5.2456845441544635
3.9362794084325996
2.4660134131639135
1.7183691520493896
1.050078295113873
0.9907968815885193
0.7269337921286959
1.5005354619334064
4.1535039756257675
4.833066918541878
5.117053622366593
4.872479942360417
4.274510086491838
3.581650755680656
3.157103099844183
3.409506859519994
4.393379352912424
5.860319685257193
7.367053132034392
8.45623774785424
8.83188898781528
8.442303879687191
7.976606435884742
8.060076421548525
6.889621532912951
5.201210236891583
6.151070367863679
5.53907608929012
4.346353806841168
5.537523545633196
4.133328669726438
5.249682875563245
3.75168968833838
4.725048768163509
2.6936739418680533
0.8783744534787876
0.10569203356401999
0.1240861773520287
0.5591269194418371
0.7987605899557612
0.7367994381398487
0.604974565035949
0.8936699696043282
0.8926433028439277
1.1278907603052555
0.77424113442672
0.7857944991332233
0.7597963243563652
0.8344758669286901
0.8642644490895011
0.8408015615432805
0.7950621668562146
0.7527094326148901
0.7330036093130265
