0.003253306019348602
0.002878348545261527
0.0013354605475107547
0.00029266530985723883
0.00015214898304287687
8.139927942135961e-05
7.647798098042273e-05
5.7378790803856886e-05
7.22856286083719e-05
6.888418381010154e-05
6.987549959220648e-05
6.975647050169769e-05
8.077565919265331e-05
6.872765996886278e-05
5.501874755924082e-05
4.141133351090809e-05
2.7584209915763664e-05
2.1560401486677587e-05
2.6613563252435914e-05
3.2257471226168274e-05
3.537617193926962e-05
3.6938775932698056e-05
4.006177291472568e-05
4.765944654075112e-05
4.679272190673415e-05
4.075121391584843e-05
3.414173852698487e-05
3.054047983181764e-05
2.7667021470123827e-05
3.28292413618661e-05
3.239622772745557e-05
2.98982585984687e-05
1.6790533606940047e-05
2.330984849335733e-05
4.827330856707221e-05
5.5678928847173944e-05
5.2617421326593386e-05
4.7605491992413e-05
4.181385222653087e-05
5.031065600843073e-05
7.726541933117138e-05
0.00011626371964649248
0.0002040197827325236
0.0003079653445927982
0.0004423903693910368
0.0006031445618204808
0.0008925969897580906
0.0016964670798785334
0.003304275272881362
0.008195780532493618
0.03142046450019269
0.1611541083735089
1.2856111771137178
3.7314238905786983
6.305635848385304
7.229494131074432
7.486836805837091
5.467086008934295
5.542104269948724
4.820094164015718
3.2567832876748217
2.3162080372199902
1.9571994556457106
1.9674738630286714
2.0658478653035757
2.0495567389927625
1.8812431035872548
1.6907359112530367
1.6970389078466044
2.089880825622625
2.9251775926562997
4.079634065943996
5.262396085771144
6.0290883421539485
6.480897693257148
6.390665504651283
5.71563952701951
4.579343631312329
3.2278275827136462
2.175106884315906
1.3260158169098533
0.6698682309610453
0.3153023709966411
0.3321405121102625
0.4305097304327113
0.38774040044932123
0.27386785975074107
0.29876879852589516
0.2185555153231436
0.2312084666798842
0.20189337538147473
0.21585710267011804
0.21560032896081388
0.20900850052467235
0.24134923532048833
0.18835647367640246
0.17466936028030863
0.2541497145313102
0.16309953081696024
0.31698842087044243
0.16507611417207874
0.37863088962838265
0.1853502322254113
0.3828472371889258
0.19076108370203043
0.4809181795172494
0.27055206506913826
0.13073828901547885
0.3592006166275657
0.01623131568365559
0.42204415614543783
0.25035062418371384
0.4164548884288937
1.1026011777084264
1.3235550999679946
3.5617887935341113
4.046515285632662
7.200612748613053
6.749763497692072
5.68523204480183
4.259725613674584
3.5653286589758135
4.470215250290815
3.7343557852304436
2.74285530959504
2.337827936364066
2.306839904325141
2.8309456179067567
3.6458493513074863
4.399141284130249
4.827965683908611
4.883203605495847
4.7529539427735905
4.775101767346724
5.2743303483611585
6.394365135949024
8.001151142518832
9.84331815892006
12.903975445320366
13.620659177923944
13.325034101118769
11.95372657668158
9.776535959823423
7.3100275017579905
5.146058968406377
4.409272564085395
3.319860439469005
3.310641767930877
3.7663513154308292
3.9918148906610953
3.297720240817545
1.9158765920416538
3.109177060406432
2.3059741100516846
3.078400501285878
3.26691308644955
3.7754328569489015
4.021278038951962
5.235972698678986
7.518425684925009
9.202222657797888
10.03610836677358
10.013789423851058
10.777212694708526
10.306196476905592
10.550225074189523
9.356137755373425
8.82509771413598
7.008853186182341
6.186708086506999
4.132375411671526
2.9719645262867047
2.2720351473407496
1.2370922721516373
1.7432911786062233
2.8093232707231865
2.6212144528048067
2.6239438344662354
1.6362985452611276
1.7877160213868772
2.4679034174185563
2.8622064420961495
2.0928638396236536
1.2225941170011059
1.677256356063037
1.7915357995588015
2.7442115938958604
3.1378984259644476
2.9680239307840144
1.8652680220684936
1.2424989544738223
0.9594124457089599
