0.002813574783640112
0.0018336277327067516
0.000410051952229353
0.00016204766074285153
8.051000783853408e-05
5.6576167721121105e-05
4.582059333249219e-05
4.7552824966695645e-05
5.070139178865504e-05
6.055590981765425e-05
6.179367225434644e-05
6.0943797807506205e-05
7.001101042762106e-05
6.684231271799264e-05
5.503647988562319e-05
4.442351608137327e-05
3.179113883011046e-05
2.024098730769187e-05
2.035118090805503e-05
2.4899949931817407e-05
2.6835453977612175e-05
2.6996264462607985e-05
2.995648738624644e-05
3.492280784747444e-05
4.140226400423435e-05
3.670398416363596e-05
3.116949241797141e-05
2.8074344830044977e-05
2.8095140593765398e-05
3.030568326329474e-05
3.614553848791943e-05
3.438687997908117e-05
3.0362271924722775e-05
1.5050531140837058e-05
1.361691367539915e-05
3.1950303440606556e-05
3.90855205552647e-05
3.7571214430745644e-05
3.5592773769546226e-05
3.277624782661935e-05
3.8236361856395764e-05
5.730527229677024e-05
8.732931105085345e-05
0.00012964861511806068
0.00019441017638576662
0.00027203120586545635
0.0003382886447457788
0.00037425936690302234
0.0003745264939009503
0.0003096258250557657
0.00024499608057432817
0.00016250020537123891
0.00011316553787908866
8.180601658942505e-05
6.865385812950958e-05
4.8568220595387565e-05
2.0610805628989492e-05
9.28820479301565e-06
5.236566794224367e-06
1.586676483305644e-06
6.468408146104563e-06
1.8752835041230545e-05
3.858621883302325e-05
5.2429506788364226e-05
5.224266338236187e-05
4.393026663370645e-05
3.7227574908258316e-05
3.6636816829709916e-05
4.347357231189708e-05
5.863997360348817e-05
7.596108016341907e-05
8.493086530868095e-05
8.397043641962114e-05
6.924402971710093e-05
5.330305156484831e-05
3.806475455013078e-05
2.7098562370670662e-05
3.285703250464713e-05
3.4760850001228006e-05
3.089935847266664e-05
3.486399328638061e-05
9.024051614898892e-05
0.00013013126343190765
0.0001409150471595508
0.00013215468088067183
0.00010530450838495017
8.579003869474378e-05
4.873816909851623e-05
1.8749958028694305e-05
2.2455415650246922e-05
4.183398595930303e-05
4.527343244115459e-05
6.23479100899694e-05
9.179155642689638e-05
0.00012046102266244179
0.0001266873008515823
0.00011670447144399194
9.953952004901836e-05
7.897755768388801e-05
7.28016736435509e-05
7.426769476189678e-05
7.151061478941463e-05
6.798865735739161e-05
6.344388166714395e-05
6.294267660043911e-05
6.379626448247377e-05
6.392931352442607e-05
6.239235067765415e-05
5.428860802204949e-05
6.634441277981967e-05
3.559343210684802e-05
9.041850053706602e-05
6.668826495748208e-05
9.443438445428664e-05
9.062040322478965e-05
8.815989882374539e-05
5.711784609561783e-05
2.3333181231927077e-05
9.419021154696187e-06
9.60155557982811e-06
1.327877849587527e-05
1.8834291284576256e-05
2.7784068080408305e-05
3.7775400676852764e-05
3.969589587385957e-05
3.8816427946313236e-05
3.9653080868053744e-05
3.78461982421584e-05
3.632964856296321e-05
3.391235207248133e-05
3.301670999590867e-05
3.5683152019731707e-05
4.832652412493663e-05
6.064666090643268e-05
6.36225007124089e-05
8.347826697420841e-05
6.291641276292466e-05
6.220006956399066e-05
2.3200694781168868e-05
2.019778354114405e-05
6.7253931582583704e-06
1.2600498646070376e-05
1.740187067985636e-05
3.708716984229087e-05
4.6376704582379424e-05
8.70985916658035e-05
8.973394649373265e-05
6.789796594547719e-05
3.9733441213225434e-05
1.3398157453829564e-05
9.184673975540649e-06
8.440329647931978e-06
9.329030216822122e-06
9.937881355895678e-06
6.587254359859158e-06
2.9761073661705395e-06
2.2304874253140956e-06
2.7636783948711193e-06
2.622449105284636e-06
3.1856565198670426e-06
8.144616895118583e-06
1.664483810415852e-05
2.7223562498736744e-05
3.530773030914722e-05
3.5602584872151126e-05
3.892922938160198e-05
3.597412282475865e-05
3.763362133383018e-05
4.368229425034516e-05
5.258068713282756e-05
5.605383677390222e-05
4.98079951752529e-05
4.071083351636392e-05
2.8600691054219915e-05
1.856311880091545e-05
1.2457711316468793e-05
9.803439211843816e-06
1.498729864271951e-05
1.2160629618710679e-05
1.162993194526566e-05
1.8961394511204677e-05
3.390838789112776e-05
5.027356992044544e-05
6.603820655014592e-05
6.89761582694226e-05
6.398427234273574e-05
5.47990306065566e-05
5.573808496040312e-05
5.0130464714764916e-05
3.882482984788932e-05
3.6280641598664894e-05
2.5857877107409096e-05
2.0884449345657334e-05
2.417705617472448e-05
3.5198693864911136e-05
4.811090988205794e-05
