0.0036488082775549286
0.004479137217488544
0.005340956022236114
0.008074115952732107
0.013872318291906051
0.05633575096572806
0.3295192584929439
0.7118920738575173
0.667684881744814
1.0783652609567644
1.569706597953561
2.3376635255046243
2.511560807415727
1.7365496028981848
2.303024963338532
3.45976571281722
4.537606688724429
5.269939539927501
6.718346464466821
6.957562983148043
7.7592112768482435
7.2228496475772985
6.351308072296216
6.3583167886505345
5.138842026586769
4.08815091559304
3.3666506213718783
2.956476271534452
2.701729158127291
2.4149751332352642
2.000965170950912
1.5400273808041025
2.7305878209001935
2.6429479748722544
4.321473488184659
4.286694122342205
3.568471702675832
3.6109242565336817
4.3390189293170245
4.461385774244441
3.3158503975845957
2.7978825803525775
2.463478971373353
2.0872702315891063
2.555731325241394
3.2256946626111707
3.785547003936534
4.151424988985725
4.473340738178097
5.035622333701195
6.089586968048225
7.6952819339598175
9.645049472744907
11.505628974001075
12.76365548603713
13.014578364080487
12.116580533136306
10.246495956735275
7.836576297874489
7.561993353084037
5.358368386980465
3.5435182956743385
2.378502428358939
1.598253316408547
1.2703771360353284
1.557602266220298
1.9261731519634937
1.8963768624549884
1.4566280994635792
1.5406788403394929
1.4275871665515294
1.594202629282466
1.4708071960933766
1.2910398283254008
0.6334881825381244
0.4309971361974053
0.7164959908750601
0.3802689160559372
0.6181580272571574
0.4559924948498053
0.3984557589545875
0.49180756482710175
0.9214309119301776
1.562033159617471
2.3751635122333723
3.139972577894762
3.729208953371198
4.075855428943145
4.174647841564637
4.0675375605106225
3.8194815677969904
3.457095733029896
2.7661795799437483
3.817485697671528
2.86589208172512
2.0268574512384068
1.2526408967076856
0.7930564357470846
0.6463282771879756
0.9131322065711077
1.577500355287202
2.5326343348558904
3.6675417891281783
4.917995646292607
6.264926283253277
7.698772666343729
9.166783426045763
10.495369084300044
11.306252147392907
11.995905788540295
12.208461438010392
11.75952799960968
10.57345842487357
9.602809497088362
7.821864744932555
6.604569847284285
4.965330406061095
3.7170808637546293
3.2469027663642516
3.369123182229343
4.364924176743461
6.026678068790235
7.955392372711507
9.700274332303382
10.920615645827471
11.502108980524635
11.577114863663825
10.964285081176811
9.876080996735448
8.73533618954102
6.7661769094480455
5.166996962889962
3.6051143410678277
2.536539944573001
1.7797656591921762
1.626273752369023
2.167763646109503
3.017263333384232
3.9245877100501123
5.24236048637246
6.4881728511845145
7.344832984293452
7.764390054984591
7.947377398741706
8.211256316537764
8.809909792973551
9.786228195684494
10.923958093390045
11.820555378726908
12.049627879046817
11.342897543422776
9.713847127003952
7.471328434398226
6.913024972312582
4.7518217663785425
3.2302797915459296
2.7825864778280662
2.893111295206135
4.163470472187932
3.6951370168706807
2.676309474408195
1.5043023809859735
0.5777569704993297
0.9526621184090596
2.7077350771538304
2.9740010799983234
3.265020206408341
3.261374025474178
3.099512617890773
2.7018769684814137
2.094780670897535
1.433088639630361
1.797090523334654
1.7794073038809413
1.6039162135110372
1.8083445698596488
2.7763496985199474
4.373436353577301
5.987117444509195
6.943235240597181
6.640213172678786
5.898639290331521
4.887969944765732
3.813535609884557
2.8571664098525478
2.128276713147308
1.6414490001372348
1.3312886638904011
