0.00406922370820303
0.0062080431949044276
0.009925329778244715
0.02201803266632895
0.1423827605556952
0.5131263835652329
0.5660383253998499
0.8024016958870684
1.2848251285478525
1.9744567696210673
3.086217146089871
3.9281866104077636
5.13801355137425
6.93918723876715
8.470572434241852
9.480260097334119
9.848290037077748
10.897957182279512
10.379511112609357
10.324046290567072
9.038621994328658
7.573133873747101
6.178368039835804
4.978495389412624
3.9613073947826454
3.0384535457023025
2.146729980462657
1.3396340832369262
0.8192946835369253
0.8838265416893848
1.7979300727020027
3.590666144810606
5.991710700204972
8.903291116401448
11.679490249398148
13.666206152195924
14.442503043078169
13.911908533770546
12.320950699343209
10.156661244316112
7.9624347637074235
6.14822248205898
4.872382021220033
4.040402579900791
3.4141291080785803
2.77675302027753
2.075901694388528
3.2220721185866057
5.354221860605011
6.900524723741296
6.079650416154005
6.730589970145383
6.428891616767647
7.598642935001569
7.158236360780296
8.015715493077927
7.942931908368572
7.42210310089755
7.072763517454955
5.044133513366254
3.299285920408727
2.148716307746525
1.473286786151878
1.3287001750599683
1.7221179000751274
2.018489653175821
1.8730234259000482
1.3595122031522635
1.6088661442370369
1.3562772716382405
1.5258906608327178
1.3750827651368356
0.8711598979826023
0.4822450822698167
0.6135741380038385
0.4803307308918699
0.5489409169170495
0.47201369659573356
0.41387380781021826
0.37337328410291404
0.41360255440114624
0.7197998328281612
1.1474286207620716
1.584181387133961
1.9649946734362207
2.2684097163527093
2.504978500387484
2.696607641326978
4.300411000175114
4.1340703064095266
3.8076665857991685
3.193131377039213
2.6266343352369947
1.824323009141465
2.6630847477675212
1.7736475471391269
1.1481531130559102
0.7972624648785681
0.8878374007949936
1.3722208160761984
2.287137755697623
3.5295114205621188
5.023510299830173
6.5786974344870535
8.048376032824615
9.273466610950331
10.106814862271998
10.570742923546277
10.312966801183117
9.538764615391457
8.524900147000759
7.00715415028337
5.667862904003515
4.070027331631998
3.10245144070068
2.186778916044234
2.0177796061650204
2.336958187388601
3.2226503984404777
4.52986800328513
6.001992791760992
7.344789342150582
8.44811596322708
9.403994688912674
10.385224825224391
11.532735763514324
12.84315748128657
14.096329874846013
14.904737444761157
14.867014930729212
13.747936261097877
11.610574639138001
8.83915499011079
8.685002747157158
6.100656658931434
5.728633027723975
4.157531516881177
3.5833176378984284
4.02458846788475
5.181134266236197
6.562614275384561
7.686298289278172
8.260491855907542
8.278115560344297
7.984942033601497
7.7413134961399965
7.8379926382478
8.357265080214063
9.135351106145896
9.810705465372214
9.991579155564267
9.421735376792242
8.094171615813858
6.263540248408385
4.355824179784342
4.168940626687533
3.767770402946582
3.954200969555509
4.1995606697302525
4.041493902037564
3.101755249963922
1.6348777237143535
0.7909156757809782
1.2282274115012668
2.1506782987327995
2.8041452462285408
3.236829756893616
3.543259404053451
3.6647957118806387
3.467628373153448
2.9376234053951737
2.1845132387204913
1.4040804868915437
1.0989752159913748
0.8892777738118429
0.6307801028325646
0.7834283056251027
1.6443893990671299
3.061982946880689
4.520730865489296
5.507127437075758
5.854320756117433
5.501969368831818
4.999758389118502
