0.00179426576373824
0.00036250181932779955
0.00010283329430154345
4.7462793068591884e-05
3.239411102350759e-05
2.3074688268192788e-05
1.808601425643271e-05
1.694429798459561e-05
2.3137845189672507e-05
2.279540494273463e-05
3.7252571780899424e-05
3.745336533684729e-05
4.95576085127988e-05
4.2990334516109786e-05
5.042495570219873e-05
4.487828356251247e-05
3.643276594579516e-05
3.0356639446349436e-05
2.3617042632686567e-05
2.0229332031965506e-05
2.1921571788036897e-05
2.5307191699576125e-05
2.4004699476890657e-05
2.4533947813228924e-05
2.6849057871647338e-05
3.0344506287885516e-05
3.343136416398541e-05
3.1171444369328664e-05
2.996710528267243e-05
2.938971357700064e-05
2.8464908714471364e-05
3.061947092161617e-05
3.786061669187421e-05
4.5713440560476014e-05
3.951398151252688e-05
3.3432250797330374e-05
2.308869606889914e-05
7.249017051856898e-06
6.811719288297715e-06
1.197218000329869e-05
1.1132261083349386e-05
9.590359689729713e-06
6.654797550846512e-06
4.68341964602083e-06
8.521224695213138e-06
7.817894802302252e-06
1.0102323715008308e-05
1.2172973901522763e-05
2.0048258458810108e-05
2.1278989006712523e-05
2.2313806912408335e-05
1.817878954813505e-05
1.7437161818880645e-05
1.2655781667438455e-05
9.878458254963909e-06
6.818977629971558e-06
5.137334414897304e-06
6.265773162312918e-06
8.410333040103378e-06
1.107732550899145e-05
1.3196058058388841e-05
1.3650265817575855e-05
1.2480891731785763e-05
1.4279602936671788e-05
2.059092086664763e-05
3.211494117701065e-05
4.8459924743028115e-05
5.0236431448844565e-05
4.486050895294809e-05
3.693021881947231e-05
2.9814110401892567e-05
2.345297628852305e-05
1.826448777052532e-05
1.619129304078247e-05
1.5645584871641366e-05
1.3882428803578444e-05
1.2251712772930127e-05
1.0000899530294934e-05
9.805599645980464e-06
1.2223731374333773e-05
1.2925191637536786e-05
1.4981980546902903e-05
2.411689055566609e-05
2.6470791405183888e-05
2.3433547266772495e-05
1.964011670373411e-05
3.186358999569944e-05
8.23500127131206e-05
9.442305500562713e-05
8.822514056082451e-05
8.349224740424154e-05
6.64043123382408e-05
4.9130708846775506e-05
2.9551804212976773e-05
2.4324897661808648e-05
2.3948385001098136e-05
3.598302246493117e-05
4.253328868310404e-05
4.143912333192268e-05
5.1009827696318445e-05
7.436145482530894e-05
9.951098561480025e-05
9.916444419863313e-05
8.816143498557573e-05
6.86850935146733e-05
5.167645203560114e-05
4.328872053967275e-05
4.274641876319647e-05
4.4644499701227935e-05
4.769255764584656e-05
4.7434693611481585e-05
4.746364345730677e-05
4.459641104627915e-05
4.077209397464425e-05
3.5380936513834096e-05
3.2041436059076265e-05
2.9620446639085743e-05
3.6335120118632946e-05
3.795769948825592e-05
4.6206286344098244e-05
5.419871277355916e-05
7.205871872787736e-05
7.884757621932747e-05
7.439983243772744e-05
6.29523750267621e-05
4.346013996951641e-05
1.901720122534683e-05
1.1396716358585589e-05
1.018475609546573e-05
8.690598842397397e-06
9.618776591173945e-06
1.3726727526191326e-05
1.7926171194391024e-05
1.8237892987725155e-05
1.8800056769269783e-05
1.846305857965564e-05
1.83207049656777e-05
1.9181467074424688e-05
2.0628900921729827e-05
2.196663170398111e-05
2.267411817562157e-05
2.3321539319630888e-05
2.3015940106447505e-05
3.0455017897810006e-05
2.934200764281948e-05
3.953413533558029e-05
2.6622679198095668e-05
2.9898654448193098e-05
8.055710298095626e-06
7.815975270219264e-06
1.6298492256337176e-06
2.080969516653674e-06
3.6882483762623355e-07
4.211221128876776e-06
3.4301286853389734e-06
1.2466473102752768e-06
7.930271485112732e-07
8.368042497089808e-07
3.7174087854801963e-06
2.1649791309910784e-06
5.2453248814385915e-06
5.428896158986428e-06
4.7137499961260215e-06
4.162667387207791e-06
3.7917772079847045e-06
4.545196410202176e-06
5.083870491575703e-06
5.904274954431576e-06
6.863161534581693e-06
8.42348587705432e-06
1.0449965610120143e-05
1.1417637688472505e-05
1.426941030328878e-05
2.2544305446702653e-05
3.220081783736912e-05
3.2582050306701764e-05
2.665792729998511e-05
2.6255851536794967e-05
2.448190609319666e-05
2.0283797958107836e-05
2.361435332015781e-05
2.695340201080335e-05
2.9390233091232064e-05
2.8259080073763628e-05
2.2594630887059355e-05
1.6533325129946097e-05
1.345403088913694e-05
1.2812872833762828e-05
1.1281302863939168e-05
9.06943659556146e-06
1.223220888539576e-05
9.864327812874016e-06
7.132306548415467e-06
9.39033177771441e-06
2.306234796316814e-05
3.703315283529659e-05
5.011859444719577e-05
5.8137263157186176e-05
5.329159950006579e-05
4.858708492898858e-05
3.961934142514277e-05
3.4355864989807305e-05
2.893032858261709e-05
3.118501077858395e-05
3.175987094059205e-05
2.727801138484291e-05
2.2215173133517525e-05
2.4670820903855003e-05
2.8984924102429275e-05
3.881916078140362e-05
4.5695850128923856e-05
5.576585936941727e-05
