0.0015165042504686156
0.00028583845000390985
7.943287566018188e-05
3.810590198849546e-05
2.5653218273963692e-05
1.8530694092930437e-05
1.4456526526121915e-05
1.4145928903991443e-05
1.648657372758075e-05
1.890252416333557e-05
2.573936777243505e-05
3.116812452267173e-05
3.819794316422103e-05
4.0763422109941865e-05
4.4528798022379465e-05
4.3661528971528554e-05
3.693606852375958e-05
3.061184258392703e-05
2.608210759435104e-05
2.2201699337495465e-05
2.1824995367379075e-05
2.5600713732632297e-05
2.57918322661962e-05
2.4149782769440007e-05
2.5767863664655058e-05
2.732636581091095e-05
3.149441422164953e-05
3.2696565749641755e-05
3.02749702535199e-05
3.002850222340183e-05
3.093797209342672e-05
3.0422959548694016e-05
3.363938188868979e-05
4.326412597133671e-05
4.936746785909553e-05
4.326737651216974e-05
3.7317695461629266e-05
3.409511465657858e-05
1.4145076586835616e-05
2.0981168572765765e-06
4.674980636597956e-06
4.552311109963537e-06
3.3940543558134607e-06
1.5788227312784494e-06
1.2140846367938743e-06
2.142806167938782e-06
5.338404251032982e-06
5.7721036488424385e-06
9.585591143069935e-06
1.1564501176265742e-05
1.4029505104762804e-05
1.190434855114042e-05
1.2975299083862603e-05
8.251043601317235e-06
9.651768845223258e-06
5.8911263816156025e-06
5.748674517102102e-06
5.624908388384274e-06
7.260203958937188e-06
9.384346415227138e-06
1.2085250934245717e-05
1.4679745392997942e-05
1.6081939788261494e-05
1.6980183558156336e-05
1.8521686023368796e-05
2.109413135556856e-05
2.5008660384625888e-05
3.991393483881058e-05
5.449107309855188e-05
4.8493793966756176e-05
4.229208090662818e-05
3.411906735259123e-05
2.8071755782329186e-05
2.2632252934239592e-05
1.9139073947782855e-05
1.6585211661307938e-05
1.48188889951539e-05
1.0490399248395977e-05
6.9078298242593e-06
6.5168534818293e-06
8.216804250044604e-06
1.2144523425666302e-05
1.269525925195477e-05
1.602820269715208e-05
2.1383009818001645e-05
2.513446529387611e-05
2.1491652251081547e-05
1.9309489565281676e-05
2.8066529932321585e-05
6.928552808117568e-05
8.774095033996853e-05
8.076331712294867e-05
7.249644031532068e-05
6.004565404418355e-05
4.1562716227934836e-05
2.8712186495983233e-05
2.428291343887383e-05
2.2868431782880723e-05
2.8022113176905832e-05
3.531288339995879e-05
3.441680089250428e-05
4.0701993645491356e-05
5.418291409842416e-05
8.044744340257693e-05
9.719396510525735e-05
8.678173691590648e-05
7.15936425167205e-05
5.39140312527043e-05
4.1854074832769114e-05
3.577989403157425e-05
3.7448082886109276e-05
3.926030437809699e-05
4.254022732446687e-05
4.444925941390141e-05
4.409768300124164e-05
4.0362560109741185e-05
3.578687712310596e-05
3.0246758111517324e-05
2.6533280598664263e-05
2.4954842888559715e-05
2.6074306862091602e-05
3.4843763127415275e-05
3.9023387541268325e-05
4.912139675869199e-05
5.981024549352569e-05
6.757118597194384e-05
6.675274697473081e-05
5.851291692044589e-05
4.437763937101366e-05
2.2549052979090194e-05
1.3726896862650749e-05
1.2269419091260138e-05
8.903512693201288e-06
8.202926659135143e-06
1.0654774014830038e-05
1.376427917997177e-05
1.6179241856661447e-05
1.6394150016732305e-05
1.7215912988462342e-05
1.7586949881809342e-05
1.8013524170740787e-05
1.9651953205088187e-05
2.1494365734158868e-05
2.3002443910490968e-05
2.3534854292629024e-05
2.2874727698004734e-05
2.1143118003493466e-05
2.5686307918187954e-05
2.092469108139696e-05
2.8721236521153074e-05
1.5834072849668648e-05
1.7691503747659133e-05
4.8748582419157605e-06
6.828703697825576e-06
3.3599371265541137e-06
3.689189494645397e-06
1.7136309219674554e-07
3.0363286518597405e-06
1.4599835051546218e-06
1.4281857628930272e-06
1.4114087788823547e-06
8.537834699919411e-07
4.840839729817637e-06
2.0779387827847814e-06
5.789820237434095e-06
6.045347093181873e-06
5.3065489665053465e-06
5.299842269883438e-06
6.861193499039366e-06
9.014837779994257e-06
9.046567250082814e-06
9.31135015699221e-06
1.1058590639166836e-05
1.1669251546820753e-05
1.2249047000873953e-05
1.2459231040866572e-05
1.34285877299779e-05
1.9450707341417733e-05
3.0988043661759526e-05
3.5572809698434234e-05
2.8426932031441095e-05
2.556605444730862e-05
2.426402352082872e-05
1.758190109065428e-05
1.6894633908647414e-05
2.1618176072163087e-05
2.4047241977342954e-05
2.4826621692683396e-05
2.2435844514066013e-05
1.8254822869283748e-05
1.5610615073900728e-05
1.375347586425637e-05
1.2873266726616864e-05
9.97390501028134e-06
7.971596146644445e-06
1.0383954144366912e-05
7.752520839320435e-06
6.483140302579462e-06
8.965954803262475e-06
2.2650922855988275e-05
3.539607222077662e-05
4.777046827039822e-05
5.413937924967704e-05
4.8645876365991555e-05
4.350005362128947e-05
3.712529455449097e-05
3.1012084234530166e-05
2.5035353794439823e-05
2.6985070139329864e-05
2.7837055233126718e-05
2.536853064380371e-05
2.136959715046351e-05
2.5014543097303425e-05
2.7987895310126873e-05
3.551105957872717e-05
4.143583223311512e-05
