0.005051846530187465
0.009100782516064698
0.018942099638940946
0.11397567178634198
0.463062196867337
0.6166911885507528
0.7264634117342887
1.168384824112258
1.8738937869075647
2.967473145939751
4.103039008197719
5.918517408355424
7.827039471775524
9.423570511268519
10.46550729475507
10.846338476628219
11.661494567856966
11.08927870487463
10.047217413896231
9.277996891153585
7.820174240856707
6.46163523800649
5.2749582021036385
4.216680174318807
3.206531046325434
2.229644375111308
1.4085876048835138
1.0024026177186005
1.3218585773533844
2.59022613748017
4.808757714606635
7.690139881346966
10.704542040548079
13.218868848056308
14.69650950082991
14.870846781073741
13.824344949782759
11.941341255094155
9.753695466715987
7.743589799722228
6.185165286707683
5.088645463739931
4.264853263015706
3.4747595800084783
2.591585570086128
1.698825932257433
2.1827202127070096
3.897608463467391
5.7058889694573764
5.4727157825027115
5.131475356627426
7.361660475815271
8.38149882287936
8.242380979699856
8.984872603631596
6.934057413602221
7.149339283679837
6.1042373095790055
5.783577718248172
3.906155461906333
2.815026275104187
1.8455055194998573
1.2978572524983671
1.318719808603776
1.5425290919589565
1.568256215939014
1.2170860827354903
1.3867234368770678
1.1141678843056573
1.188864742195951
0.9575123981059634
0.7944705177958036
0.5031342997040321
0.4909150188690362
0.36145206194639734
0.3873302798124353
0.2776401073170174
0.3572828844349746
0.8143418259868052
1.5788613513456708
2.62731516155469
3.7753270537620813
4.954857445061662
5.984366730735442
6.7020126391588475
6.946629492892964
6.666621327585145
5.903235533422561
4.793078078654584
3.538706046153802
2.3608041683296555
1.445647198874758
0.9052479836908517
0.6970970073270718
0.9025963875209359
1.529839906403813
2.5333337018111797
3.8626941356114113
5.376972791205852
6.89909354218207
8.288909165649809
9.369347663026957
10.072524817760653
10.18194145255619
9.811588834538158
8.945613351433142
7.753687945893685
6.254994076464321
4.850143727806032
3.433495137562577
2.5337934063998775
1.9022531083820073
1.9599972486439299
2.4748770344192206
3.5217402935383175
4.853312113733141
6.164922663220345
7.302900058812728
8.309357324076338
9.355999628472254
10.600141204191782
12.060763132115657
13.535736979252263
14.63778465815144
14.931703269450882
14.118224609081498
12.185071780362989
9.515566044674587
9.589346249074152
7.643446873616072
6.891541109375133
4.82797300886869
3.6310118040499737
3.4765022416439435
4.203449968479876
5.395443988813144
6.557962857589423
7.315568193022152
7.546259780335376
7.3996322535261925
7.196749289591855
7.259923405324017
7.748417119881362
8.57956891490008
9.45022619949491
9.959891871538108
9.78154829546755
8.798692696627583
7.158199421279432
5.219515760412018
3.9323343101846926
3.678023985666077
3.5452022143121313
4.332378347246913
4.271431965130674
3.492138614983726
2.8062749162413096
2.316709213764999
1.1851670486670154
1.0056255128503775
1.754453734747339
2.0490843701167742
2.352426902570112
2.5104514123792296
2.506494566162768
2.414493151141984
2.1451780157678213
1.7021528128627212
1.1845375812169285
1.4078447948268165
0.9234160003229406
0.8105386183920622
0.46749957629377953
0.34619587558387827
0.894667780053941
2.178530898795847
