2.2421539117743169e-07
4.360464093934848e-08
1.3566904424045822e-07
2.9975013277335544e-08
1.0340928087823931e-07
2.6879770814564397e-08
8.660760139274076e-08
2.7323512844294976e-08
7.492760390636554e-08
2.9264757785790126e-08
6.628718629411797e-08
3.194681028395524e-08
5.956676153793233e-08
3.5015838419471e-08
5.5564157693058465e-08
3.7560068472619465e-08
5.2839504845624096e-08
3.974282705526551e-08
5.055061787285974e-08
4.1880607925269476e-08
4.8485971484530205e-08
4.408482051832993e-08
4.659808433489877e-08
4.5303482195615066e-08
4.5065076194811594e-08
4.4477938326178276e-08
4.4110058544569024e-08
4.378932063497496e-08
4.349427679934594e-08
4.3203497264934267e-08
4.292572404025258e-08
4.265587849469379e-08
4.234755669252967e-08
4.2001508876614405e-08
4.1674906355949685e-08
4.135652476776971e-08
4.105237367902554e-08
4.086711549501804e-08
4.081791801720452e-08
4.073666039553656e-08
4.06926279309291e-08
4.064099587481104e-08
4.060923301776788e-08
4.057709906019043e-08
4.055985226263956e-08
4.054880395405333e-08
4.054906153130631e-08
4.0554930913741205e-08
4.05732634494202e-08
4.059984983559226e-08
4.063154796095233e-08
4.067805427992027e-08
4.0730450988084764e-08
4.079247956707443e-08
4.0867278353695323e-08
4.0949939035532645e-08
4.102848722946569e-08
4.09941055317857e-08
4.0988774251356595e-08
4.0970800709844076e-08
4.091765733170762e-08
4.085326860895765e-08
4.079812290140396e-08
4.0755445560247996e-08
4.07280894096166e-08
4.071035762477286e-08
4.070625424318871e-08
4.0714287518667144e-08
4.073465011245015e-08
4.07671056167576e-08
4.0812818192100486e-08
4.0875225413869195e-08
4.094848427001951e-08
4.103269416489798e-08
4.113189740079146e-08
4.124396871177354e-08
4.137254024591592e-08
4.151101919072057e-08
4.1662741500414784e-08
4.1828040124018e-08
4.20085835834588e-08
4.2198981091616205e-08
4.2403484702208486e-08
4.2623056744964744e-08
4.2853715554785106e-08
4.310268307198158e-08
4.33622674245186e-08
4.3564510201200027e-08
4.363971793984956e-08
4.369012047671553e-08
4.3736149337316994e-08
4.379188360827691e-08
4.3863800950737716e-08
4.395121761408701e-08
4.405316380977273e-08
4.4171854804770205e-08
4.4308353272075035e-08
4.445728843290988e-08
4.462379740320602e-08
4.481191654946769e-08
4.501753766866187e-08
4.5234767078243077e-08
4.547623050564326e-08
4.572694498667812e-08
4.599910014382617e-08
4.636374877065038e-08
4.678928215053273e-08
4.724272252006609e-08
4.7709552677489805e-08
4.8197748204342276e-08
4.8702212324744276e-08
4.9220870151582124e-08
4.976090620519228e-08
5.031575645699519e-08
5.088833678495169e-08
5.147984956414379e-08
5.2084483782976613e-08
5.271294145690607e-08
5.335892305006671e-08
5.4004425397846894e-08
5.466605740396824e-08
5.537199697355685e-08
5.6085685171348425e-08
5.682828685563649e-08
5.7577535260880836e-08
5.8351654088902786e-08
5.919378403312418e-08
6.008934034213317e-08
6.100539636380623e-08
6.192646671414674e-08
6.287775734246038e-08
6.384144995021998e-08
6.481833230815843e-08
6.585630441671245e-08
6.693531118430072e-08
6.80391343314056e-08
6.915888462530742e-08
7.029550962621465e-08
7.145480127150297e-08
7.26571076997956e-08
7.410289668702435e-08
7.556993399096047e-08
7.707206536814982e-08
7.859709415028643e-08
8.014222052374925e-08
8.171893997375975e-08
8.331137689590832e-08
8.492980867161899e-08
8.622257488044791e-08
8.754619378466351e-08
8.885997838201828e-08
9.019750711082763e-08
9.155032405520793e-08
9.291683115818534e-08
9.430224053354215e-08
9.569874246649264e-08
9.711335977538885e-08
9.854867324245418e-08
9.999141890006202e-08
1.014654471027404e-07
1.0293925358970137e-07
1.0443839002552913e-07
1.0595208956666962e-07
1.0748351999858124e-07
1.0903595380513757e-07
1.1060152046945282e-07
1.121805082270879e-07
1.1377757275433427e-07
1.1539451463931047e-07
1.1702309218383258e-07
1.1867262524790924e-07
1.2033901184929197e-07
1.220149828926533e-07
1.2371947330493323e-07
1.2544076617047006e-07
1.2717434226192024e-07
1.2892036165674155e-07
1.306843083931864e-07
1.3246978905217826e-07
1.3424124727420567e-07
1.3602835978350387e-07
1.3782164026909217e-07
1.396461222024648e-07
1.414898807956996e-07
1.4334735799676586e-07
1.4521209234617544e-07
1.471141515843915e-07
1.4901206542483912e-07
1.5093954872473272e-07
1.5289034707103864e-07
1.5484595691100965e-07
1.568237955236171e-07
1.5882820391753112e-07
1.6084629863885653e-07
1.628783350695652e-07
1.6450885487226654e-07
1.6606831856366373e-07
1.676435556011809e-07
1.692262812990586e-07
1.7082039499624335e-07
1.7242343609759924e-07
1.7404478085528608e-07
1.7566562657459004e-07
1.773055400251471e-07
1.7885448273802213e-07
1.8005696360606264e-07
1.813201957952401e-07
1.8257639649377498e-07
1.838355276271774e-07
1.8512975364822306e-07
1.8640482271674422e-07
1.8769387968977593e-07
1.8898397467323127e-07
1.9030465295929805e-07
1.9161303211099048e-07
1.929389070535228e-07
1.941799759971449e-07
1.9547448299551205e-07
1.9678699694877115e-07
1.981129933418355e-07
1.9944814497920883e-07
2.0098901834913593e-07
2.0258679311892706e-07
2.042047181017135e-07
2.0582254343536206e-07
2.0745019729806782e-07
2.091131959051267e-07
2.1085132704585567e-07
2.1267589008214935e-07
2.145038402516901e-07
2.163543598225926e-07
2.1820517998232097e-07
2.2006473976371607e-07
2.2195956132601253e-07
2.2385219238873264e-07
2.2575044297529606e-07
2.2767609429663465e-07
2.296050306195429e-07
2.3154905948730584e-07
2.3350921136239767e-07
2.3550412930444594e-07
2.3764230480468558e-07
2.3980194686889485e-07
2.411823113784339e-07
2.4205261290882186e-07
2.4293470998641196e-07
2.4379964160676895e-07
2.4467649420964534e-07
2.455693753194754e-07
2.464343386648631e-07
2.4724141169115116e-07
2.4806366983670225e-07
2.488930396638422e-07
2.4973484458017204e-07
2.505809913576689e-07
2.514199189136611e-07
2.5229183423847405e-07
2.5316269274538957e-07
2.540375206877346e-07
2.5492124078092494e-07
2.558114346587371e-07
2.5670364144789603e-07
2.5760287702690106e-07
2.5852730241702654e-07
2.594348443502965e-07
2.603719252517384e-07
2.612905791793345e-07
2.6223197455840557e-07
2.631800508777319e-07
2.641283323248911e-07
2.6509542185900594e-07
2.6605534743498985e-07
2.670346776571614e-07
2.680230843668399e-07
2.690094786503387e-07
2.7000134354069995e-07
2.7102894838986545e-07
2.720231750866092e-07
2.7304764593952985e-07
2.7407654994323334e-07
2.749820700162521e-07
2.759280158413239e-07
2.7687579359797923e-07
2.778265664782751e-07
2.787788415329359e-07
2.797522037470418e-07
2.807246654083366e-07
2.8171723152601066e-07
2.8270094968077204e-07
2.837058406907429e-07
2.8471098458876337e-07
2.857405985558586e-07
2.867719917140765e-07
2.877911812132406e-07
2.8883457461688276e-07
2.89891611064446e-07
2.909527503767403e-07
2.920160873500165e-07
2.9308908958691343e-07
2.941816798892208e-07
2.952657817499974e-07
2.963751177867681e-07
2.9745977372750235e-07
2.9859031946360704e-07
2.9969301298056666e-07
3.008549465877035e-07
3.019857234442037e-07
3.031344425008589e-07
3.042801380919982e-07
3.0545579108838965e-07
3.066358809391445e-07
3.078177755716308e-07
3.0904627096769507e-07
3.103021441903201e-07
3.1152251565722826e-07
3.1273201969051824e-07
3.139847801838193e-07
3.1521152590648714e-07
3.1646808454588585e-07
3.1772402066508343e-07
3.1898440535977757e-07
3.202563970145735e-07
3.2155276319813666e-07
3.228350574352772e-07
3.241257970140048e-07
3.254398642392408e-07
3.267473824222679e-07
3.280599574130889e-07
3.294037811670087e-07
3.3074742709864583e-07
3.320915501908219e-07
3.334418100086673e-07
3.3481681688053656e-07
3.361779645249216e-07
3.3756403355381987e-07
3.389477521161438e-07
3.40346292530836e-07
3.417526861913535e-07
3.431526470428403e-07
3.4458543679583833e-07
3.460063637018759e-07
3.4744731452189205e-07
3.4890109137416277e-07
3.5035406549094224e-07
3.5182428515064075e-07
3.532830958826277e-07
3.547564451407297e-07
3.562633442352853e-07
3.5774832445012913e-07
3.59266519489681e-07
3.6075413747969707e-07
3.6229780548821723e-07
3.638180221319845e-07
3.653647660558861e-07
3.6689492103454124e-07
3.684723121870013e-07
3.700243202850331e-07
3.7160465949744596e-07
3.731921390481817e-07
3.748200468037739e-07
3.7645277395614393e-07
3.7809055820749055e-07
3.7971590667726307e-07
3.813964410028572e-07
3.830309641585458e-07
3.8470923762678886e-07
3.8637883278828835e-07
3.8807973110547127e-07
3.897731542280043e-07
3.914732331445599e-07
3.931833938652393e-07
3.9490374357143187e-07
3.966391922820262e-07
3.983705392300364e-07
4.001350460256403e-07
4.018771888127883e-07
4.0364746646756257e-07
4.0540136797257297e-07
4.0720870650525163e-07
4.0899004188568693e-07
4.107859147887389e-07
4.126108291661082e-07
4.144101859891555e-07
4.16238791649379e-07
4.180816618070165e-07
4.199156182738776e-07
4.217770249064743e-07
4.2364395813870266e-07
4.255170501605038e-07
4.2738641207138357e-07
4.2922711417376854e-07
4.3104912871364866e-07
4.329096299150649e-07
4.347621296169628e-07
4.366203529619529e-07
4.3848423713491785e-07
4.4036128784321645e-07
4.42271718040996e-07
4.4416139813445845e-07
4.460557179669115e-07
4.479681100673793e-07
4.498938114193073e-07
4.518106244769175e-07
4.537559809193074e-07
4.557032657973828e-07
4.5762814187552045e-07
4.5960908057988974e-07
4.6157914360855055e-07
4.635408544115186e-07
4.655330538845501e-07
4.6753309466192973e-07
4.6952743309118204e-07
4.715598297164289e-07
4.735674192072612e-07
4.7561558333080145e-07
4.776292538191232e-07
4.796856892106141e-07
4.817345251329945e-07
4.837818595989524e-07
4.858629793554076e-07
4.879394707317891e-07
4.90012846927552e-07
4.921088428335118e-07
4.942146924948807e-07
4.963452567118688e-07
4.984613174064894e-07
5.005653080889501e-07
5.027228502848437e-07
5.048656566601314e-07
5.070113906526061e-07
5.091673058157267e-07
5.113455211321447e-07
5.13544325012266e-07
5.157114103082159e-07
5.179212982912667e-07
5.201095388566644e-07
5.223455100836301e-07
5.245462768109557e-07
5.267814576814197e-07
5.290023212292744e-07
5.311297015391726e-07
5.335579850866345e-07
5.35776603288591e-07
5.381373261254384e-07
5.404346118953355e-07
5.427968884525455e-07
5.451122102564952e-07
5.475004009776753e-07
5.498638630854948e-07
5.522619438032534e-07
5.546271004701704e-07
5.570622695599277e-07
5.594689908623032e-07
5.618903495060482e-07
5.643289339708725e-07
5.667869179906094e-07
5.692463049388718e-07
5.717043890389791e-07
5.742010071838962e-07
5.766814571633121e-07
5.792028784775008e-07
5.816983562873885e-07
5.842473246304874e-07
5.867626343959314e-07
5.893391087857001e-07
5.918852871779452e-07
5.944585685436163e-07
5.970445203469901e-07
5.996468863378126e-07
6.022510080080756e-07
6.048667071894123e-07
6.075128396189558e-07
6.101188249147223e-07
6.128013082041173e-07
6.154699526689451e-07
6.181189167184348e-07
6.207963764051915e-07
6.235157843749454e-07
6.261914751484059e-07
6.289345450378919e-07
6.316529658048529e-07
6.343931316301856e-07
6.371367189618115e-07
6.399349826114266e-07
6.426740069230283e-07
6.454565253875476e-07
6.482771676432043e-07
6.51059098845264e-07
6.538779718276241e-07
6.567248812709122e-07
6.595506786939609e-07
6.623692914040114e-07
6.652241356295792e-07
6.680379754631278e-07
6.709467832702912e-07
6.737901796053887e-07
6.766608029485413e-07
6.795781065472665e-07
6.824284203942909e-07
6.853812450926849e-07
6.882744144121515e-07
6.912141595515321e-07
6.941658335795844e-07
6.971043084045659e-07
7.000622982500517e-07
7.030146815667543e-07
7.060050613542816e-07
7.088532420331203e-07
7.117305984393994e-07
7.145910973346906e-07
7.1769943087628e-07
7.208752919187087e-07
7.2386669889656e-07
7.27125424392571e-07
7.301208878873386e-07
7.333845043185912e-07
7.364130214427388e-07
7.396662694183949e-07
7.427265652904224e-07
7.460386882893103e-07
7.490858611386635e-07
7.523837889831273e-07
7.554939174212187e-07
7.587831196867065e-07
7.61916857605001e-07
7.652222873163078e-07
7.683542000139512e-07
7.716916115444505e-07
7.748747430353079e-07
7.781750729924746e-07
7.814223874524571e-07
7.847433340513405e-07
7.879577626673245e-07
7.913140898661771e-07
7.945675728795052e-07
7.97881590077209e-07
8.008319397315398e-07
8.039206864203547e-07
8.069807563679704e-07
8.100511235118043e-07
8.131223976929483e-07
8.16236729380457e-07
8.192945481410771e-07
8.224430930831213e-07
8.255204424297044e-07
8.286491790003002e-07
8.317800909890001e-07
8.349116770468332e-07
8.380303298206553e-07
8.41183439801573e-07
8.443385530897519e-07
8.474881197077901e-07
8.506800712397146e-07
8.540803573856924e-07
8.578042680604903e-07
8.614878085255204e-07
8.651878766888751e-07
8.688886719930583e-07
8.72591051372794e-07
8.763057829578183e-07
8.800594825449982e-07
8.837654025844096e-07
8.875247311837857e-07
8.912743455570714e-07
8.950356720045394e-07
8.988102520790596e-07
9.02615968956707e-07
9.06371285157967e-07
9.102057505394982e-07
9.140208572530275e-07
9.178122293615637e-07
9.216628916651811e-07
9.254935059529043e-07
9.293627653751175e-07
9.33184661271629e-07
9.370412662078408e-07
9.410102039073968e-07
9.452813076126794e-07
9.494766263325068e-07
9.536681252250245e-07
9.578834967047317e-07
9.62138026335759e-07
9.65452274137e-07
9.687990151798595e-07
9.720100224249472e-07
9.753861967756932e-07
9.78652629003032e-07
9.820039734197948e-07
9.853124441294503e-07
9.886407761831663e-07
9.919986463746505e-07
9.953468467051815e-07
9.986709876908491e-07
1.0020582699222808e-06
1.0053713688122578e-06
1.0088004622529378e-06
1.012100001258752e-06
1.0155450705986542e-06
1.0189041619210677e-06
1.0223383807012232e-06
1.0257005530435635e-06
1.0291089101787821e-06
1.0325360770556746e-06
1.0359402701378017e-06
1.039392467177198e-06
1.0427963627178351e-06
1.0463944468409826e-06
1.0504483527030932e-06
1.0547014317960499e-06
1.0585789021642162e-06
1.0628760305154275e-06
1.0668084303598907e-06
1.0711033361922026e-06
1.075067097326075e-06
1.0793784286896605e-06
1.0833939258316963e-06
1.0876661957551069e-06
1.0917556350912563e-06
1.0950305366642808e-06
1.0967204046081058e-06
1.0983068185514622e-06
1.0997464978375746e-06
1.1012775959663493e-06
1.1027627997943154e-06
1.1042911666338207e-06
1.10581457553527e-06
1.1073352466565246e-06
1.108997159594162e-06
1.1108678255176658e-06
1.1127524358156945e-06
1.113687437454029e-06
1.1139701242422577e-06
1.1143746340897901e-06
1.1146424677256367e-06
1.114974667258166e-06
1.115309233641869e-06
1.1156506245106603e-06
1.1159473335687873e-06
1.116264017649279e-06
1.116575238261728e-06
1.1169361213058156e-06
1.117246229036328e-06
1.1175676554235146e-06
1.1179045774941784e-06
1.118218992869464e-06
1.118545748224592e-06
1.1188841491714683e-06
1.119201052705761e-06
1.1195310169867014e-06
1.1198388065351148e-06
1.1201437020939478e-06
1.1204994273020797e-06
1.1208068053169728e-06
1.1211287523362374e-06
1.1214440955485838e-06
1.1217715724483845e-06
1.1220907425573438e-06
1.1223995015333718e-06
1.1227565996114454e-06
1.1230373214506824e-06
1.1233715002518425e-06
1.1237145300702323e-06
1.1240316179044713e-06
1.1243425292199499e-06
1.1246511004056406e-06
1.1249871758616667e-06
1.1252977867218985e-06
1.125647763556705e-06
1.1259221531726466e-06
1.126239492310225e-06
1.1265299611015295e-06
1.126863311941534e-06
1.1272135666478179e-06
1.1275396804775349e-06
1.1273164651342548e-06
1.1250337023469012e-06
1.1224251881290041e-06
1.1198413080312146e-06
1.1172164233939002e-06
1.1146571809362272e-06
1.1120343359027502e-06
1.1095615120433267e-06
1.107376210657127e-06
1.105829506051601e-06
1.1051871860602837e-06
1.1042727685314114e-06
1.1035254696658177e-06
1.1017329946569471e-06
1.1002232990182326e-06
1.0986445373608812e-06
1.0970814252240844e-06
1.0955280530106361e-06
1.093876322026958e-06
1.0922516231682185e-06
1.0907835355028603e-06
1.0895821362638403e-06
1.0885835574724877e-06
1.0875508039411857e-06
1.0864602541238569e-06
1.0853944110827597e-06
1.0843446111834105e-06
1.0832600598773213e-06
1.0822033319440338e-06
1.0811344018621007e-06
1.0801035364077877e-06
1.0790408785202491e-06
1.0779916397294478e-06
1.0769274107344268e-06
1.0758463489047088e-06
1.0747338664074352e-06
1.0731866594271707e-06
1.0714955927411775e-06
1.0698361179686003e-06
1.0681556321174326e-06
1.0664601479251972e-06
1.0648081179224763e-06
1.0631107613578846e-06
1.0616246895536934e-06
1.060729078322637e-06
1.0600573012829575e-06
1.0592973840352525e-06
1.0585716992423019e-06
1.0578239697018598e-06
1.0573083620937099e-06
1.0571780618241173e-06
1.0570282980490626e-06
1.056859639347465e-06
1.0567682722540653e-06
1.056593466043992e-06
1.056408594903821e-06
1.0558754262192434e-06
1.0551478691769092e-06
1.0544495579869515e-06
1.0537244974078523e-06
1.0530140981107479e-06
1.0522868026011967e-06
1.0515821112985571e-06
1.0508863685149078e-06
1.050144053360074e-06
1.04931674489851e-06
1.0484013334914666e-06
1.047532732953859e-06
1.0466222062795128e-06
1.0457418156268113e-06
1.0448393477880505e-06
1.0439363348198182e-06
1.0430531578878758e-06
1.0436207498740775e-06
1.0450779399897932e-06
1.046558667116663e-06
1.0480568863544139e-06
1.0495012479756454e-06
1.0510354327705651e-06
1.0525173049059383e-06
1.0539974100467928e-06
1.0554824822973857e-06
1.057013193380681e-06
1.058508460481673e-06
1.0600110112929009e-06
1.0614969393466187e-06
1.0646635264226961e-06
1.0676241467919515e-06
1.0706908284389373e-06
1.0737193130173115e-06
1.0767721174159128e-06
1.0797918900168884e-06
1.0828821975962476e-06
1.0858644802974047e-06
1.0889735839304052e-06
1.091983215315215e-06
1.0950778409000923e-06
1.0981390777485434e-06
1.1012524685292816e-06
1.104319726604319e-06
1.1074191277561556e-06
1.110453902268721e-06
1.1135880459461893e-06
1.1166730430421524e-06
1.1198385328897002e-06
1.1228969328913433e-06
1.1260299878379317e-06
1.1291256591774385e-06
1.1322628660324025e-06
1.135351006876628e-06
1.1385604853590828e-06
1.1416151909915817e-06
1.1448402925500588e-06
1.1479317783997438e-06
1.1513053964663621e-06
1.1544356622100655e-06
1.1578045015499282e-06
1.1609824699553757e-06
1.1643304550120919e-06
1.1675044516198195e-06
1.1708420151409494e-06
1.1740856131029242e-06
1.1773859597068148e-06
1.1806683862621496e-06
1.1838994557253675e-06
1.1871681744045387e-06
1.1904058335329408e-06
1.1936122689175289e-06
1.196896753048265e-06
1.2001790365611235e-06
1.2034156405864803e-06
1.2067172956542398e-06
1.2099640527810113e-06
1.213243231282041e-06
1.2165562351270605e-06
1.2198210734438205e-06
1.2230997433202433e-06
1.226429062756024e-06
1.229688684523136e-06
1.233035635343825e-06
1.236332605358901e-06
1.2396583156275973e-06
1.242968105348971e-06
1.2462988085820818e-06
1.249637071136975e-06
1.2529477685587082e-06
1.2562493604942207e-06
1.2596118447620429e-06
1.2630105843228336e-06
1.266298221877338e-06
1.2696740858784553e-06
1.2730273270517531e-06
1.2763779473641118e-06
1.2794519028767591e-06
1.2823583487141721e-06
1.285308790989667e-06
1.2882547828894796e-06
1.2912166167849731e-06
1.2941493857307335e-06
1.2970896861341515e-06
1.3000229038737784e-06
1.3029843098111793e-06
1.305988931516805e-06
1.3095882298912581e-06
1.3131061512793745e-06
1.3167253080155443e-06
1.3202624651473081e-06
1.3238078252123578e-06
1.3269452567417806e-06
1.3300027908804064e-06
1.333179384644249e-06
1.336353579818621e-06
1.3395434183033066e-06
1.3426871928146848e-06
1.3459119392666874e-06
1.3490361926138127e-06
1.352215679676223e-06
1.3554259068913221e-06
1.358579443739825e-06
1.3617996970760526e-06
1.3651026108410273e-06
1.3683557288981012e-06
1.3716043259249708e-06
1.3752189350573451e-06
1.37727245388761e-06
1.3796171505435864e-06
1.3819430042477406e-06
1.384145228901719e-06
1.3865079858296275e-06
1.3887634326668217e-06
1.391025127606626e-06
1.392589155705634e-06
1.3945013412046271e-06
1.3961954201778242e-06
1.3980999406420035e-06
1.3998453944026395e-06
1.4016965580756503e-06
1.403346919328861e-06
1.404117657657385e-06
1.406363872453655e-06
1.4075575090583131e-06
1.409336129862074e-06
1.4108554133660303e-06
1.4124841999662084e-06
1.4140474358374381e-06
1.4156162977448594e-06
1.4172638230491814e-06
1.418805738318357e-06
1.420445535779101e-06
1.4220279742397384e-06
1.4236073219919569e-06
1.4251998178309296e-06
1.4267805650147307e-06
1.428393076200037e-06
1.4299365903810264e-06
1.4315449958614e-06
1.4331437433493497e-06
1.434757899220501e-06
1.436330359448123e-06
1.437897623762922e-06
1.4394739537902949e-06
1.4410753748683147e-06
1.4426681730804461e-06
1.4442676887776207e-06
1.4458867329203336e-06
1.447460967153134e-06
1.4490287182601209e-06
1.450632182418825e-06
1.452217377973024e-06
1.4537996220289832e-06
1.455365738970682e-06
1.4570505862045215e-06
1.4587590674768514e-06
1.460449575189483e-06
1.4621768296628084e-06
1.4639424540329038e-06
1.4652925474791766e-06
1.4647142061048517e-06
1.4650754234622249e-06
1.4647507265497982e-06
1.4650002330731763e-06
1.4647809741770023e-06
1.4649814141196676e-06
1.4648167755448075e-06
1.4647064462188992e-06
1.4644071998176833e-06
1.4643143553389762e-06
1.4640979400491256e-06
1.4640204126947858e-06
1.4638004105786839e-06
1.4636539289746889e-06
1.463467659645273e-06
1.4633764237852912e-06
1.4632243084108526e-06
1.4630636888803612e-06
1.46288909644673e-06
1.4627554837182932e-06
1.4626337063906654e-06
1.462472423063486e-06
1.462377595076872e-06
1.4622382540458292e-06
1.4621368896352413e-06
1.462047965290727e-06
1.4618688491597147e-06
1.4618181945625396e-06
1.4617031728796848e-06
1.4615411603953223e-06
1.4614995353459818e-06
1.4613958489776074e-06
1.4613405402982752e-06
1.4611764151252022e-06
1.4611202972739454e-06
1.4610403901157086e-06
1.4610160293553164e-06
1.460915218323549e-06
1.4610191688939263e-06
1.4611080463488734e-06
1.4627524634062425e-06
1.4640700006754903e-06
1.4655044439408022e-06
1.466867835191399e-06
1.4682925266684752e-06
1.4696926130426996e-06
1.4710750178770633e-06
1.472484787504795e-06
1.4739667302308866e-06
1.4753250153142571e-06
1.4767684682282616e-06
1.4782273860078172e-06
1.479640602973763e-06
1.4811083660526498e-06
1.48251877584179e-06
1.4840037143623455e-06
1.4854132958316289e-06
1.4869256567448467e-06
1.4883670583278676e-06
1.4898328383496942e-06
1.4913234520600095e-06
1.4927873071740262e-06
1.4943117442217042e-06
1.4958166287813662e-06
1.497277763561376e-06
1.4987460971069218e-06
1.5002713027408247e-06
1.5017813866613008e-06
1.5033083391580605e-06
1.5047861607050899e-06
1.5063446704240246e-06
1.507868790935762e-06
1.5094199241817144e-06
1.510917667534898e-06
1.5124762238708362e-06
1.5140264215032486e-06
1.5155438215505074e-06
1.517130345596255e-06
1.5187221732529554e-06
1.520253944613116e-06
1.5218208850396994e-06
1.5234168363720107e-06
1.5249764736816346e-06
1.5265926664239002e-06
1.5281561714555216e-06
1.5297159330246356e-06
1.5313256898129877e-06
1.5329594718410377e-06
