2.432230429157415e-06
8.522881563429049e-07
6.60352946422089e-07
6.176273042106958e-07
6.244941432519297e-07
6.496711272300976e-07
6.794729289788505e-07
7.132639703255833e-07
7.601551872483867e-07
8.061010725240406e-07
8.540108653589613e-07
8.970188980162059e-07
9.367688803745305e-07
9.773424582685524e-07
1.01697966790662e-06
1.0555144440911954e-06
1.09186420600956e-06
1.1293521280007036e-06
1.1671280575767081e-06
1.192073579956152e-06
1.2032391238774634e-06
1.2133883272187405e-06
1.2241544131702462e-06
1.2380344644161476e-06
1.2508862376317435e-06
1.2724145600320733e-06
1.2944856552956086e-06
1.3168862353629718e-06
1.333918093882971e-06
1.3470858199167725e-06
1.36109377464325e-06
1.3757295752268336e-06
1.3911022096465773e-06
1.4081776242746871e-06
1.418610503096585e-06
1.425085302505247e-06
1.421512201617812e-06
1.4117217848848672e-06
1.4006652157594823e-06
1.3897581368988089e-06
1.3793087817482234e-06
1.3695104473189505e-06
1.360418891964999e-06
1.3521118549211775e-06
1.342570996950539e-06
1.335793176921121e-06
1.336789814782022e-06
1.339105213296515e-06
1.3149245226725822e-06
1.287402081764895e-06
1.2678547820093602e-06
1.2450145507278169e-06
1.2193499200190965e-06
1.190539437436283e-06
1.1513564213775907e-06
1.110574915973017e-06
1.0707551481417314e-06
1.0347799663140171e-06
9.956932614717737e-07
9.536244501587524e-07
9.121114913350425e-07
8.629024749025823e-07
8.15740229246028e-07
7.71087148656504e-07
7.300515271672485e-07
6.940206791421208e-07
6.622397882753341e-07
6.34329526592762e-07
6.089722897043997e-07
5.851095306017214e-07
5.626709270936397e-07
5.415837922767331e-07
5.217942084961476e-07
5.03263080105215e-07
4.848478573128646e-07
4.670923020302193e-07
4.5047735373576254e-07
4.3500990225397075e-07
4.2063805125800445e-07
4.073256238269789e-07
3.9504368541973516e-07
3.8373887354486343e-07
3.733731145509645e-07
3.636516200706962e-07
3.543421860486405e-07
3.4590183217910355e-07
3.3838255924665807e-07
3.3283934095894707e-07
3.2817581234690385e-07
3.24268565698233e-07
3.211457942876295e-07
3.1867012365635196e-07
3.1665620249958444e-07
3.157506178392326e-07
3.159502544240323e-07
3.1698265846704066e-07
3.188072353590077e-07
3.2149165761321017e-07
3.2502219838452105e-07
3.293714695443229e-07
3.345469615226546e-07
3.3434232740352955e-07
3.339027907541517e-07
3.341550008582457e-07
3.3489273480829476e-07
3.3590133564340835e-07
3.378131437648979e-07
3.3824286188964997e-07
3.319230277923545e-07
3.2419340833574927e-07
3.167804497200288e-07
3.1013909051583653e-07
3.0655711898287844e-07
3.0349982594010084e-07
3.01245121701581e-07
2.996323528449627e-07
2.988321933461669e-07
2.987218526249856e-07
2.728884191147139e-07
2.6500947559426203e-07
2.3119204570451778e-07
2.1914047825568794e-07
1.9514324772134182e-07
1.7878953595558468e-07
1.607316398903514e-07
1.4442476703433226e-07
1.3830766228431242e-07
1.2594013696938886e-07
1.2101992840916256e-07
1.0888636063880386e-07
1.0700193750157641e-07
1.0589936631033666e-07
1.035405941710218e-07
1.046241580801205e-07
1.0311617027571565e-07
1.0879042165645449e-07
1.0822295486059142e-07
1.1723774805441405e-07
1.1847813463237208e-07
1.2979053847054548e-07
1.329021153285352e-07
1.4742117992448714e-07
1.5150051492560344e-07
1.688161217669028e-07
1.7337006506027129e-07
1.9356292964637056e-07
1.862342989726593e-07
2.1431024519284646e-07
1.8830154485116501e-07
2.191221764402366e-07
1.865695772582617e-07
2.1411053031337487e-07
1.7921284304041532e-07
2.0778274232214454e-07
1.806636013934832e-07
2.080639629984918e-07
1.840189418868071e-07
2.0830775682682068e-07
1.865546372448694e-07
2.0840758456340311e-07
1.829175197315419e-07
1.954774306364371e-07
1.6563445961379645e-07
1.753519507427365e-07
1.499048877801236e-07
1.5805336877512666e-07
1.371615299650986e-07
1.4381379116339377e-07
1.276886172065345e-07
1.3279101550149908e-07
1.2156262571159368e-07
1.250980091300258e-07
1.1890585304997149e-07
1.2083643761954391e-07
1.198563321501958e-07
1.201106074641328e-07
1.207059403175889e-07
1.222643380127858e-07
1.2019801663727578e-07
1.1887854828327645e-07
1.1798345538717343e-07
1.1765668219416653e-07
1.1745640045195292e-07
1.177323884165952e-07
1.1851182008184065e-07
1.2012200993967964e-07
1.227549169503053e-07
1.2958951154570292e-07
1.3983066574563228e-07
1.5293538859620938e-07
1.6956058199003687e-07
1.8953407335166337e-07
2.1295361820979654e-07
2.397522704471364e-07
2.6994326485329377e-07
3.0034445549628107e-07
3.281430393419477e-07
3.542863087276307e-07
3.8061134958395964e-07
4.0790751410741843e-07
4.3646937778777125e-07
4.6493268813325134e-07
4.899015926839921e-07
5.141792145419058e-07
5.353214367432377e-07
5.540573725602106e-07
5.721984631662596e-07
5.814393625909314e-07
5.862734531243285e-07
5.970629557350727e-07
6.134849359336238e-07
6.319150718467933e-07
6.512822708383648e-07
6.720311691460234e-07
7.005217056035786e-07
7.304860917550237e-07
7.623593512045798e-07
7.953419382037908e-07
8.295333999411012e-07
8.638830833545854e-07
8.9472288228871e-07
9.259689389454626e-07
9.578812267785233e-07
9.906169842042561e-07
1.0242027768972872e-06
1.059465566686541e-06
1.0892936754575642e-06
1.1161853707230202e-06
1.1426234161161215e-06
1.1692122521356931e-06
1.196100526197431e-06
1.222928049518539e-06
1.2470383438591387e-06
1.2653474195780398e-06
1.2860070958387956e-06
1.2961738699094338e-06
1.2849984309169104e-06
1.271316242947537e-06
1.2548577168147696e-06
1.2378359536695208e-06
1.2217606691028387e-06
1.2008176801567894e-06
1.1914395589472264e-06
1.1777502094518759e-06
1.169876206067129e-06
1.147072265521166e-06
1.1471392438811886e-06
1.112843316687247e-06
1.1232150108629493e-06
1.0842732263166258e-06
1.0969775613551324e-06
1.0551483113021158e-06
1.071729218601163e-06
1.0236957841384738e-06
1.041640948705767e-06
9.869485535024693e-07
1.0084281320039609e-06
9.471357992331262e-07
9.78194074956692e-07
9.086363351393481e-07
9.448174097299705e-07
8.797919056543462e-07
9.193522983084896e-07
8.529366230260915e-07
8.976709137739855e-07
8.318722548452532e-07
8.790307916002062e-07
8.102966661179856e-07
8.624418763755896e-07
7.928386459689443e-07
8.44836424746135e-07
7.6557038818731e-07
8.155730109140919e-07
7.276522956880311e-07
7.770026309864148e-07
6.916594366204434e-07
7.457782765588411e-07
6.776229012547717e-07
7.276311994407289e-07
6.68927253492448e-07
7.102452418209049e-07
6.465188952284857e-07
6.540078278121905e-07
6.058372916284063e-07
6.012033111580361e-07
5.72323183946797e-07
5.551648582902108e-07
5.212887522832396e-07
4.93554790689549e-07
4.442534297660478e-07
4.154634368102218e-07
3.563339325017957e-07
3.49093478540767e-07
2.7174230274693886e-07
3.1123610057617284e-07
2.0502503851935643e-07
2.948618534946676e-07
1.9858894284775968e-07
3.2241240280382264e-07
2.0545640319879584e-07
3.6182483268865594e-07
1.8888083452708723e-07
3.7606763793606173e-07
2.0502758633518225e-07
4.1178949878135596e-07
2.3066827004289937e-07
4.647905499396492e-07
2.873844735425845e-07
5.694326116223064e-07
3.689264579460834e-07
6.723347393713908e-07
4.58963384676494e-07
7.833301100562759e-07
5.556812684309034e-07
9.059994435950752e-07
6.683531621512177e-07
1.034480838765503e-06
8.004212564263788e-07
1.1594673062069292e-06
9.210574899969179e-07
1.268163706084864e-06
1.0254615398040466e-06
1.3917456287046642e-06
1.1456062017472946e-06
1.5308616331581384e-06
1.2798402417078533e-06
1.6817593734286436e-06
1.4221557803128902e-06
1.8198277090500668e-06
1.5340973233820834e-06
1.9439335671996885e-06
1.644236011076934e-06
2.073219218404067e-06
1.7566199715831241e-06
2.197463911922141e-06
1.871152472018559e-06
2.311676492772428e-06
1.96708566473401e-06
2.4575140890441723e-06
2.0713525322696635e-06
2.5316308759856223e-06
2.1646536035215713e-06
2.589875324663556e-06
2.2615983767186326e-06
2.6217547799685047e-06
2.338628786546725e-06
2.635410311187163e-06
2.4021563605428784e-06
2.5876393783318505e-06
2.4587377026081472e-06
2.5145977436431203e-06
2.4569000903889307e-06
2.481890799680159e-06
2.4387852689085485e-06
2.439720179764588e-06
2.4139590133078706e-06
2.3860387039240096e-06
2.377267230173336e-06
2.3403597022553743e-06
2.3366985782830256e-06
2.2820377607159212e-06
2.2876499724278087e-06
2.2737435642039596e-06
2.2617088012123227e-06
2.2583173685762953e-06
2.2415495561822318e-06
2.2304773112932784e-06
2.215420614240087e-06
2.204402168551492e-06
2.19196598086257e-06
2.181609395383197e-06
2.1752533207820005e-06
2.1655848713623263e-06
2.1314667663749846e-06
2.0938398111948488e-06
2.0619136742301714e-06
2.036256172835289e-06
2.009485664805288e-06
1.9700325597799537e-06
1.9229138211075066e-06
1.8711553314243163e-06
1.817058936257046e-06
1.7627400859352096e-06
1.7095407816262779e-06
1.6678901938543156e-06
1.6447669786539981e-06
1.6165260724558937e-06
1.5888017460650357e-06
1.563497478719314e-06
1.5395045692441539e-06
1.5172235343401827e-06
1.4963234567005968e-06
1.4770009719322182e-06
1.4589555095586582e-06
1.4428524478444994e-06
1.4288545996669433e-06
1.4166182392418805e-06
1.4056202311807182e-06
1.395731520693214e-06
1.3743587545565377e-06
1.352415860710993e-06
1.333667973812584e-06
1.3158146480218788e-06
1.2839924182388118e-06
1.262827334011977e-06
1.236222239786973e-06
1.2194720735762996e-06
1.2002618704937164e-06
1.189337099537985e-06
1.1773544755002507e-06
1.1850464014822976e-06
1.1816557055812958e-06
1.195195038695775e-06
1.196118663633016e-06
1.2159964505524282e-06
1.2239117262198123e-06
1.2631594899437496e-06
1.2737164050522216e-06
1.3210015225071717e-06
1.31136740743682e-06
1.3382398048387948e-06
1.316994817764304e-06
1.3395561834764576e-06
1.3232791314389548e-06
1.340961798377859e-06
1.331533129414797e-06
1.3565080652518218e-06
1.34975584609088e-06
1.3447059229831256e-06
1.3286691816700808e-06
1.3230991666701278e-06
1.3126304778686857e-06
1.3092763739038662e-06
1.2914806055836668e-06
1.269651744131251e-06
1.2493308188504897e-06
1.221075033141192e-06
1.1954915476593285e-06
1.1701013093559605e-06
1.1478609286092447e-06
1.127079462904008e-06
1.1088676779276125e-06
1.0924473990212262e-06
1.078349417349155e-06
1.0662169911514857e-06
1.0562395060007034e-06
1.0407203185123993e-06
1.0281545974768695e-06
1.0169625872123229e-06
1.008526564446086e-06
9.891165090822239e-07
9.61000925470781e-07
9.326564409905652e-07
9.071492745048443e-07
8.818909625832008e-07
8.589467955470575e-07
8.377740459727743e-07
8.200849041035031e-07
8.01034144567132e-07
7.852108644677912e-07
7.69442913345019e-07
7.575327924615061e-07
7.392819608361353e-07
7.22612123329995e-07
7.072881960974466e-07
6.924911636175774e-07
6.792809719303197e-07
6.665242594539456e-07
6.55209572764964e-07
6.444417349582138e-07
6.310343479534795e-07
6.209988775795993e-07
6.109869339358389e-07
6.038007980763093e-07
5.907632329870289e-07
5.801740532695969e-07
5.702621439842094e-07
5.593894194122503e-07
5.490262590621393e-07
5.389835466132038e-07
5.300267051877245e-07
5.219947310776309e-07
5.162398035090142e-07
5.157741746199927e-07
5.066611635844589e-07
4.942813463359752e-07
4.8088745694565e-07
4.673473037771868e-07
4.561071071130263e-07
4.464681592887429e-07
4.371000392882055e-07
4.279947223458592e-07
4.1917488411569146e-07
4.1057947820631025e-07
4.001888123162696e-07
3.68534983077054e-07
3.450659039528663e-07
3.1954630151053175e-07
3.008282090489444e-07
2.8197063839091207e-07
2.6701867067873005e-07
2.531377217178693e-07
2.3698230947949848e-07
2.2285072772393643e-07
2.1138945906890167e-07
2.0386873010168997e-07
1.982200986845342e-07
1.9260537427065482e-07
1.877827106385887e-07
1.8418957628147364e-07
1.8190763535659324e-07
1.8095594846502045e-07
1.8136709395264144e-07
1.8327892738070082e-07
1.8665066096919408e-07
1.910191289239299e-07
1.965755960429959e-07
2.0260449947407096e-07
2.0918762049992534e-07
2.1685700375540426e-07
2.259594547007395e-07
2.373493228888159e-07
2.507107100182648e-07
2.658721766884368e-07
2.8315421902123564e-07
2.9956695124387786e-07
3.1494898795569624e-07
3.266265888883159e-07
3.361827274714256e-07
3.488629509510307e-07
3.6439481977239077e-07
3.8063153648318963e-07
4.0149919621288213e-07
4.310202653282664e-07
4.690363244230637e-07
5.099327033912554e-07
5.5492655238011e-07
6.04083253325411e-07
6.567797389091489e-07
7.05905402724685e-07
7.623684362470547e-07
8.226371607828286e-07
8.8679843927709e-07
9.469251946248669e-07
1.039196659479191e-06
1.1201794151038831e-06
1.2056761600909771e-06
1.2619973828495825e-06
1.3289016577091896e-06
1.4016650178670751e-06
1.4795134259718897e-06
1.561762151129383e-06
1.64817260808265e-06
1.7398408159982768e-06
1.8364626600637123e-06
1.9377689762756135e-06
2.0434683987824195e-06
2.151113614145499e-06
2.2398359764783637e-06
2.3041262540004996e-06
2.3434163581861403e-06
2.3797490360015232e-06
2.4158390092390456e-06
2.45254226007919e-06
2.4901816000699332e-06
2.528958394402616e-06
2.5689430725082617e-06
2.5950241658601662e-06
2.5836649713761114e-06
2.542806237984685e-06
2.494987781137327e-06
2.4218989711143298e-06
2.3329627237778883e-06
2.2289281982245577e-06
2.1128041475864448e-06
1.9962504399534425e-06
1.8783142059595325e-06
1.7587721505527402e-06
1.644913920245435e-06
1.541020520427831e-06
1.4483436871534787e-06
1.3675469169268709e-06
1.2937556717996915e-06
1.2280508937069051e-06
1.1842112524413181e-06
1.1477873860616655e-06
1.1193778618002378e-06
1.0958202600036981e-06
1.0750977932557125e-06
1.053074038010506e-06
1.032176165070342e-06
1.0134790413343688e-06
9.974403312506197e-07
9.87716222292864e-07
9.821640483880069e-07
9.798248091761418e-07
9.804898506092187e-07
9.838208093539238e-07
9.848311508080317e-07
9.880134499972486e-07
9.877519304538176e-07
9.927346011089887e-07
9.980819333906302e-07
9.931580075472357e-07
9.818311628669014e-07
9.637509406630554e-07
9.453364863606708e-07
9.289552016099148e-07
9.058915831254197e-07
8.729602932518893e-07
8.408194580323426e-07
8.113482118509613e-07
7.850121847719745e-07
7.619695450178303e-07
7.47720261560443e-07
7.434546957285624e-07
7.428393796311789e-07
7.453015277973649e-07
7.509146980503298e-07
7.62434410970527e-07
7.791758321087925e-07
8.004878356391719e-07
8.148537487579388e-07
7.956799253966389e-07
7.840689626862615e-07
7.680842307497339e-07
7.518282376486051e-07
7.3647749075836e-07
7.142972299144303e-07
6.656554724887426e-07
6.395381078541667e-07
6.019698247812249e-07
5.674822828467592e-07
5.437709138070177e-07
5.230253319199532e-07
5.155162820704377e-07
4.996118963441697e-07
4.951408229939344e-07
4.907865062664591e-07
4.947590190659718e-07
4.936190081088773e-07
4.966805721124849e-07
4.931907482492353e-07
4.951378871247722e-07
4.927862528318583e-07
4.98361010602852e-07
5.04172483287819e-07
5.144323006061422e-07
5.329599424170422e-07
5.516440230793012e-07
5.835541562142838e-07
6.188470233117951e-07
6.494891414294681e-07
6.729946764328416e-07
7.035348570406053e-07
7.366037628408667e-07
7.712188425037807e-07
8.105579204197552e-07
8.523125914726301e-07
8.97930980682402e-07
9.533847101127739e-07
1.0139544818816951e-06
1.0704333265553389e-06
1.114546722871053e-06
1.1649551175190768e-06
1.2187884079051727e-06
1.2375481715558827e-06
1.2463824887110914e-06
1.231975747848493e-06
1.2228568865972153e-06
1.3326793468283961e-06
1.3813573793350004e-06
1.5265705665517836e-06
1.5391424151625503e-06
1.7687058243011383e-06
1.6992777208637054e-06
1.955225603514924e-06
1.8354772658511426e-06
1.949166952517506e-06
1.918021550184307e-06
1.9483956296524898e-06
1.9313592084027605e-06
1.8707085473658025e-06
1.8288260740050683e-06
1.803005976988215e-06
1.746929312146787e-06
1.6479509729235465e-06
1.586434724832083e-06
1.5586986385610108e-06
1.5527136815134406e-06
1.555476133771627e-06
1.5520403390513095e-06
1.5329141491617201e-06
1.513335783780646e-06
1.4939263065846833e-06
1.478694180328711e-06
1.4692349414212425e-06
1.45268616229854e-06
1.4601501810872296e-06
1.4824673429293913e-06
1.5147038793374012e-06
1.5359890155877111e-06
1.4934003511596793e-06
1.459681910678953e-06
1.4312245726381738e-06
1.4080183455025754e-06
1.372198952359286e-06
1.303467775117307e-06
1.2096876344136323e-06
1.110118867860449e-06
1.012401316402084e-06
9.234745434597271e-07
8.501557672240625e-07
7.98561967598474e-07
7.671187224062486e-07
7.423366664429673e-07
7.200373513922592e-07
6.942275448303776e-07
6.651206588086131e-07
6.49314022785298e-07
6.167897115922295e-07
6.004471494805587e-07
5.831170184730904e-07
5.774462022225559e-07
5.726220255896445e-07
5.681884261494146e-07
5.637515306757783e-07
6.049803093920745e-07
6.462981768582952e-07
6.857263003628806e-07
7.270161571064756e-07
7.682960594236093e-07
8.106621552258801e-07
8.547809304460362e-07
9.02584349649613e-07
9.370211718414517e-07
9.663705597728072e-07
9.931168370045116e-07
1.0250909384979432e-06
1.0596278251127503e-06
1.0939330418786873e-06
1.1229320679398219e-06
1.1544502998693331e-06
1.1822353561032633e-06
1.209429963269422e-06
1.2347469507799198e-06
1.2597714334546051e-06
1.2844064183914014e-06
1.304486818208359e-06
1.3223356338471306e-06
1.3355001778578935e-06
1.3621495229732378e-06
1.394493936200667e-06
1.4239712593219853e-06
1.4572191287796412e-06
1.4862460724626108e-06
1.518008888772339e-06
1.5439590534937245e-06
1.5737617671082404e-06
1.5863534668580538e-06
1.6061513647171577e-06
1.613643652662101e-06
1.6109444288938443e-06
1.5834901824554883e-06
1.5606273923367263e-06
1.5390402090228337e-06
1.5175756975766743e-06
1.4988890036018254e-06
1.4815997465192878e-06
1.464532773446108e-06
1.4473159746989276e-06
1.4237852309550625e-06
1.3983723853965778e-06
1.3824867537804113e-06
1.3702103271059612e-06
1.3596690140303095e-06
1.359121342397946e-06
1.3597777638323191e-06
1.346252464294509e-06
1.3270562595369425e-06
1.3087573141625456e-06
1.2914495851987893e-06
1.2750826765992681e-06
1.259543134652132e-06
1.2422220387021239e-06
1.2250779583325399e-06
1.2087139057689716e-06
1.1926688735279032e-06
1.1690618010982937e-06
1.1459048952430914e-06
1.1162282338693834e-06
1.0803651252218738e-06
1.0436651065563098e-06
1.009209953506963e-06
9.764075227658957e-07
9.461736142573694e-07
9.192259468901531e-07
8.945242032282325e-07
8.712171987983085e-07
8.496346851977576e-07
8.301834484308592e-07
8.12794557166999e-07
7.972389667996602e-07
7.927669888997774e-07
7.9547595287359e-07
8.017867764086378e-07
8.103524713604663e-07
8.206527209679402e-07
8.328160687721787e-07
8.469992280860392e-07
8.625505526475427e-07
8.778653708981879e-07
8.940397541603736e-07
9.118338312170123e-07
9.321908741390312e-07
9.532602777888859e-07
9.730706672242207e-07
9.94490008595725e-07
1.0177631747833135e-06
1.042488567352715e-06
1.0732570406014385e-06
1.1082671516049958e-06
1.1457670457113585e-06
1.1849276309491956e-06
1.2249038267747158e-06
1.2647326175431603e-06
1.3054174338813368e-06
1.3356334038464802e-06
1.3572373572906943e-06
1.3776374193018085e-06
1.40881646839117e-06
1.4477498835291046e-06
1.4801487506712512e-06
1.500207769490755e-06
1.4959394830477842e-06
1.4876953906758041e-06
1.4805448499211803e-06
1.4748007957998217e-06
1.4691502732259683e-06
1.4583999671210872e-06
1.4482374750667575e-06
1.4393511788257606e-06
1.4316744529963444e-06
1.4250802057380492e-06
1.4195487410936514e-06
1.4151577055418633e-06
1.4002296139276899e-06
1.2815677123731135e-06
1.2531910391285962e-06
1.1986291495094859e-06
1.1549492909103322e-06
1.107782650748511e-06
1.0685467868046668e-06
1.03001608419894e-06
9.939902118850057e-07
9.211812077346509e-07
8.672176195052959e-07
8.115191874940083e-07
7.672693883769042e-07
7.052365317865267e-07
6.753724875471316e-07
6.417479402420545e-07
6.119524266206463e-07
5.826430012871542e-07
5.557414776202196e-07
5.269027579116652e-07
5.004906692849887e-07
4.7578237330714454e-07
4.703836783131867e-07
4.682468824085559e-07
4.6684641490294765e-07
4.6568256237598856e-07
4.590285635764342e-07
4.413404332373846e-07
4.264715031374521e-07
4.1143636876614124e-07
3.979409307647357e-07
3.848384584482982e-07
3.721180458984229e-07
3.5968263893580686e-07
3.4564563279848087e-07
3.268944234376639e-07
3.0934821941095005e-07
2.9229551441726375e-07
2.765973529174279e-07
2.655505393150618e-07
2.4995591928355245e-07
2.3269692492535755e-07
2.164827906008147e-07
2.0091154249706675e-07
1.8604292017994696e-07
1.719137774012017e-07
1.5852752757351564e-07
1.4591164748638324e-07
1.340450504675391e-07
1.2640038750244927e-07
1.2500905108332266e-07
1.2586469246179714e-07
1.3024178857105882e-07
1.3808420990855586e-07
1.4765978849731926e-07
1.583133962476291e-07
1.698922749787032e-07
1.811296386715916e-07
1.911704112658447e-07
2.0121988121458681e-07
2.1177861546699924e-07
2.228577216945088e-07
2.3455911647103478e-07
2.46739794428269e-07
2.575195183510818e-07
2.6856800604923066e-07
2.802467157868351e-07
2.926762474361738e-07
3.0323130493708416e-07
3.12541903634842e-07
3.357704334545612e-07
3.7233686911254964e-07
4.1778439419443856e-07
4.6988874970565504e-07
5.256415907387491e-07
5.745657434688458e-07
6.1097275563871e-07
6.463902255023244e-07
6.862063252771036e-07
7.277692681588773e-07
7.711251085916505e-07
8.160930222860725e-07
8.628005378437426e-07
9.112012538931131e-07
9.613194682382542e-07
1.0067275497800637e-06
1.0503365007133923e-06
1.0941548924203804e-06
1.137068055756744e-06
1.1770727209012903e-06
1.2154612967152787e-06
1.2499940269092124e-06
1.2764514458308266e-06
1.3002702002439366e-06
1.3230282402968455e-06
1.3457274219208116e-06
1.3684807942969809e-06
1.4163419795066655e-06
1.4227289989317973e-06
1.4123305417247052e-06
1.3977852417327465e-06
1.356222115312569e-06
1.3524561426043348e-06
1.3599343464366296e-06
1.3711520172222316e-06
1.3812496156415337e-06
1.3916100470918443e-06
1.4024659061547986e-06
1.4106481448664404e-06
1.4110523985132463e-06
1.4098035310810145e-06
1.408379449496905e-06
1.407652520008411e-06
1.3899650530625491e-06
1.3656038812466864e-06
1.3378042850895006e-06
1.3038845652245319e-06
1.2688547453107824e-06
1.2331885555743637e-06
1.2095626962751862e-06
1.1881046034201247e-06
1.1679531218609473e-06
1.1489330215470068e-06
1.1309515469551618e-06
1.1140764536029717e-06
1.0982778052729782e-06
1.0835458457075347e-06
1.062147271750131e-06
1.037216396302131e-06
1.0096956471265912e-06
9.885789943711901e-07
9.656771888170429e-07
9.397980851755336e-07
9.116543454203315e-07
8.818079209742095e-07
8.522068269275606e-07
8.215031451056279e-07
7.861598101168913e-07
7.470197636910622e-07
7.028184971681695e-07
6.586940928905644e-07
6.151437298202834e-07
5.750446739599014e-07
5.375827105116129e-07
5.02647306930133e-07
4.751283526670477e-07
4.525874201125512e-07
4.3279856989860646e-07
4.1509475170289914e-07
4.002560207793932e-07
3.880452455233768e-07
3.7530075008732825e-07
3.6289231316203583e-07
