8.197808657663948e-06
1.9744674085087304e-06
1.3236638911749774e-06
1.4415662939284846e-06
1.5101455169863357e-06
1.5797818127106712e-06
1.655469087728632e-06
1.748231494466537e-06
1.8338307405560528e-06
1.9494622349279785e-06
2.0508052576181247e-06
2.1757162715720484e-06
2.25170966206385e-06
2.370561105338243e-06
2.4285073683752404e-06
2.520749457243193e-06
2.519404532341488e-06
2.586181472331213e-06
2.563219874423959e-06
2.641865004717989e-06
2.6184802738286594e-06
2.6741972035651047e-06
2.6616578477082995e-06
2.7116768890766312e-06
2.7186401524053185e-06
2.757704026263186e-06
2.7719986322941068e-06
2.7871969590071513e-06
2.7980171336210835e-06
2.769875176175118e-06
2.736003255741147e-06
2.7158406674866083e-06
2.697920325712607e-06
2.6842508843679376e-06
2.6564302484263165e-06
2.5779411992807253e-06
2.492760858836385e-06
2.409492878916081e-06
2.3341809945720224e-06
2.2688325142047213e-06
2.213517212122291e-06
2.1721801916416384e-06
2.1060280271914137e-06
1.9915586727006205e-06
1.9034706182933034e-06
1.814628957369901e-06
1.7379329865403244e-06
1.6728921047396474e-06
1.6102407076194833e-06
1.5542132848997097e-06
1.5100146461478876e-06
1.4582127389844013e-06
1.4250234583465047e-06
1.4004671647518136e-06
1.3788129060679918e-06
1.3594274867947312e-06
1.3422721417690416e-06
1.3273226576945462e-06
1.314530341885665e-06
1.304620507287204e-06
1.2986119491330545e-06
1.291402409672214e-06
1.2875013429437946e-06
1.281177555979531e-06
1.2752522005072462e-06
1.2705713369991435e-06
1.265362739457512e-06
1.2389500095318483e-06
1.197185433768125e-06
1.1548881888512267e-06
1.113627432822737e-06
1.0713758771568348e-06
1.031619161055716e-06
1.002778229587743e-06
9.69380926561691e-07
9.414673815841588e-07
9.101365512316589e-07
8.774918675462112e-07
8.457346013376301e-07
8.156552918315289e-07
7.888472892622702e-07
7.660192910366629e-07
7.419397934600019e-07
6.969375578241887e-07
6.757979902221306e-07
6.228373674002936e-07
6.207968302876363e-07
5.47817872242797e-07
5.90693474446933e-07
4.831199532261376e-07
6.358260569627802e-07
5.719080417965968e-07
7.647335039747036e-07
8.260158021637095e-07
7.925514058090821e-07
7.948916621846336e-07
6.871590683046317e-07
7.200385583319505e-07
4.3024097746496986e-07
5.85826347075791e-07
3.0716476391503654e-07
4.46080577895764e-07
3.1539808592671203e-07
3.6573182207472554e-07
3.119870167154526e-07
2.8914928764431644e-07
2.501717882842608e-07
2.2036270299314238e-07
1.910214792266274e-07
1.6929542701867225e-07
1.4778967108021786e-07
1.364251574392514e-07
1.3547143323945057e-07
1.502893354305155e-07
1.7992512815512575e-07
2.2723555628937863e-07
2.546391342817843e-07
2.791462249971741e-07
2.928008706406689e-07
3.154441814015846e-07
3.5527858826401334e-07
3.931591510869104e-07
4.40848257061408e-07
4.787996879839891e-07
5.218442807213939e-07
5.650219648920186e-07
6.181888067927536e-07
6.767453377710993e-07
7.324771492231779e-07
7.838403911220389e-07
8.349729847712353e-07
8.857406432076123e-07
9.435157907499274e-07
1.008133926899786e-06
1.0754617836109717e-06
1.1403423274502978e-06
1.2144242903067034e-06
1.2840244373462765e-06
1.350988300323836e-06
1.402082136898782e-06
1.4401058216207352e-06
1.4815095675770622e-06
1.525992513917801e-06
1.5719011109426633e-06
1.6032552104049153e-06
1.62410768780877e-06
1.6433388085886978e-06
1.663926353986911e-06
1.6861296025167122e-06
1.7100047015626219e-06
1.71816792315003e-06
1.7120409328502092e-06
1.704244185539642e-06
1.703876613724492e-06
1.7047637416502096e-06
1.706525913503511e-06
1.7087426421889037e-06
1.7113748465382122e-06
1.7143187608460073e-06
1.7148332401893872e-06
1.6871684622661196e-06
1.6443547721641608e-06
1.6013960086076652e-06
1.560080430451439e-06
1.5175835313299098e-06
1.4724339038148215e-06
1.4261578100279634e-06
1.3737332183418177e-06
1.2769941772740888e-06
1.2313156996329187e-06
1.2390994206693404e-06
1.2456706170771226e-06
1.254115574875203e-06
1.2779356702611545e-06
1.2889813353819608e-06
1.2827646771991467e-06
1.2643362022427526e-06
1.2412302139640638e-06
1.216608037796454e-06
1.1901217906316684e-06
1.1498175817123449e-06
1.1035016383376147e-06
1.0586240619820263e-06
1.0151426312031056e-06
9.875241911000484e-07
9.615007161531278e-07
9.368240881490057e-07
9.137743696217545e-07
8.950394745984061e-07
8.838649903261633e-07
8.738039757177334e-07
8.648371285519111e-07
8.570076770645705e-07
8.501516649917081e-07
8.442572626991109e-07
8.507753014135492e-07
8.516494871247926e-07
8.637704765634543e-07
8.638265437450197e-07
8.81619615807938e-07
8.797151410062693e-07
9.029378172268005e-07
8.886494154142498e-07
9.114889812483715e-07
9.024115504894375e-07
9.205971156115874e-07
9.069718792859989e-07
9.348489478558675e-07
9.215837482439691e-07
9.625493711990362e-07
9.80684463099324e-07
1.004686655981415e-06
9.663273723125881e-07
9.202271991347052e-07
8.787376980374204e-07
7.71519332995452e-07
6.738563697158712e-07
5.975120744195923e-07
4.931746704076948e-07
3.9592896590545665e-07
3.2112092794370533e-07
2.7917554177829317e-07
2.62486429096079e-07
2.707632395785212e-07
2.7894970828177805e-07
3.2217331796701706e-07
3.6106509289601837e-07
4.509572799220329e-07
4.956315790406917e-07
6.469750898926169e-07
6.577062036532712e-07
9.355851522276967e-07
8.615087547181959e-07
1.1672734571366158e-06
1.104087060732846e-06
1.4174653781617127e-06
1.2020571590742414e-06
1.5264651147096038e-06
1.2906154504558732e-06
1.6138277602662005e-06
1.3474510381130212e-06
1.6865097689401843e-06
1.4056278967400528e-06
1.7645180583786352e-06
1.4749792545581729e-06
1.8562585726662897e-06
1.5543627520801015e-06
1.9561704481197204e-06
1.6368337704934802e-06
2.059549506646054e-06
1.6786782311859869e-06
2.1370287308819183e-06
1.7642519731577124e-06
2.212272582144238e-06
1.8390413643181996e-06
2.2545486044440586e-06
1.9202600156079185e-06
2.298089032594344e-06
1.9730682713260014e-06
2.324591581009078e-06
1.974014931408968e-06
2.365929575448466e-06
2.0588184441570777e-06
2.3740746124273066e-06
2.183751515970066e-06
2.3771778636602424e-06
2.2596665859301387e-06
2.3681110241221163e-06
2.3139445985698967e-06
2.3615648531266194e-06
2.3210217625958295e-06
2.363917702856048e-06
2.3327962120654534e-06
2.348249939531052e-06
2.3100947691325235e-06
2.2905452565502226e-06
2.2533423876150757e-06
2.2084080471463812e-06
2.1442471457479233e-06
2.066403999280079e-06
1.989814158501667e-06
1.9177315964426833e-06
1.8415900261190906e-06
1.7731101100006074e-06
1.7165740309047979e-06
1.703742043797174e-06
1.6807280145199228e-06
1.6454071671778975e-06
1.6098952709605187e-06
1.5725290832803888e-06
1.5319660230741186e-06
1.4742202191621826e-06
1.416930977121954e-06
1.3623847388190294e-06
1.3109542791642965e-06
1.2618168156918203e-06
1.2147131266577024e-06
1.169606061834734e-06
1.1264196662139903e-06
1.0851589145289738e-06
1.0457931388290895e-06
1.0083485997431833e-06
9.718773610518074e-07
9.444199485206391e-07
9.160519314613062e-07
8.898522862481413e-07
8.64790993111326e-07
8.413928955491463e-07
8.197621290420079e-07
7.997809524503683e-07
7.813674874191627e-07
7.621720637174528e-07
7.258365100436145e-07
6.91762118797448e-07
6.57607404683546e-07
6.226911832894669e-07
5.898311989641475e-07
5.589283523731894e-07
5.184059913869402e-07
4.744611716581671e-07
4.4843703042902715e-07
4.186846488166797e-07
3.8870974287693984e-07
3.522708800662092e-07
3.2037391665994213e-07
2.93231440027409e-07
2.739593748117549e-07
2.618390286155403e-07
2.5597031077638007e-07
2.6365436824043435e-07
2.8483693586755004e-07
3.1679214239295405e-07
3.339391902596503e-07
3.498847585629519e-07
3.6879536397769464e-07
3.906078623851886e-07
4.211692384745993e-07
4.6048745515197057e-07
5.078080126484138e-07
5.613509958561109e-07
6.137812130323696e-07
6.583967422100252e-07
7.029601407109312e-07
7.419120587141756e-07
7.8170749457515e-07
8.08653912132296e-07
8.207758966679851e-07
8.323885404042774e-07
8.45952828310272e-07
8.61809443661721e-07
8.801034034524259e-07
8.865169033566799e-07
8.79812706288502e-07
8.683303996162714e-07
8.327503639320648e-07
7.940059334098294e-07
7.211275923650444e-07
6.751589927704811e-07
6.190478906880077e-07
5.737114007727139e-07
5.263535704306717e-07
4.842909215690598e-07
4.4665918292002977e-07
4.156431394439707e-07
3.858215517174318e-07
3.4044288764181e-07
2.7371222707268846e-07
2.466881225753986e-07
1.8763051199726863e-07
1.777631409152631e-07
1.2762439361081507e-07
1.2988045309147805e-07
9.807118468462822e-08
1.0546543798131464e-07
1.0288849858469305e-07
1.1003327086289244e-07
1.2777310928101127e-07
1.4647164990074568e-07
1.736554372977797e-07
2.009790586278521e-07
2.2840833657511466e-07
2.6313280340770454e-07
3.052851259722187e-07
3.4723067747031635e-07
3.9930924786429983e-07
4.5535090595036325e-07
5.294332337326165e-07
6.196335697524385e-07
7.116141881576765e-07
8.070983795046061e-07
9.197395378114902e-07
1.0364941238774259e-06
1.1570422071860127e-06
1.2674936464891604e-06
1.3923430519439816e-06
1.5221127887900598e-06
1.6968541419379388e-06
1.8511479673260848e-06
1.993997874918422e-06
2.0915351509608886e-06
2.177123241789283e-06
2.259725805043137e-06
2.3403342220675688e-06
2.3886283311631164e-06
2.4242428750206716e-06
2.4719921586336128e-06
2.5140850178085497e-06
2.5706709029791204e-06
2.6386192177936523e-06
2.720589517836218e-06
2.7753264718560224e-06
2.7962940286575294e-06
2.8157249909468022e-06
2.8387492759610247e-06
2.8666750747917115e-06
2.905527913507036e-06
2.962116299688959e-06
3.0272618382124846e-06
3.0948389026582775e-06
3.0832567202051957e-06
3.03543346303667e-06
2.9994926200966674e-06
2.97134593308583e-06
2.9417877447984276e-06
2.945818968524093e-06
2.9793408104700466e-06
3.016793404534333e-06
3.0606104790969755e-06
3.111590790216032e-06
3.1622342768965397e-06
3.1663781787880597e-06
3.115249757798865e-06
3.093039203992273e-06
3.0730172684261215e-06
3.0824336294532895e-06
3.0956761028030615e-06
3.0922019735716664e-06
3.0709294523779484e-06
3.068891426111688e-06
3.004995612566941e-06
2.9675223489080737e-06
2.915907580011865e-06
2.8491460567114845e-06
2.791735591696344e-06
2.589046001108907e-06
2.6329762768342296e-06
2.515615084787503e-06
2.5044471112646305e-06
2.486308674189582e-06
2.4377395812598247e-06
2.3356604570601554e-06
2.273038430089972e-06
2.239669918069112e-06
2.2030202582109742e-06
2.18343756940496e-06
2.14208815689512e-06
1.9660306932570484e-06
1.8622057282269792e-06
1.7512977617191419e-06
1.6337541254917482e-06
1.5797116452983456e-06
1.6625263014975825e-06
1.8434193191292368e-06
2.122750308970987e-06
2.435405436126558e-06
2.5946830532459197e-06
2.7084037773546025e-06
2.7490947502022595e-06
2.8070527600932502e-06
2.874841682208355e-06
2.956025894427524e-06
3.0442137051155417e-06
3.133183263996032e-06
3.214652835638578e-06
3.271575709383092e-06
3.3395750930113074e-06
3.3757943053818026e-06
3.2979071008574923e-06
3.2283309777505712e-06
3.151098478667246e-06
3.1004897010837127e-06
3.0591874778328465e-06
3.042842340981737e-06
3.0165681755516924e-06
3.0428674691811454e-06
3.0708731475761508e-06
3.049383526237188e-06
3.015338447170343e-06
2.994387538272649e-06
2.971149353626097e-06
3.0001061238042376e-06
3.05662264098716e-06
3.114076569146975e-06
3.1940544973632637e-06
3.289086834149844e-06
3.418544228975058e-06
3.492775281971563e-06
3.5383121324090547e-06
3.565577845226857e-06
3.576860527274661e-06
3.5311041163581938e-06
3.4642735997221765e-06
3.400445205135284e-06
3.3301916487509774e-06
3.2605827106677236e-06
2.9103394345475056e-06
2.6061855098067095e-06
2.3342183946485054e-06
2.067192632497927e-06
1.8842508741235942e-06
1.7782784628648081e-06
1.6956321708152634e-06
1.6735129135058486e-06
1.70439712095536e-06
1.7498256026733549e-06
1.8138947931884964e-06
1.9285994810218613e-06
2.072907238290467e-06
2.2272679513777735e-06
2.3817212461473018e-06
2.516228267159091e-06
2.6426891651669507e-06
2.785510213907786e-06
2.9387793450795195e-06
3.4181526061342543e-06
3.5740960893534142e-06
3.943584549461042e-06
4.049998889950623e-06
4.299248673431968e-06
4.488587138308135e-06
4.688956787688032e-06
4.753846070550632e-06
4.639570569719871e-06
4.283172469480918e-06
3.868508245325108e-06
3.5406791520382694e-06
3.2405677354080004e-06
2.981694676864057e-06
2.7681356727681137e-06
2.6078459542906664e-06
2.4996354781515595e-06
2.444812557301486e-06
2.3984218745396e-06
2.321936806836238e-06
2.2855485023405538e-06
2.234471691442617e-06
2.1908305937084907e-06
2.1251607337720694e-06
2.0774816147188316e-06
2.0436406957813258e-06
2.0349229661251795e-06
2.006993469073045e-06
1.9786549993039295e-06
1.9493343395035436e-06
1.9229935627538528e-06
1.9023086925178325e-06
1.8681844977846695e-06
1.8414586646977542e-06
1.8352421045392899e-06
1.8102435302424799e-06
1.7805755275521903e-06
1.779087349371119e-06
1.8178992071440106e-06
1.862052157274527e-06
1.9056494716921943e-06
1.956331131745589e-06
2.00420307718331e-06
2.0571040876040313e-06
2.105670958079386e-06
2.1609618205142817e-06
2.2187946180343057e-06
2.2767166392010522e-06
2.321726452589148e-06
2.3422982093293905e-06
2.361895408005918e-06
2.3905556166954902e-06
2.4113856829640373e-06
2.4385642631686577e-06
2.4760845944634512e-06
2.524870287032347e-06
2.5660154472001013e-06
2.599043709461008e-06
2.637081799810814e-06
2.6794811102605395e-06
2.724087564938482e-06
2.7882442514120057e-06
2.8573600586702768e-06
2.928397937859007e-06
3.000151200849844e-06
3.066175980279995e-06
3.1011008428002023e-06
3.1561824537514433e-06
3.2110512764220807e-06
3.267475393867519e-06
3.337752186039594e-06
3.4157006138401493e-06
3.4864117410406367e-06
3.5600519761381048e-06
3.645150412923081e-06
3.762929761156174e-06
3.884472865110817e-06
4.004253319752754e-06
4.127985470973402e-06
4.2313041326619366e-06
4.320750505693175e-06
4.4100757065559154e-06
4.493170196307589e-06
4.561295019942489e-06
4.577923986013046e-06
4.577270234589927e-06
4.5771654735329705e-06
4.5763177722330275e-06
4.569206913296769e-06
4.533462766149293e-06
4.486234445904387e-06
4.443212858350091e-06
4.402848680396303e-06
4.3669793775984185e-06
4.3348900540034545e-06
4.306745989546763e-06
4.277731820621525e-06
4.23847811223265e-06
4.199985386679694e-06
4.131056094429208e-06
4.056355838367332e-06
3.951551868083485e-06
3.865708909638766e-06
3.774857358088752e-06
3.690999852210323e-06
3.5696966417023744e-06
3.4188765758829283e-06
3.2986697613117058e-06
3.0659154639426194e-06
2.9864097102053104e-06
2.6733260309257533e-06
2.72499398964817e-06
2.1599716118731517e-06
2.6073461973662924e-06
1.5358131168520092e-06
3.0595083319295885e-06
1.2157514142393933e-06
3.2216941408431196e-06
1.1063299486005753e-06
2.6106970629050856e-06
9.822433612937662e-07
1.8631653883723934e-06
8.613432602560273e-07
1.1877048138729766e-06
7.596069050926555e-07
7.395406020967739e-07
6.72215999061166e-07
6.187542877500647e-07
5.68543631428969e-07
5.235610168657032e-07
4.902086690404013e-07
4.731913189988075e-07
4.605480959622047e-07
4.5195316309908566e-07
4.3315647618675284e-07
4.057304430402026e-07
3.87967040586658e-07
3.767450643372834e-07
3.732004161706492e-07
3.7910238810885557e-07
3.7237429200971456e-07
3.420531506660569e-07
3.2309697523291486e-07
3.04760397996714e-07
2.910311176386409e-07
2.852732907045128e-07
2.972478162229278e-07
3.107853622961714e-07
3.2593153635742167e-07
3.5708389934826223e-07
4.085396652542541e-07
4.6956860692485957e-07
5.37210079428926e-07
6.060466136259172e-07
6.758535317394051e-07
7.496069349143116e-07
8.279459276768314e-07
9.034263643665714e-07
9.9210196482128e-07
1.0911580743966128e-06
1.2004577471535632e-06
1.3190797736613299e-06
1.4426215682088964e-06
1.5532412057741065e-06
1.6538293473896546e-06
1.758883521223603e-06
1.8693306221435833e-06
1.985038579406779e-06
2.1162161517010045e-06
2.2221191115031323e-06
2.3197077110824685e-06
2.419380123770035e-06
2.5150115448486673e-06
2.595534551980046e-06
2.655090480516302e-06
2.708028974890138e-06
2.76775950763438e-06
2.832960180569731e-06
2.9040974627522675e-06
2.955100128739764e-06
2.9694998095438415e-06
2.9862707347647586e-06
2.969132846451849e-06
2.9601293933717425e-06
2.948030468603434e-06
2.9463729464302773e-06
2.9507977688166737e-06
2.9599196790832038e-06
2.951948525859405e-06
2.7749837405365725e-06
2.685128125294975e-06
2.5906071905795885e-06
2.519034132984475e-06
2.4510627036586757e-06
2.3871823256024292e-06
2.2943493661664385e-06
2.177506923397696e-06
2.127280588494533e-06
2.0706754918503165e-06
2.002586200947835e-06
1.972437645291935e-06
1.9350310984419166e-06
1.8921971995418188e-06
1.850086774611085e-06
1.809994869454819e-06
1.7715923403691385e-06
1.735004365756879e-06
1.7000132476863763e-06
1.6628106011266687e-06
1.616045196850116e-06
1.5664257499236552e-06
1.5198295427672993e-06
1.475539881174836e-06
1.4335205592042244e-06
1.3939650405821576e-06
1.3566493207883925e-06
1.3220819398571222e-06
1.2912791500685614e-06
1.2636584036571176e-06
1.2380901788552858e-06
1.221222896028076e-06
1.2211791239068869e-06
1.2197626693420403e-06
1.2468917365747211e-06
1.2833552281444014e-06
1.319556602840002e-06
1.3543819743440501e-06
1.3904881906206543e-06
1.417831385598169e-06
1.5612242581188558e-06
1.7586438431275427e-06
1.9961151867473525e-06
2.3212821806988804e-06
2.7174119785350534e-06
3.108948678856688e-06
3.4724122280000346e-06
3.719388127513669e-06
3.861668743175015e-06
3.954045051535598e-06
4.0448290821540525e-06
4.033632921406349e-06
3.9838622228599075e-06
3.91403457711117e-06
3.840221009433213e-06
3.699444465478629e-06
3.478214576593617e-06
3.1832312875338645e-06
2.7328891966110833e-06
2.105023384305534e-06
1.3982018080604193e-06
9.142608515395715e-07
7.155015902264279e-07
5.950567361013291e-07
5.039939515001526e-07
4.388578895153584e-07
3.87431072508493e-07
3.441635624829398e-07
3.1124908634675946e-07
2.8108344464633455e-07
2.5789726931941104e-07
2.6239606990794245e-07
2.8631336396688557e-07
3.386357264198191e-07
4.1424580020823247e-07
5.061851322104002e-07
6.101622310232251e-07
7.2074412552494e-07
7.785906963030525e-07
8.499405161152575e-07
9.19883361399858e-07
9.83895441954784e-07
1.0503632143293786e-06
1.121184354392289e-06
1.1815970627374048e-06
1.1560213917588024e-06
1.2711546600483925e-06
1.087720959824305e-06
1.2882761426221045e-06
1.067569233150573e-06
1.3170368701892428e-06
1.0264563876947283e-06
1.378727967183938e-06
1.0525065042123655e-06
1.4520503437896778e-06
1.05668667941373e-06
1.5228581067368072e-06
1.0525623868744207e-06
1.5195420554632908e-06
1.0659254456356903e-06
1.2821096424597706e-06
1.0806235891550348e-06
1.2434491391150259e-06
1.125420678753968e-06
1.2099522373896992e-06
1.1608855866659807e-06
1.1770197679612606e-06
1.172777715899657e-06
1.1863066547442832e-06
1.192797074319633e-06
1.1892624576392518e-06
1.1881550538291665e-06
1.18056031074214e-06
1.1773645082383025e-06
1.1603655442661247e-06
1.1446117845565612e-06
1.1583469156438118e-06
1.159616026631775e-06
1.1611431385995091e-06
1.164942654641513e-06
1.1699758033073305e-06
1.1658183649303831e-06
1.1881275406081782e-06
1.2143659525296342e-06
1.233456208449947e-06
1.2360540343930678e-06
1.2322074407138172e-06
1.2265112727953839e-06
1.2153414615821213e-06
1.2003675896464725e-06
1.1925982086837789e-06
1.1843111815735366e-06
1.1798581346751783e-06
1.1623884119030922e-06
1.141976943328868e-06
1.1219729616922653e-06
1.1076306235881759e-06
1.0881410171158307e-06
1.0713062067101453e-06
1.0540589385863932e-06
1.0228445932935954e-06
9.753398382230008e-07
9.325449549798344e-07
8.928731160697932e-07
8.632453409971572e-07
8.38965528862669e-07
8.193926091829867e-07
8.080462903544949e-07
7.845199044099145e-07
7.619172337361311e-07
7.435692448411033e-07
7.284505693311615e-07
7.143440405947835e-07
7.016999273504734e-07
6.911244620444823e-07
6.827420725397993e-07
6.636585784736449e-07
6.361400174723538e-07
6.277978868774819e-07
6.150780771385502e-07
6.023611449835262e-07
6.034272340304673e-07
6.274609958428973e-07
6.560926425111357e-07
6.948786085759862e-07
7.424529207906057e-07
7.929381170867807e-07
8.48923767246853e-07
9.213972798658387e-07
9.8819839452755e-07
1.0781410759896938e-06
1.1698733426902006e-06
1.2478775429584796e-06
1.33098589285577e-06
1.446080908691891e-06
1.5653220370401882e-06
1.6890062403681148e-06
1.8194046336856752e-06
1.931442270966152e-06
2.0340456234461364e-06
2.1089363329812385e-06
2.121516903837779e-06
2.1268203216755215e-06
2.1348464888109302e-06
2.1462296313070015e-06
2.1605694499982573e-06
2.1755386217506753e-06
2.1571911076529153e-06
2.1275805104727236e-06
2.098932801533189e-06
2.0677539627187324e-06
2.0399069770621463e-06
2.0179183801969313e-06
1.9997001936911567e-06
1.9841522799697517e-06
1.9749039860854087e-06
1.9793489844859425e-06
1.9688182763280295e-06
1.9717008971200384e-06
1.9499077226876396e-06
1.9079741259510755e-06
1.8520692626661776e-06
1.7960668789796478e-06
1.749742659261199e-06
1.7061655213552465e-06
1.6658115652567411e-06
1.6283089098763206e-06
1.5936538652711822e-06
1.5313711814019627e-06
1.4650047295281954e-06
1.4175927577795931e-06
1.3686432755616744e-06
1.3311695779227072e-06
1.2964169778857335e-06
1.2803469357207128e-06
1.2785109593365727e-06
1.2872142680456142e-06
1.3012896897741067e-06
1.3199343344155788e-06
1.3443010711745031e-06
1.3736941374476039e-06
1.4074488806794559e-06
1.4454260599595638e-06
1.4787511927851105e-06
1.4919062068834756e-06
1.502209309943634e-06
1.5236229250226617e-06
1.548454081757701e-06
1.5831613326853967e-06
1.6216249002748723e-06
1.6683971381597292e-06
1.719489800175458e-06
1.7776956461867649e-06
1.840653015691107e-06
1.905013207111867e-06
1.9710354166402464e-06
2.041066198400137e-06
2.1117371160267324e-06
2.208988052330155e-06
2.3368618687444566e-06
2.464144860707122e-06
2.6038528379955725e-06
2.757586297581497e-06
2.9255496901011732e-06
3.042621375634612e-06
3.092211378965374e-06
3.145008758615736e-06
3.2060978130794183e-06
3.262699432166816e-06
3.297196829499338e-06
3.339328010944839e-06
3.387482737540226e-06
3.4466551774660544e-06
3.493306462742326e-06
3.535027289945854e-06
3.5279458444000786e-06
3.5031458861302082e-06
3.484765084683228e-06
3.476575156185646e-06
3.4719340756807593e-06
3.4227147034898764e-06
3.3777782796249898e-06
3.3434107175971958e-06
3.32831209287424e-06
3.3136015928479242e-06
3.3134100947391653e-06
3.3140344212387373e-06
3.2792787504943787e-06
3.2523041880160607e-06
3.2298051550341e-06
3.214984221827793e-06
3.2041823840290954e-06
3.181321049269194e-06
3.141470231604413e-06
3.107619814822465e-06
3.0792773570838823e-06
3.033348933894938e-06
3.006389554732841e-06
2.9817472289599386e-06
2.958549862457766e-06
2.9287963461105055e-06
2.8882629442652736e-06
2.9350389660983252e-06
2.9679924830318126e-06
2.9968851861321866e-06
3.0117176051400693e-06
