1.4849308452157873e-06
5.747015442900418e-07
5.646894582490076e-07
5.682621223951597e-07
5.845871608328133e-07
5.981568755550586e-07
6.174072850386051e-07
6.34002164804945e-07
6.54192334898239e-07
6.753567642041401e-07
6.976951893670237e-07
7.212377067838208e-07
7.424370866373002e-07
7.647940583864087e-07
7.845834826811158e-07
8.055322696645251e-07
8.294410998778417e-07
8.47862044565283e-07
8.60854490475804e-07
8.71733654253196e-07
8.828128118300504e-07
8.947274514668595e-07
9.041376380007888e-07
9.106114687411825e-07
9.169988600007775e-07
9.242665198865861e-07
9.324880947478858e-07
9.411430441477214e-07
9.497380286765867e-07
9.568101023625831e-07
9.724523578661823e-07
9.899427518667104e-07
1.0085757412526834e-06
1.0314249524934243e-06
1.0549263381781432e-06
1.0792070143561022e-06
1.096280600616946e-06
1.1130724457682348e-06
1.130470476864615e-06
1.1482880541738556e-06
1.1667305492671952e-06
1.185896705452371e-06
1.202071100958359e-06
1.2030296113854065e-06
1.19985792355813e-06
1.1978487997829988e-06
1.196262742698618e-06
1.1952065024666644e-06
1.194706272206721e-06
1.1947352301123063e-06
1.1953424183819049e-06
1.196614796828255e-06
1.1984661487121009e-06
1.1916006791026322e-06
1.172273658932556e-06
1.1534519218525304e-06
1.1353856352012943e-06
1.117997605469956e-06
1.10136575386465e-06
1.0854283927023306e-06
1.070194086394149e-06
1.0556607843972199e-06
1.0278072354464588e-06
9.883352355211306e-07
9.461650990023994e-07
9.04542918796022e-07
8.645129555937953e-07
8.258008558744294e-07
7.887876224039167e-07
7.586231406872673e-07
7.304418060272272e-07
7.016621622834885e-07
6.73444336065426e-07
6.456531950442068e-07
6.119681845160272e-07
5.75093894082101e-07
5.397779410481409e-07
5.061987459189617e-07
4.714127593611966e-07
4.38792925910639e-07
4.1032247196275237e-07
3.866911599397727e-07
3.6463177713924527e-07
3.4380947687956014e-07
3.270148665447028e-07
3.14330911094728e-07
3.032718235341256e-07
2.9325330153265505e-07
2.8413596027281053e-07
2.7546200036500276e-07
2.6202237408977527e-07
2.5023407784892755e-07
2.389679473091187e-07
2.2870508466367016e-07
2.1932024278463125e-07
2.1082557343086858e-07
2.03034751396365e-07
1.9587562412986798e-07
1.895236233284295e-07
1.83836783251027e-07
1.787997922440321e-07
1.743817883595859e-07
1.705863170733798e-07
1.673886871530925e-07
1.647824472617765e-07
1.6274686730177938e-07
1.6126884058605038e-07
1.6034192310764643e-07
1.599457104685959e-07
1.6006891897873955e-07
1.5972592040345832e-07
1.587587510769458e-07
1.5754422643533398e-07
1.5608023427411342e-07
1.549713070997332e-07
1.5397487859321482e-07
1.5319058303968485e-07
1.5278696985340835e-07
1.5278898394283663e-07
1.5302247907714627e-07
1.5343962465849216e-07
1.5408866886643142e-07
1.5490336873151643e-07
1.5591735890630906e-07
1.566885266472348e-07
1.5743397056141246e-07
1.5818115685744694e-07
1.59470677398362e-07
1.6102468760557155e-07
1.6275293684604804e-07
1.6467668367940793e-07
1.6677069237465855e-07
1.6901254716236047e-07
1.7145081329115612e-07
1.7404104929303902e-07
1.7656834646340872e-07
1.7642993113153258e-07
1.755594870096397e-07
1.7585432249584495e-07
1.760520703497064e-07
1.765328302731218e-07
1.770872983832941e-07
1.7667406904500537e-07
1.7414092108328372e-07
1.7200506387721826e-07
1.7080725051668e-07
1.6967408737723543e-07
1.6878168084700154e-07
1.7017233866614663e-07
1.699023204274488e-07
1.6911339872617326e-07
1.5695284224642727e-07
1.5712884540139795e-07
1.4798102987333558e-07
1.477061104491667e-07
1.4161153516988248e-07
1.4148149311700205e-07
1.3773227906054844e-07
1.3838789167511584e-07
1.3614145919685268e-07
1.3683552307682746e-07
1.3586212832774012e-07
1.3736699179614811e-07
1.3758773432493525e-07
1.3992714678977252e-07
1.411808754769143e-07
1.4435334738832102e-07
1.465731445788933e-07
1.5087397732183125e-07
1.5431366870695652e-07
1.596012078847191e-07
1.6333837795212533e-07
1.6869406091072315e-07
1.7379146127627293e-07
1.8172187597268445e-07
1.8740420316337246e-07
1.9616431984580263e-07
2.0152863631282616e-07
2.1046309462179423e-07
2.2384575787808933e-07
2.3628466722703062e-07
2.495507345014497e-07
2.6482705359210925e-07
2.8012423803222253e-07
2.9612794382283056e-07
3.166824103281547e-07
3.2781882116470454e-07
3.2815456438083376e-07
3.4547531314919944e-07
3.365268185983703e-07
3.5355202392875767e-07
3.420545268449631e-07
3.5809484554489783e-07
3.44995237750417e-07
3.612088718100186e-07
3.479558323370379e-07
3.614708683390532e-07
3.5272280794248606e-07
3.6250828324424825e-07
3.570500470725953e-07
3.6322802948388933e-07
3.6148706042782784e-07
3.6388368290710825e-07
3.645729260827294e-07
3.654123438001023e-07
3.6607773836833774e-07
3.6482984303031973e-07
3.573897260426555e-07
3.47703502214717e-07
3.3690095649080994e-07
3.258829367132922e-07
3.149430271367724e-07
3.0421502869524514e-07
2.936961506648832e-07
2.838140654280356e-07
2.747255956462981e-07
2.6702212226540283e-07
2.595796383913623e-07
2.517906149582686e-07
2.435191360298891e-07
2.3503452466835583e-07
2.266259276765235e-07
2.187357163871259e-07
2.1316733275345508e-07
2.0913225351639429e-07
2.0630711002679612e-07
2.0407067894278396e-07
2.0305753217220112e-07
2.0242433867050919e-07
2.019164733794712e-07
2.0147052104568e-07
1.9985576846757758e-07
1.9753640653478875e-07
1.9469603049645452e-07
1.9079935838732923e-07
1.879557341952552e-07
1.8643885600491591e-07
1.8607784977557573e-07
1.8736289353851527e-07
1.8962752969107319e-07
1.9568605072461058e-07
2.0342708898719444e-07
2.1322477090935418e-07
2.220852961036266e-07
2.34858357462801e-07
2.4681343732756257e-07
2.6011724009647655e-07
2.70060121970673e-07
2.801021804429588e-07
2.8911722888739824e-07
2.991475218439264e-07
3.094392058484297e-07
3.210181763909205e-07
3.334181473338183e-07
3.4715130323354133e-07
3.619611234676043e-07
3.7806800249285867e-07
3.94496420850543e-07
4.07992669768165e-07
4.2598585100798895e-07
4.449358030448503e-07
4.649789700958536e-07
4.859606961005201e-07
5.074928860730926e-07
5.258279466271385e-07
5.466687672309919e-07
5.675515463038018e-07
5.895837113146001e-07
6.120812402107424e-07
6.35231489989359e-07
6.588491632308128e-07
6.829878762534167e-07
7.075995511382656e-07
7.326732000265459e-07
7.581945886819687e-07
7.841170833509404e-07
8.105328020877203e-07
8.37482685060107e-07
8.649377255922724e-07
8.927890005066511e-07
9.210636734172521e-07
9.496770675262936e-07
9.786315992742684e-07
1.0079090466099187e-06
1.0374729340856478e-06
1.0673007148595358e-06
1.097634740781079e-06
1.1283472701623635e-06
1.1593162050401575e-06
1.1673462241918074e-06
1.1792317559672428e-06
1.1862196458279342e-06
1.1975518352309536e-06
1.213014752156822e-06
1.2329410954815607e-06
1.246476399727504e-06
1.270898820474486e-06
1.2788851197810555e-06
1.3038895536115928e-06
1.301403637859e-06
1.3405766529540684e-06
1.3293489797865101e-06
1.3911977463347207e-06
1.3488983742904173e-06
1.4225502604240045e-06
1.3660599533655149e-06
1.4102548911640244e-06
1.3331924042809271e-06
1.3778348241800638e-06
1.2965881012774934e-06
1.3386814057732532e-06
1.2516877265147254e-06
1.2980039920723224e-06
1.2164702729594174e-06
1.2689548003455058e-06
1.186031737746095e-06
1.2418333719379405e-06
1.1576817790795265e-06
1.2162078008672756e-06
1.1313499121788682e-06
1.1920801601203155e-06
1.106786067614757e-06
1.1694702640327161e-06
1.0798860706928294e-06
1.1389619885746388e-06
1.0508256354206854e-06
1.1108412578176622e-06
1.0247166698051702e-06
1.0850815053040208e-06
1.0008153401038475e-06
1.0612186420376542e-06
9.707020624272836e-07
1.0113103565712331e-06
9.08397191986582e-07
9.400913071590168e-07
8.46668684051882e-07
8.778340701634945e-07
7.97613978238503e-07
8.348748335482551e-07
7.662338690707202e-07
8.118046235286265e-07
7.486940505551981e-07
7.991802498489385e-07
7.246034331555181e-07
7.677490641985604e-07
6.642518947366956e-07
6.989886170214427e-07
5.861857475082339e-07
6.45042638436438e-07
5.263949280661232e-07
6.104449484824681e-07
4.440722312850834e-07
5.519024634578546e-07
3.780224730613957e-07
4.945588134625324e-07
2.980244404408679e-07
4.394769463405986e-07
2.479392577996208e-07
4.065642334794555e-07
2.0903786209750003e-07
3.9128696668537476e-07
1.9800181721044473e-07
4.1060580256963105e-07
2.0052867863335023e-07
4.3543701630751977e-07
2.3246784042662987e-07
4.823158561431874e-07
2.789963210073319e-07
5.466249682329178e-07
3.475569463698456e-07
6.368784798422985e-07
4.329468256897917e-07
7.397921921477655e-07
5.219741859262911e-07
8.235273796415598e-07
5.840397756442418e-07
8.844985513424643e-07
6.307065133653916e-07
9.401925445667279e-07
6.751522845509998e-07
9.833340728753009e-07
7.109329943218201e-07
1.0248671127482918e-06
7.37777550710984e-07
1.0692590117496906e-06
7.737986705139694e-07
1.119322975511101e-06
8.111314775758777e-07
1.1690346149523324e-06
8.452494752987808e-07
1.2100075165738252e-06
8.764449126363273e-07
1.224968602746826e-06
9.038520833246352e-07
1.2459699314840585e-06
9.417897991957872e-07
1.2810615072890927e-06
1.00595211226017e-06
1.3436227289983251e-06
1.0764273757645612e-06
1.4107467679950285e-06
1.1363234773849006e-06
1.4900020146461659e-06
1.193932556429911e-06
1.5297712588720635e-06
1.240136962709242e-06
1.5776143384808166e-06
1.3031349226390136e-06
1.626762932905086e-06
1.373908114720407e-06
1.6802918548204659e-06
1.4467120847692557e-06
1.7350999782658521e-06
1.520056678610776e-06
1.7902844988947738e-06
1.5854786561613636e-06
1.786670002646112e-06
1.6547056893897912e-06
1.7365786909966825e-06
1.6733721730636997e-06
1.714122674222436e-06
1.6711867683888606e-06
1.7005418120124583e-06
1.672903688192215e-06
1.6928332973529174e-06
1.6703830449299588e-06
1.6856733494023108e-06
1.668198635574701e-06
1.6803059553196026e-06
1.6669209372874285e-06
1.6767131074511371e-06
1.664079634287217e-06
1.647677222072236e-06
1.6326591776150536e-06
1.6166962009861552e-06
1.5948887079738524e-06
1.5569545615484597e-06
1.5202827253506263e-06
1.484004946581099e-06
1.4510801239494915e-06
1.4311777452275484e-06
1.4056797788354954e-06
1.3827099659660836e-06
1.3612782413529437e-06
1.3394664877513387e-06
1.3389808589211642e-06
1.3399843381152914e-06
1.3485402431502917e-06
1.3579236735263094e-06
1.368303709272688e-06
1.379037776054788e-06
1.390703650548961e-06
1.4030291647772174e-06
1.4162237261238834e-06
1.4301156732094156e-06
1.4448212621143543e-06
1.4602650741065501e-06
1.476461022416576e-06
1.4944414982058466e-06
1.513259111115026e-06
1.533087771341016e-06
1.5537245588673253e-06
1.5753358785742243e-06
1.5977939674420606e-06
1.621146710452388e-06
1.6418070035536582e-06
1.6632658355123316e-06
1.6855330927157155e-06
1.708472120722916e-06
1.7321745585304763e-06
1.7566111187546025e-06
1.7817973630935295e-06
1.8047262006885239e-06
1.825142494992783e-06
1.8425439055377042e-06
1.864116596322561e-06
1.8811778916187769e-06
1.8991553005972501e-06
1.917089617917572e-06
1.9343263581409924e-06
1.9505394208514088e-06
1.962589141445225e-06
1.9759187509830957e-06
1.98931868073532e-06
2.003350543789801e-06
1.999163487944844e-06
1.997068931513754e-06
1.9924758634001686e-06
1.990302074972325e-06
1.9869192383432657e-06
1.9842011154324187e-06
1.982431027784101e-06
1.982655930598269e-06
1.984504632478425e-06
1.9806502474748356e-06
1.9785990496565317e-06
1.9756992400787984e-06
1.972995015012212e-06
1.9607028454975126e-06
1.946147651875648e-06
1.9329924732611975e-06
1.9199552280189533e-06
1.9069169927716361e-06
1.8838434229290103e-06
1.8644929542894534e-06
1.8443259780488559e-06
1.8248472931554293e-06
1.8054830304879939e-06
1.786530594463919e-06
1.7678296753850985e-06
1.7247133175808623e-06
1.6888574517637022e-06
1.6600095174088216e-06
1.631173214592092e-06
1.6038476582383052e-06
1.5772703724338475e-06
1.5517886823494146e-06
1.5272108890325182e-06
1.5036392235176578e-06
1.4809937890781349e-06
1.45928844308904e-06
1.438572874102669e-06
1.4187573198360657e-06
1.3889202738279104e-06
1.3551637228097121e-06
1.3239015416243877e-06
1.2930107758424884e-06
1.2627771163251446e-06
1.233344757611088e-06
1.2022352973796606e-06
1.1724671032600863e-06
1.1433124355127302e-06
1.114791426994941e-06
1.0874980090908661e-06
1.062179308618894e-06
1.037095945684205e-06
1.012570395477694e-06
9.889723358217684e-07
9.666223924504107e-07
9.449050547527152e-07
9.239230800485102e-07
9.035931237280448e-07
8.839332285988717e-07
8.648965800298548e-07
8.465812618779267e-07
8.288269326935881e-07
8.118037241248429e-07
7.953971186789293e-07
7.796731775989856e-07
7.645620821655866e-07
7.500954228592056e-07
7.363125291854351e-07
7.231769147151929e-07
7.106749279493167e-07
6.925071041244168e-07
6.742476234981842e-07
6.567189377665037e-07
6.398742001091618e-07
6.237933132394932e-07
6.080839192177882e-07
5.929991688628934e-07
5.763639170838361e-07
5.575191906497006e-07
5.402802289639208e-07
5.231521598174977e-07
5.040581834764358e-07
4.864985069812271e-07
4.735040804257291e-07
4.594878628163118e-07
4.4882555427546104e-07
4.3722869624050827e-07
4.2800783087967923e-07
4.1887364003760166e-07
4.114029486916684e-07
4.04518914960243e-07
3.9885841146708654e-07
3.9399192148742763e-07
3.901408355216866e-07
3.872150929853516e-07
3.8322546668582764e-07
3.782149461171961e-07
3.77678787175315e-07
3.791240479338046e-07
3.814489832942891e-07
3.8454427034104083e-07
3.882650260476741e-07
3.9273260968569354e-07
3.969454293448387e-07
4.0111821901733504e-07
4.0562050300437103e-07
4.108661952333126e-07
4.164892261398895e-07
4.2283834344459814e-07
4.2955560243283444e-07
4.3697463570446053e-07
4.4022387371156726e-07
4.3571516742775077e-07
4.332309428935839e-07
4.3130470347800644e-07
4.3734878703532474e-07
4.4968394780230104e-07
4.703147769989507e-07
4.87429216383696e-07
5.095216490902988e-07
5.26609172020177e-07
5.486669086097805e-07
5.644328315787845e-07
5.766719148943203e-07
5.860219975662896e-07
5.974382543519181e-07
6.105827353264525e-07
6.249066015722449e-07
6.343945511216253e-07
6.456489975155528e-07
6.534965561985909e-07
6.628835283409615e-07
6.71890588531287e-07
6.820208892344223e-07
6.914011492419436e-07
6.87646587706739e-07
6.781872820993746e-07
6.671045416330209e-07
6.553017816785873e-07
6.437923347381059e-07
6.334433498677899e-07
6.24425512016012e-07
6.165730273350432e-07
6.125838990506966e-07
6.098985113418698e-07
6.067968278284907e-07
6.036846467980493e-07
5.993591181529188e-07
5.977732853175102e-07
6.031426642281379e-07
6.110987017625183e-07
6.207830717375938e-07
6.316474920591832e-07
6.439300599227709e-07
6.573638502078546e-07
6.713350285888455e-07
6.861436955493394e-07
7.015890772374361e-07
7.178672534714631e-07
7.187935243488978e-07
7.17413007169057e-07
7.148256161632646e-07
7.1322264235613e-07
7.133936195307832e-07
7.156826613517168e-07
7.202233385817434e-07
7.265184882554084e-07
7.334247630299232e-07
7.415774006952974e-07
7.516563124142394e-07
7.636391024802007e-07
7.775727981845651e-07
7.953360598207591e-07
8.130922666011553e-07
8.325359993374891e-07
8.534641632583034e-07
8.759499904501468e-07
8.998369807254066e-07
9.25121432856612e-07
9.649529295063693e-07
1.0045603050819443e-06
1.0455029941871376e-06
1.0876222164542895e-06
1.1301267985628856e-06
1.1755102886417995e-06
1.2231510748457897e-06
1.2701077087096966e-06
1.3197946159870493e-06
1.3706006551207818e-06
1.4123555902900074e-06
1.4531809357892677e-06
1.495147227192146e-06
1.515303909690917e-06
1.5373314751431621e-06
1.5632444562027264e-06
1.5813124435788858e-06
1.5808345190883999e-06
1.565422537348663e-06
1.5439718548172527e-06
1.521350030410698e-06
1.4897330828162393e-06
1.4518621885677002e-06
1.4115478045229028e-06
1.370583110139816e-06
1.3285886210198701e-06
1.283375222172832e-06
1.2319073827803718e-06
1.1708460702296034e-06
1.1043237757000095e-06
1.039080989518992e-06
9.770145280305037e-07
9.171617116130412e-07
8.590480886222792e-07
8.083630153435034e-07
7.629322944349575e-07
7.235043447097848e-07
6.88143149980937e-07
6.558905905088937e-07
6.330244828490295e-07
6.231167304074213e-07
6.186357067885896e-07
6.153929506746453e-07
6.129687607285052e-07
6.117148762675099e-07
6.143263199499941e-07
6.222579131683463e-07
6.333778023793435e-07
6.471345680515929e-07
6.628699831009894e-07
6.803577155684076e-07
6.995785420579935e-07
7.205948737311649e-07
7.434898057804484e-07
7.683664031192638e-07
8.057451615204966e-07
8.480438002368724e-07
8.894806691152695e-07
9.327824107692038e-07
9.770003293633362e-07
1.0179902708569959e-06
1.0392871366717715e-06
1.0311066747389139e-06
1.008404456003952e-06
9.887789807314512e-07
9.71731925439859e-07
9.567184297085061e-07
9.433134817066168e-07
9.291747485161559e-07
9.160710474429784e-07
9.050522495849184e-07
8.952817324531553e-07
8.879118554391881e-07
8.830569779529884e-07
8.777696058200626e-07
8.529609570311931e-07
8.282372124024262e-07
8.003527720997224e-07
7.735303487745923e-07
7.46727089362722e-07
7.203238427930979e-07
6.919414248256632e-07
6.633934962238785e-07
6.359470283507425e-07
6.087935033531499e-07
5.823695467406245e-07
5.55722297394907e-07
5.30203985704414e-07
5.053163701635729e-07
4.815301480137276e-07
4.585436795812644e-07
4.3658383268830785e-07
4.17660278982121e-07
4.023771548869507e-07
3.862078830207408e-07
3.734118171120601e-07
3.556749729897308e-07
3.421853562489031e-07
3.2687282287248553e-07
3.1577851242251643e-07
3.013610330603036e-07
2.897689696490616e-07
2.765863081218365e-07
2.6540603996690926e-07
2.5320885359505727e-07
2.4157679612993755e-07
2.271019879959186e-07
2.1561588546464474e-07
2.036256282658652e-07
1.9312917634145072e-07
1.834426136690327e-07
1.7411261529516975e-07
1.6588105467472475e-07
1.5832283136827317e-07
1.515190063303241e-07
1.4506494032578222e-07
1.4382991737338202e-07
1.3996214706147918e-07
1.4558432348799164e-07
1.3815207108953268e-07
1.6714054073250684e-07
1.4874057998653533e-07
2.049028363573423e-07
1.6516330170023111e-07
2.649315981355723e-07
1.8592938887952614e-07
3.4594247379118485e-07
2.2845471305380433e-07
4.298304160407061e-07
3.1495317479613095e-07
5.195030339285778e-07
4.6245114563267393e-07
6.286937383816275e-07
6.712037771985067e-07
7.830635879971633e-07
8.781382115262763e-07
9.926192580718574e-07
1.1130774731827932e-06
1.2190891771264715e-06
1.3108603153208319e-06
1.3983820928067932e-06
1.438720912516317e-06
1.4630589183118278e-06
1.4828883724699576e-06
1.499629990021259e-06
1.5132526087745225e-06
1.5237102176610574e-06
1.5312421463081862e-06
1.529405967859106e-06
1.5110848490326046e-06
1.4832680442450817e-06
1.4568259350046686e-06
1.4371175854686863e-06
1.4113797090651694e-06
1.3751130603673966e-06
1.3350650289114614e-06
1.288413272549144e-06
1.2402814279792854e-06
1.181918345910172e-06
1.1257590486788622e-06
1.0772761743826935e-06
1.0322147638552423e-06
9.845475750030724e-07
9.395999627800328e-07
8.963952464062046e-07
8.621696238267615e-07
8.340910789435539e-07
8.072399492508738e-07
7.7674445478787e-07
7.435050223423235e-07
7.110414141855986e-07
6.737203101535863e-07
6.462882351065882e-07
6.293210965378005e-07
6.199286444746433e-07
6.068858058533877e-07
5.813747994532023e-07
5.495409009636756e-07
5.156745496839756e-07
4.816155980323109e-07
4.46626385795216e-07
4.171251594368423e-07
3.916113658475133e-07
3.6971002027316036e-07
3.509179183748776e-07
3.3272787271704843e-07
3.1855100759913897e-07
3.03898738867146e-07
2.9128684332569083e-07
2.813174990369269e-07
2.748906949585804e-07
2.6982095907509175e-07
2.5848489004512634e-07
2.611878531673485e-07
2.637525707027972e-07
2.8161326703468175e-07
3.18488952859616e-07
3.5285247669993744e-07
3.844159350502421e-07
4.1332298138186e-07
4.4224977500234994e-07
4.708896328214487e-07
5.006119857263471e-07
5.312999783866209e-07
5.590087156893738e-07
5.891161534303085e-07
6.211417224097055e-07
6.516646673666063e-07
6.925020697219598e-07
7.325459665625644e-07
7.659291475344285e-07
8.006041163011082e-07
8.376582115341395e-07
8.737460207166727e-07
9.113907695283533e-07
9.502559205989835e-07
9.909095082108895e-07
1.0303234858171482e-06
1.0681118573546109e-06
1.1054516316265943e-06
1.1424064570626297e-06
1.1797102401631553e-06
1.2178066049232744e-06
1.2471877684365383e-06
1.278025868070516e-06
1.3072173212457293e-06
1.3350180699008188e-06
1.359972732574801e-06
1.3823554454243308e-06
1.4018010912031048e-06
1.4209931496331957e-06
1.4398077150772614e-06
1.4583817687415475e-06
1.4765088590521836e-06
1.494937958235128e-06
1.5139746016838657e-06
1.5270164898806387e-06
1.5380420025779793e-06
1.556153799612363e-06
1.5720979634640278e-06
1.5931091573877434e-06
1.6196625409900538e-06
1.6473698303433562e-06
1.6679141061661555e-06
1.68830402613747e-06
1.7040806244006842e-06
1.71386573204058e-06
1.720101248727432e-06
1.7272329576263806e-06
1.7351990356471208e-06
1.7438361669942655e-06
1.7265897315590164e-06
1.7009836319171204e-06
1.6801425099160674e-06
1.6576232771930675e-06
1.6330115110480886e-06
1.6086472635702617e-06
1.5848770660088205e-06
1.5650509063217203e-06
1.5531569808112507e-06
1.5415472473668349e-06
1.5298219172978754e-06
1.5165090248779009e-06
1.5010320864798461e-06
1.483409557325181e-06
1.4652899872900255e-06
1.4415239739262012e-06
1.4165295027127011e-06
1.3968616652915372e-06
1.3850211102300948e-06
1.3564204072628054e-06
1.3264253986832616e-06
1.2971248994739283e-06
1.2684518755087441e-06
1.2404616672351266e-06
1.2130727594368893e-06
1.1863314998067589e-06
1.1601816326666854e-06
1.1346664982871964e-06
1.1096918158294297e-06
1.0851324421666674e-06
1.0608351352016243e-06
1.037204220507621e-06
1.0142795849668665e-06
9.92652755782489e-07
9.725704266465683e-07
9.526055739060417e-07
9.285458538094329e-07
8.999869309918131e-07
8.702843028978042e-07
8.410104351569829e-07
8.130418142900177e-07
7.866302420201509e-07
7.617283008904864e-07
7.384820024043164e-07
7.180922148704865e-07
6.946182922311939e-07
6.720874524946268e-07
6.511241605570151e-07
6.320195394874718e-07
6.129345390928569e-07
5.951028254993086e-07
5.790075060228278e-07
5.643319398751899e-07
5.509560363361675e-07
5.398854949018836e-07
5.329636826538282e-07
5.257625329424111e-07
5.196277148637439e-07
5.150293166368443e-07
5.119708968348725e-07
5.104090495958878e-07
5.097567716941295e-07
5.11612631770221e-07
5.159818059423432e-07
5.223424803527718e-07
5.305309180262412e-07
5.404819319943237e-07
5.521306731987695e-07
5.651610614935134e-07
5.764336151006124e-07
5.868219006475236e-07
5.978783567486686e-07
6.084468793080772e-07
6.175588655440117e-07
6.263493945204012e-07
6.357700904988755e-07
6.459459477927e-07
6.569120367987339e-07
6.686611384402171e-07
6.81191367424207e-07
6.93989131824466e-07
7.070829436409634e-07
7.207695424148998e-07
7.345734544879458e-07
7.426333562828093e-07
