0.00028019093304088456
0.00015531584977945676
4.154489033076366e-05
1.59083485317795e-05
1.7196507947174484e-05
1.787120129671842e-05
1.7853362194000883e-05
1.7949730876220375e-05
1.8089217101814305e-05
1.830742166659852e-05
1.8917843422224116e-05
1.964614961309752e-05
2.054208495930975e-05
2.133766056918589e-05
2.180646552422836e-05
2.1353507206922398e-05
2.058184970912661e-05
1.966628779182863e-05
1.8948373064874774e-05
1.8744591694289006e-05
1.812113721324525e-05
1.765267496487953e-05
1.7113449948498592e-05
1.6719989167051183e-05
1.6553445748021937e-05
1.6101853912478884e-05
1.573965455543081e-05
1.5160790477287678e-05
1.4476591271941237e-05
1.3756263375333182e-05
1.3065074265640585e-05
1.2364898181793598e-05
1.170219133425739e-05
1.1297327462017375e-05
1.1139337121628466e-05
1.1063665932213096e-05
1.1026687885747137e-05
1.0950839409530239e-05
1.1011480861617655e-05
1.1066210070710141e-05
1.1066995150455922e-05
1.1363330756744862e-05
1.1945515607233848e-05
1.2790579020711655e-05
1.4069446870402963e-05
1.5498330883087002e-05
1.708809223273244e-05
1.8847043293266532e-05
2.1226250554664516e-05
2.447181575807128e-05
2.9825751803109956e-05
3.999063311862525e-05
5.65995159311172e-05
8.254053225596328e-05
0.00013117087841296103
0.0002306336535447826
0.00040098771275668674
0.0014195852398777937
0.011905393865033486
0.020223589596031533
0.04853172750148455
0.10616004689178904
0.24734867809215363
0.38991999707185726
0.655313827778292
0.7122719253573692
0.8212022409336243
1.0659811257001937
1.6532991473951504
2.2100030552076277
3.1897924864431983
4.302665564334163
4.243615635958579
4.937576347107127
4.6388055169227345
4.314642368886479
4.080391093615485
4.612536724126344
4.197139609494562
3.7961684264165534
4.006499612195253
3.5768136575201397
3.196513346375988
3.4503674134765805
3.013166671219472
2.6572012120520814
2.497110461227469
2.660005375099216
2.407879634565406
2.1875125542840723
1.9894653393383033
2.190598698691383
2.020977946562529
1.9359634092272353
1.9240300195755635
1.9317292129853214
2.016489668702198
2.1548509721267153
2.307208293132927
2.504314627895335
2.7079995314785523
2.9054044698112933
3.086539360171233
3.244041550919289
3.3735632581967643
3.4739895367124842
3.54747374477822
3.599287343568013
3.6375645630341977
3.718145184914556
3.943412712955654
4.264921003614402
4.632828706687904
4.991750818735829
5.285841570440768
5.457611138429414
5.484446337930169
5.565143844676569
5.505324949777872
5.5433506664835335
5.437472448978323
5.456760387532034
4.802554503546165
4.218730191639699
3.667236292213766
3.1518391088425624
2.7051105002532605
2.359122204743955
2.1193293709727783
1.9723494599048812
1.5241676799388606
1.1909580068911758
0.9487759701588026
0.7164908516801886
0.6077181121756583
0.6622302067155594
0.9196131533817526
1.190107242174227
1.4579319238967645
1.7093751914866033
1.9333646371113535
2.121520116736935
2.2544953221861554
2.3541374844422487
2.419298381875357
2.4858641403983626
2.469914450551798
2.460589312992994
2.402158742345337
2.3548789556772474
2.2679162694937682
2.145178932590275
2.068047022388548
1.8775639742705363
1.843265433703545
1.5929906792174138
1.6195119912373974
1.3444035337226643
1.432222027803371
1.1755386702689097
1.2837426410415824
1.201522157142328
1.232629568106974
1.1912287299400535
1.2622339580607762
1.2490712701714906
1.2674562157526321
1.2523151530215741
1.2188121556249567
1.2831184002327527
1.2681568414419586
1.2933952612370043
1.2026104764269339
1.1536238509025807
1.1859084718469481
1.1717089159989431
1.2524545462255088
1.3336891473259533
1.3765766720473156
1.4693134650969466
1.5632986566337985
1.7152967071118013
1.8674470153860887
1.9466372047821654
2.0066668271378045
2.024237381170964
2.035927316558897
2.0580780785831463
1.9968246618166914
2.020021312049506
2.0718706058984635
1.7592508387855128
1.7675062001127004
1.8306401319797319
1.7556028368014738
1.8290069275040288
1.7416179656097692
1.8119091248207466
1.7198196862528503
2.025882033013223
2.1174812099421123
2.0227313794333432
2.110828577992784
2.011053520612201
2.0657762238289186
1.9662626476831286
2.0602615053777593
1.9562701069481876
2.2005560678075984
2.3149925024270512
2.207587974346138
2.4195048443429528
2.707065263690965
2.8358455822385804
2.801339687814757
2.9370714657735713
2.904927285960684
3.046205747022742
2.9980345997104085
3.1465465534840504
3.0598872526068686
3.2214328471040212
3.1132263196953813
3.2888284388767066
3.1701719761176803
3.3517389066485443
3.224032903839082
3.3969435614895205
3.2612764855934726
3.4364927264448344
3.293294207535035
3.4761411200323797
3.3256428653902317
3.5093153803514743
3.351986662783614
3.5439501756534684
3.380066460412964
3.5781569875669272
3.408064702004262
3.614361304974839
3.4379506381246796
3.6496088063658716
3.463073999739704
3.650504089645829
3.358436452270678
2.986418556615968
2.6282103055645694
2.290175220617754
1.9768803313605943
1.697214605282141
1.4724932919989802
1.2799755967684092
1.1205284552391563
0.9942923857565932
0.9008161830629063
0.8420093517161911
0.8159684825840949
0.8114313823356922
0.7439702954528582
0.7387175430898342
0.7969089388826933
0.9168350116694349
1.0956678737309344
1.3295848990148316
1.6139160898930858
1.9431351708590006
2.3002858247231743
2.6829814782613943
3.086380884965636
3.5063548500033144
3.9395983623391526
4.383677459679671
4.837007078030047
5.298760085465781
5.768711797032888
6.2470283078932844
6.760891610799607
7.279479065107818
7.764184875275259
8.205493971037297
8.594982141372306
8.92558393208849
9.191831574491713
9.390043689325456
9.518453865398039
9.577271281825798
9.568668096226077
9.496691279953236
9.367099962381175
9.187132530076605
8.965211867731373
8.710599271644545
8.433011100842378
8.140878077191998
7.845512842501503
7.555061741576743
7.277078656248185
7.017744845151794
6.7816377938456585
6.571558850677899
5.827968203111124
5.430033520672875
4.711112554694719
4.5034997347908075
3.8267216136280324
3.6611162653046416
3.058876500254146
2.9517039882166283
2.4522884354496175
2.0521702481682995
2.042128662800433
1.7750045959093157
1.8519486271986354
1.7280169297955033
1.795176734155111
1.845851448117184
1.9907549223686702
2.218832168849562
2.5171769574262624
2.8717143059202153
3.2679217997527745
3.69155322084365
4.129327079114417
4.569544267187661
5.002602590112291
5.421381194029493
5.8214746721994794
6.201264522698169
6.561824262995281
6.906663421876312
7.24132435749384
7.572853924913913
7.909179000118378
8.25842037615201
8.628183271597266
9.024864414321348
9.453015271407867
9.914798487800498
10.409570082519123
10.933613651144245
11.480045052353915
12.038897211319817
12.597385210837857
13.140342255840244
13.650807892604654
14.110741528536696
14.501827277615309
14.806330830058851
15.007965798601795
15.092725285336988
15.049636838124805
14.871400541886084
14.554876615219214
14.101395543361104
13.51687244511744
12.811716949089421
12.000539939310674
11.101668605284221
10.136490769338273
9.128657983661078
8.103212728268142
7.087790561168623
6.106403714157587
5.177715948417254
4.324893380857599
3.5662154982830776
2.9157039077141547
2.3829914563530195
1.9732213775137344
1.6870311136524185
1.5206599806352687
1.4662996820297776
1.5126184282835797
1.6454334825967336
1.8256735759282514
1.6236358106855617
1.5606449508759448
1.3268258892017093
1.1419217947872304
1.019590264628895
0.9092807862940343
0.6437355070290115
0.4207334411645418
0.41231470859214103
0.21912791692251057
0.30114945694123035
0.6433558636791388
0.8332099071730551
0.9333579417740874
1.0784726689755986
1.2529058828699517
1.4414726453643474
1.631596709311961
1.9064224781161951
2.084822236114109
2.388667822510662
2.4567126424737675
2.6904246313053775
2.666197618851086
2.926442657927584
2.786178607838068
2.8768313194347033
2.6632138470243927
2.6096200305634696
2.3880431041652797
2.3207019883568987
2.0655373996777815
1.903403114226792
1.6859218891363754
1.4236172827107034
1.1706685557311767
0.9309749846385248
0.736830036552061
0.6187363108947368
0.5722108681676114
0.727487127375264
0.7527885700043065
0.8339712574302901
0.9527755141225633
0.917204746172956
1.0110515745985302
0.9309290374089764
1.0638874026017409
1.0203662612811646
1.1247046569249317
1.092510188814627
1.151994328991625
1.1470658233839883
1.1581485689649995
1.16079662827729
1.1290388329466732
1.1397315193397621
1.0786688806384195
1.0921948611788224
1.0197625509989057
1.0241671962339431
0.9598601773651901
0.943373715220614
0.904414370784199
0.8591482582339974
0.8594377380258679
0.7887512248904283
0.829517489058653
0.7572923610364366
0.8087092846680347
0.7616570457865479
0.8053200064917617
0.7526775789297971
0.7657868755028532
0.7413202188602283
0.7188971219544675
0.6980449662623162
0.6795164304415707
0.6751640963188729
0.6918509464345222
0.7356388031804852
0.8137280148442807
0.9322472557833498
1.0987250817592136
1.344599751333256
1.626164239965714
1.9225504008471745
2.239505509051204
2.590836700372019
2.976311088982506
3.388619203051232
3.8187861463690114
4.256625198859607
4.691145743226192
5.110996774174271
5.5049245029258165
5.862222347428578
6.173152604238822
6.429321088002978
6.623988865075381
6.752308722168015
6.811477994857055
6.800803614857092
6.721679496819377
6.5774804614855125
6.373380588470821
6.116107043777307
5.813642905454176
5.474894230211934
5.109337596883482
4.726690549943324
