6.082100809407977e-05
1.8973748745496705e-05
1.773586974538016e-05
1.8076387992910828e-05
1.7960440568685853e-05
1.7590129925377615e-05
1.6910675047798305e-05
1.62290844779568e-05
1.5577351333523126e-05
1.4953425002784273e-05
1.4321941457452955e-05
1.3890606255288151e-05
1.3703208477696282e-05
1.3726792864102316e-05
1.391462688830077e-05
1.4189830588998945e-05
1.4406579256684864e-05
1.4629976499367378e-05
1.4781282107041706e-05
1.5057286037616151e-05
1.5213103708055652e-05
1.5284966030792803e-05
1.49227302968932e-05
1.4546794474107108e-05
1.3620321956190124e-05
1.317733524770444e-05
1.2215972507481123e-05
1.1454291632503302e-05
1.0894497934414906e-05
1.0384267695246201e-05
9.97818666635128e-06
9.64341875745694e-06
9.341097709078234e-06
9.04528455728284e-06
8.783980408626994e-06
8.563245755227147e-06
8.435522922078934e-06
8.413286335871708e-06
8.330162644118513e-06
8.208378531662827e-06
8.101797067604662e-06
8.04813576551298e-06
8.22202512212548e-06
8.443285276732355e-06
8.732139984806795e-06
8.944837264083191e-06
9.149629107774562e-06
9.366118537921074e-06
9.570331780147984e-06
9.719124127718847e-06
9.885558777058438e-06
9.907847488054874e-06
9.636202518274081e-06
9.316315696216732e-06
9.031560455174736e-06
8.672794699873642e-06
8.265654381021448e-06
7.88647693598354e-06
7.468699105613309e-06
7.038099765759979e-06
6.677531531697825e-06
6.489402783295483e-06
6.380340040046829e-06
6.253892759643868e-06
6.146757113596181e-06
6.1605521882726156e-06
6.228111545069234e-06
6.01579253172513e-06
5.6661194582868375e-06
5.354529074536237e-06
5.0264786303749195e-06
4.513482033486907e-06
4.196908101225472e-06
4.21112149035953e-06
4.0453792388392095e-06
3.8136354887519944e-06
3.5638004389882572e-06
3.334164676019376e-06
3.028780807689145e-06
2.5126339139957063e-06
2.0324926485717824e-06
1.7902875764040367e-06
1.5824081020510274e-06
1.3990732782012382e-06
1.2366326884199222e-06
1.131999893248059e-06
1.0440762518902674e-06
9.706683979488987e-07
9.328606249606153e-07
9.258055507242383e-07
9.443627076116812e-07
9.815873191945274e-07
1.0135759216493392e-06
1.0265893037735123e-06
1.04149426415817e-06
1.0850931568087697e-06
1.2191343022272069e-06
1.2938174251911237e-06
1.2915025117540905e-06
1.2405906411250848e-06
1.2128733428130607e-06
1.2051382565361445e-06
1.208069513144502e-06
1.2851199343305528e-06
1.307542383760723e-06
1.459608214381346e-06
1.4645741793870057e-06
1.7535917778501536e-06
1.6439065374216608e-06
2.002003734370435e-06
1.8294716335884403e-06
2.4613717499732453e-06
2.613505961449315e-06
3.4376233953366306e-06
3.1166418745379345e-06
3.547311556968055e-06
3.3414548242186896e-06
4.181573804828123e-06
4.16182082778185e-06
4.833510781957451e-06
5.243748676390086e-06
5.42957995581733e-06
5.028252081566236e-06
5.432274745066412e-06
5.59197483476722e-06
6.020897520511589e-06
5.656548992744113e-06
5.228735070892063e-06
4.937552453824797e-06
5.0896529138565616e-06
5.052753504441202e-06
5.129474416603248e-06
4.816790125993524e-06
4.600893121134154e-06
4.260353905767067e-06
3.92867952505707e-06
3.4882638258299268e-06
3.12688257080689e-06
2.7524099388831847e-06
2.717366273876848e-06
2.6902160883768856e-06
2.7313403112459168e-06
2.8909713780645978e-06
2.9591388949228157e-06
2.8753342601699576e-06
2.879791884073963e-06
2.8813035475410153e-06
2.797087028071425e-06
2.830967730672751e-06
2.893056899275502e-06
2.8925218808920536e-06
2.816082819916685e-06
2.8060205982872275e-06
2.600044630082024e-06
2.4071426514136892e-06
2.251525786239949e-06
2.1562748384398926e-06
2.116845654566423e-06
2.1012548444168594e-06
2.2070062729194823e-06
2.2989771064912186e-06
2.449308172832543e-06
2.6446101018212914e-06
3.016131069947461e-06
3.2298408436503278e-06
3.5004060494530667e-06
3.473428129261502e-06
3.399835708009989e-06
3.334741895936542e-06
3.276683681450911e-06
3.2196887993353408e-06
3.151909307252364e-06
3.1863557606435775e-06
3.283103344908417e-06
3.4374063701104577e-06
3.6744416495971452e-06
4.0597093175004145e-06
4.261012193058337e-06
4.769211009092869e-06
3.7083601278051004e-06
4.804775430303884e-06
2.899985270234063e-06
4.183844282473733e-06
3.583784841651411e-06
3.263966850238367e-06
3.36953589053827e-06
3.4992899550867364e-06
2.5714137350760843e-06
1.7588414999021592e-06
1.427766585299592e-06
1.3342435935332055e-06
1.28179932032494e-06
1.4137793011754636e-06
1.4602337049333967e-06
1.6312635544711427e-06
1.5786016415566382e-06
1.5561117575026967e-06
1.593480773129303e-06
1.0634380440446147e-06
1.3463746844753689e-06
8.574178643889584e-07
1.1996039675771577e-06
8.315973354270547e-07
1.204887673649369e-06
1.1726854852479462e-06
1.6198183316833121e-06
1.9239330610226436e-06
2.6490797299247684e-06
3.3788062486641636e-06
4.101541029898588e-06
4.958194629550886e-06
5.754399253556621e-06
6.6980975742237575e-06
7.839846402880406e-06
8.802865206390653e-06
9.585255070674992e-06
1.0275413917656581e-05
1.1259877437979084e-05
1.196461034734811e-05
1.204144160603029e-05
1.1616534292873045e-05
1.0967187126438173e-05
9.945386650275174e-06
9.019710405907743e-06
8.602535339831236e-06
8.384812790963946e-06
8.245321614282735e-06
8.19842499979346e-06
8.369526617526092e-06
8.622014381485486e-06
8.756069326303787e-06
8.97978141652219e-06
9.124378463319789e-06
8.936964538466069e-06
8.491256265096256e-06
8.400532422690782e-06
8.27277325595786e-06
7.409434783436505e-06
6.621674983244726e-06
6.580200009869301e-06
6.926098132744475e-06
7.607349514569527e-06
8.311738455968994e-06
8.932178494444433e-06
9.781149584527473e-06
1.0155789860649263e-05
1.0689653893277905e-05
1.1000933833175517e-05
1.1528574053954395e-05
1.1737318684232454e-05
1.1685054736969645e-05
1.1703325416191443e-05
1.2253111129051395e-05
1.2363438607391617e-05
1.236533570588826e-05
1.1761034394370295e-05
1.1934956623645854e-05
1.1700323698192482e-05
1.170077739549791e-05
1.1665495043718567e-05
1.1147125250030034e-05
1.045738680757869e-05
9.542178300277133e-06
8.352097129245502e-06
7.248154474375951e-06
6.117361782623064e-06
5.437980642441797e-06
5.399007776498115e-06
5.273889004335688e-06
6.586528958046199e-06
6.512000209544903e-06
6.718863756378968e-06
5.173346511918054e-06
4.676962094853006e-06
5.399355143608546e-06
6.505967732279021e-06
7.353138362507397e-06
9.640711237048934e-06
1.1011129716865626e-05
1.2689968243714767e-05
1.4178407541623775e-05
1.5640038658606297e-05
1.7418914282378374e-05
1.8303812026171995e-05
1.8986922947575006e-05
1.937071348578167e-05
1.9698336524011277e-05
2.041800955882689e-05
2.048076085603035e-05
2.020350712720293e-05
1.935647168592661e-05
1.843494527931885e-05
1.88233169974441e-05
1.8986601011835485e-05
1.8977241124011062e-05
1.8934621244116482e-05
1.8450492555580234e-05
1.7908498988366372e-05
1.778019019609233e-05
1.762496863568151e-05
1.7304105052968524e-05
1.6463103160647943e-05
1.572971887160494e-05
1.5473148795886608e-05
1.5770005807533683e-05
1.6166136325236728e-05
1.6569550095700697e-05
1.7217385230998432e-05
1.7858725231575437e-05
1.835137000799409e-05
1.853213789504751e-05
1.8709179949945017e-05
1.8884101250957086e-05
1.889075574026043e-05
1.903225537880131e-05
1.9312722624925204e-05
1.960455214755442e-05
1.9873941707181677e-05
2.003006105290592e-05
2.011101602812843e-05
2.0119169195809786e-05
2.015503123196333e-05
2.016223217993911e-05
1.9428327418913282e-05
1.8331676262880108e-05
1.7372898657674618e-05
1.569060723346359e-05
1.4851178422981655e-05
1.3969723049707313e-05
1.3216684203744808e-05
1.2515484756138076e-05
1.1945595052469802e-05
1.1504481094808853e-05
1.1035084098685837e-05
1.0484490731679894e-05
1.0015422454379938e-05
9.695347443801505e-06
9.461378190416266e-06
9.2573803266357e-06
8.987371490911806e-06
8.772091675433285e-06
8.492894426048867e-06
8.105183475863838e-06
7.778303615359907e-06
7.511218588978656e-06
7.243053772335776e-06
7.066988371058771e-06
7.120319491539266e-06
7.372572679244359e-06
7.783975202797696e-06
8.340795193072725e-06
8.901675713814497e-06
9.274521397790353e-06
9.578549990036555e-06
9.854275023938482e-06
1.0167112533776523e-05
1.0555515188739796e-05
1.0941920969633884e-05
1.109632354595384e-05
1.0905255608398061e-05
1.0305250259157991e-05
9.980086078268498e-06
9.867289425063203e-06
9.590498027366913e-06
8.313964037899148e-06
7.427362744465196e-06
6.996408334742843e-06
6.818971133863211e-06
6.657584208587287e-06
6.572159368120506e-06
6.675291386449801e-06
6.79346326785576e-06
6.362691828028304e-06
5.590442218387572e-06
4.732207171179365e-06
3.90014905554605e-06
3.169396535846876e-06
2.651233274904883e-06
2.268193791871288e-06
2.332779670839191e-06
2.4333995166382412e-06
2.4087680760585346e-06
2.298975505022458e-06
2.103200599958203e-06
1.8942779540733536e-06
1.6971619785630425e-06
1.5000028533241105e-06
1.385410116652399e-06
1.4391945905110497e-06
1.555942473016567e-06
1.7024328653674297e-06
1.878126978146667e-06
2.174855501861375e-06
2.5384990454157e-06
2.8455329074667687e-06
3.144656806563602e-06
3.4201235112612774e-06
3.4347398204097267e-06
3.3575100544584514e-06
3.3569509952854743e-06
3.5470154771358757e-06
3.6947262237762006e-06
3.9258637116716075e-06
4.006559583401972e-06
4.243509545684971e-06
4.3761515390174135e-06
4.487847159091244e-06
5.490171554874019e-06
6.9970912468049465e-06
7.902976231414832e-06
8.38228512808185e-06
8.465985110120869e-06
8.168475330343232e-06
7.90007201633973e-06
7.649614511462189e-06
7.924490531538419e-06
8.30677481711496e-06
8.553505164784572e-06
9.262885066127925e-06
9.779913813235733e-06
9.599867153698688e-06
8.992222585766311e-06
8.213087634539996e-06
7.430865447917638e-06
6.5408141104459585e-06
5.621032044512778e-06
5.128349499011493e-06
4.9585978911419995e-06
4.6956449429263705e-06
4.316761975771758e-06
4.127122450348711e-06
4.0677287434131545e-06
4.163430615489719e-06
4.3068127818007855e-06
4.380060572566957e-06
4.385262144021802e-06
4.0582406568294134e-06
3.7159033968657654e-06
3.468685812576721e-06
3.2699870488044785e-06
3.116027893952364e-06
2.9155987302716108e-06
2.8969340052740268e-06
3.0363849209683283e-06
3.2213660788244495e-06
3.401763340377534e-06
3.557375601753163e-06
3.6848380775510362e-06
3.815831967308465e-06
3.821950416046383e-06
3.7637411348751523e-06
3.729750992565637e-06
3.822694162960062e-06
3.774040936742687e-06
3.682150379089302e-06
3.68376525962636e-06
3.65132479023456e-06
3.7027783828420626e-06
3.862484740276557e-06
4.174036342393617e-06
4.3960803449566636e-06
4.273708956685039e-06
3.822530865234629e-06
3.3211993531238533e-06
2.7994998299369922e-06
2.2956429874438786e-06
1.842640291248645e-06
1.4541578485237596e-06
1.1276155248166084e-06
8.128391850030046e-07
6.069529656156604e-07
6.170458573196054e-07
8.134097974985777e-07
1.2189542694148523e-06
1.6227412113289336e-06
2.074461107528711e-06
2.740706175987846e-06
3.2508366884943657e-06
3.445794886082965e-06
3.5836476621682836e-06
3.7258079757341813e-06
4.218026869921423e-06
4.529903720658629e-06
4.728402322583227e-06
4.343652619392396e-06
4.37982873985799e-06
4.058300571575925e-06
4.3817303085260356e-06
3.940056510446676e-06
4.7445168983901545e-06
4.093443971056894e-06
5.513171346557814e-06
4.425501168676754e-06
5.984314836784932e-06
4.018062121846887e-06
7.299742724166449e-06
4.938109358924114e-06
7.355695978588602e-06
6.0140290095971515e-06
6.997893635076197e-06
6.111178069051467e-06
5.353708982016065e-06
5.389083714284128e-06
5.163711133474172e-06
4.285127264016293e-06
5.467621733654348e-06
4.794336105832062e-06
5.422820216526566e-06
5.833432774673498e-06
6.274450236196834e-06
6.834993962342815e-06
7.041601870652994e-06
6.815792016542255e-06
6.36724776221211e-06
5.7796040209932345e-06
5.400177825739508e-06
5.049892092425715e-06
4.690325959009995e-06
4.432193704393633e-06
4.236202225509672e-06
4.125012632645736e-06
4.022049297561752e-06
3.4274186396515593e-06
2.9161460661570873e-06
2.582297689398504e-06
2.5105108816855096e-06
2.3940707134722078e-06
2.3081271240054258e-06
2.4622165208748314e-06
2.8762781072914244e-06
2.957260303873976e-06
3.5024846930411177e-06
4.623538698812354e-06
6.348901207173245e-06
8.171516984284433e-06
1.0243738790535818e-05
1.2367257037971201e-05
1.400716062214652e-05
1.5210852462841043e-05
1.6219014890730242e-05
1.659004212045523e-05
1.723303612310689e-05
1.763679734520828e-05
1.6744878322972287e-05
1.617873841270475e-05
1.536363655179611e-05
1.486898193562523e-05
1.4459755145756693e-05
1.3426190605418762e-05
1.2769444139566305e-05
1.2082588356564634e-05
1.1515937900513502e-05
1.1252708143540499e-05
1.0963170428886817e-05
1.0849760845683044e-05
1.0983102066950116e-05
1.1113470285301902e-05
1.1754528516957386e-05
1.2535779315859727e-05
1.351820258684024e-05
1.4863732179306992e-05
1.669977760227945e-05
1.8347700903622914e-05
2.004500826969057e-05
2.0771191341160664e-05
1.8716687996219696e-05
1.7099474617613318e-05
1.4836275396345424e-05
1.3164645584163864e-05
1.2267589712650527e-05
1.1628713929446808e-05
1.1198987313131835e-05
1.0751426421340325e-05
1.0002412380571074e-05
8.699261066720948e-06
7.718424151416409e-06
7.33452507867374e-06
7.549474692883479e-06
8.16246799887697e-06
8.518194098393642e-06
8.663269608945956e-06
7.762645354998234e-06
6.837101776446317e-06
6.889028335496237e-06
