2.7224257973578614e-05
1.188017832380683e-05
6.306295913610097e-06
4.109462253673039e-06
3.1440641304332372e-06
2.6327179928031607e-06
2.225172725495516e-06
2.0627195023969556e-06
2.0381478074051654e-06
2.100772811516939e-06
2.22928117212929e-06
2.3621422625498358e-06
2.4708273306518363e-06
2.601338490271781e-06
2.763363615266896e-06
2.9749234412961366e-06
3.1923067669612216e-06
3.378564035749332e-06
3.5468877209277435e-06
3.672708481033778e-06
3.749324786190398e-06
3.800883512111698e-06
3.864149976206083e-06
3.919314551523976e-06
4.00897209351922e-06
4.0531961389378e-06
4.197870091914425e-06
4.403376496339639e-06
4.661388163412162e-06
4.891279784314043e-06
5.199412566771633e-06
5.489483514302116e-06
5.70270524434527e-06
5.650596164568832e-06
5.50440633757817e-06
5.334866175622191e-06
5.203902173140599e-06
5.118664052975225e-06
5.028112961555457e-06
4.900052455388553e-06
4.749101775425023e-06
4.6226955480816135e-06
4.505838142159998e-06
4.40117346949351e-06
4.254995774181854e-06
4.053121805906829e-06
4.087830805094383e-06
3.9470160255315e-06
4.220965983544748e-06
3.854431978817427e-06
4.678754768982507e-06
3.718793078225281e-06
5.096217409181367e-06
3.7118664805423784e-06
5.1362070039579275e-06
4.025947847207853e-06
4.984113357202817e-06
4.651324439945152e-06
4.783232957184536e-06
4.765097225482538e-06
4.846188333658845e-06
4.8571299886172104e-06
4.9233139886683855e-06
4.9907375139439136e-06
5.003063482144593e-06
5.01341337559064e-06
5.075954120519212e-06
5.140442616121819e-06
5.2034393624352355e-06
5.281684209912278e-06
5.310026665706792e-06
5.299215671287865e-06
5.306646212801806e-06
5.278319756950944e-06
5.169747577259587e-06
5.034991815541399e-06
4.903616818917759e-06
4.768541453681446e-06
4.634565039175509e-06
4.514393251460275e-06
4.39197312604129e-06
4.267227732581929e-06
4.173457410893154e-06
4.149429695356292e-06
4.140899817118251e-06
4.0795016039861095e-06
4.007982431960139e-06
3.880389004145016e-06
3.711603290990202e-06
3.4370607303607888e-06
3.180038808035456e-06
2.956663538956369e-06
2.8303755869488236e-06
2.666142582774158e-06
2.5653591227887967e-06
2.324519607263267e-06
2.1376665179827982e-06
1.858647539612675e-06
1.8886748350849986e-06
1.784219536617655e-06
1.750978467180395e-06
1.596902090895888e-06
1.516741559007153e-06
1.400772872324946e-06
1.3474298011332722e-06
1.2294742486609165e-06
1.1873862653105035e-06
1.1368692530843529e-06
1.2091924654136222e-06
1.2609876642554855e-06
1.3208585587445872e-06
1.4281533753999466e-06
1.527947422658869e-06
1.559253716515386e-06
1.4519853630564308e-06
1.530961525497553e-06
1.4750396988059564e-06
1.4688525390805949e-06
1.38074308657616e-06
1.374985964271069e-06
1.2967721977920066e-06
1.2883831805010888e-06
1.2492247773085885e-06
1.2440304977561572e-06
1.2333395885000497e-06
1.273884159002522e-06
1.3280031446404257e-06
1.4084683774426045e-06
1.4413074940564748e-06
1.4278433748505466e-06
1.4363350078967736e-06
1.4471324363266381e-06
1.4016862445806114e-06
1.4086840185907888e-06
1.2871382438599028e-06
1.2915024937777106e-06
1.131536217567124e-06
1.1209238782610703e-06
1.0096484507357066e-06
9.775069648126328e-07
8.352213090715417e-07
8.079569457977897e-07
7.134006620142412e-07
6.089710064844953e-07
5.134581148551681e-07
5.27336747553653e-07
5.880992892459002e-07
7.940355549534564e-07
1.0953173076808873e-06
1.570586423456632e-06
2.004708949719464e-06
2.3737912399316292e-06
2.7099638163449926e-06
3.1437387306142007e-06
3.562913562390768e-06
3.966531194665854e-06
3.9636893291704006e-06
4.055776623273908e-06
3.897537751417054e-06
3.883421055022303e-06
3.570293848991498e-06
3.710573926330333e-06
3.503427747729071e-06
3.800012816174835e-06
3.6036065156127632e-06
3.881175279606443e-06
3.6883735801568417e-06
3.907935228806466e-06
3.7103330495052926e-06
3.837968401791265e-06
3.708011724258127e-06
3.778101327510735e-06
3.8174627485466076e-06
3.865344182104204e-06
3.935218599184438e-06
3.914563458315031e-06
3.918326612932858e-06
3.852443100044862e-06
3.7561049502448187e-06
3.6601167719080984e-06
3.5923082282820117e-06
3.6168185268132574e-06
3.5154166375312984e-06
3.425397775644628e-06
3.4686727617922254e-06
3.5151722511624894e-06
3.6252435093858877e-06
3.696004674857313e-06
3.698632803446026e-06
3.7066117239938077e-06
3.736982733130779e-06
3.7998500723204774e-06
3.857175752885533e-06
3.890582936875706e-06
3.929859257456063e-06
3.955147841318702e-06
3.991763540053224e-06
4.079681770131573e-06
4.145679830324034e-06
4.035799108624695e-06
3.907836194454695e-06
3.753274607628242e-06
3.5762522198704318e-06
3.3754442631374388e-06
3.132404970351574e-06
2.8814145357419407e-06
2.6349683678227107e-06
2.3712806461435144e-06
2.0951965141485227e-06
1.8533572595314746e-06
1.6660054345375155e-06
1.510487299211034e-06
1.3870927933337249e-06
1.3124729017770583e-06
1.2574378139817951e-06
1.2207692146957492e-06
1.1767837885679006e-06
1.1432207313458798e-06
1.141016901808104e-06
1.1021424529054067e-06
1.0714579739743659e-06
1.0399394137088216e-06
1.0104917984924207e-06
9.977704306663467e-07
9.728498287929818e-07
9.275950439176435e-07
9.048980511657225e-07
9.001810060775874e-07
9.051579331544695e-07
8.658534854757645e-07
8.372018880726141e-07
8.082373560682884e-07
7.735118030423417e-07
7.607017497317767e-07
7.55864393570467e-07
7.55127285718855e-07
8.035542579966672e-07
9.446976004176526e-07
1.1500676263061498e-06
1.3850149075666691e-06
1.6296761637407035e-06
1.802918402655636e-06
2.0018912606803804e-06
2.245743945834224e-06
2.1351544870467093e-06
2.0064467497960496e-06
1.7078999476979396e-06
1.5926728069075268e-06
1.4138161403431966e-06
1.4078048078701555e-06
1.3276890715139288e-06
1.3115085556657008e-06
1.1785638073926361e-06
1.1136760902056055e-06
8.522159566433364e-07
7.26887087325829e-07
5.374936572082328e-07
7.056600041747695e-07
5.129874829838342e-07
7.038743801813902e-07
6.348958409903346e-07
8.827988754798169e-07
8.71220229316738e-07
1.0720332406910264e-06
1.042811304251485e-06
1.1819677448455572e-06
1.299878485330604e-06
1.479197940661928e-06
1.6323568558567612e-06
1.67613957634656e-06
1.8305468004865065e-06
1.9363664486882554e-06
2.1230378945837593e-06
2.240663666295157e-06
2.163335785407436e-06
2.191156622908485e-06
2.027325218611866e-06
2.022128120256975e-06
2.014679311075251e-06
2.0343767883620698e-06
2.093044692113478e-06
2.1862412293121802e-06
2.3711302946895132e-06
2.6335948282738207e-06
2.7943825663703325e-06
2.9872633152161236e-06
3.187488302835572e-06
3.3447696721558403e-06
3.4531014898387462e-06
3.492122580511559e-06
3.0863990673425993e-06
2.948104111512353e-06
2.691134118043174e-06
2.6986598556139873e-06
2.8275842268917114e-06
3.099153176322793e-06
3.2293207703366426e-06
2.9116695155706644e-06
2.725768961728117e-06
2.898072880592418e-06
3.5328254263288563e-06
4.387120911698945e-06
5.189987049980528e-06
5.8830542510120065e-06
6.5089623968339465e-06
7.12542486796211e-06
7.724516951328066e-06
8.45622932593435e-06
9.377751966548704e-06
1.022980681741564e-05
1.0764084165913833e-05
1.0457585284609145e-05
9.62700134271571e-06
9.049393032131254e-06
8.813984830409148e-06
8.74453816743447e-06
8.850706527788762e-06
8.993818208804087e-06
8.720189170910715e-06
8.53130613472048e-06
8.517123700084535e-06
8.152517074697752e-06
7.736702604610333e-06
7.485406787748952e-06
7.384272660352525e-06
7.4485225841609436e-06
7.475348522250714e-06
7.433986632886377e-06
7.379376882193172e-06
7.34144267866371e-06
7.382414514518396e-06
7.535095648995262e-06
7.590888358282036e-06
7.5602019107595315e-06
7.675125546825206e-06
7.651520823939608e-06
7.845228250281643e-06
7.799392280663002e-06
8.272659772927353e-06
7.5498919505764425e-06
6.873382308435687e-06
6.403517570228129e-06
6.446322524468625e-06
6.758358011840533e-06
7.199965958140548e-06
7.626514836011305e-06
7.775521979532134e-06
7.674189445231607e-06
7.622135161618042e-06
7.733177423824041e-06
8.08387057557382e-06
8.356516582202571e-06
8.621286544301847e-06
8.939707751381566e-06
9.054026508854946e-06
8.90137896683754e-06
8.480687870651085e-06
8.548521593026645e-06
8.723297684542545e-06
9.235867084597936e-06
9.263060764380153e-06
9.03281607697407e-06
8.740075749736354e-06
8.416210273549724e-06
8.074361757352204e-06
7.835278244310649e-06
7.577849823186685e-06
7.248578700327731e-06
6.98159853816739e-06
6.6905501073009605e-06
6.2846152308736276e-06
5.717781964582661e-06
5.117309809478054e-06
4.537654586925794e-06
4.013470565753738e-06
3.5012874334093184e-06
3.0537778196760894e-06
2.7438967326725227e-06
2.570895098938391e-06
2.446370556239875e-06
2.3474771639141216e-06
2.2764329721229325e-06
2.2257550571140596e-06
2.215057562503184e-06
2.290949486775479e-06
2.420447017075824e-06
2.639059300773232e-06
2.9427735377446297e-06
3.3066587153679675e-06
3.7006831435393444e-06
4.186223725978895e-06
4.815923564251767e-06
5.55662168999512e-06
6.211444311329489e-06
6.6878174024137036e-06
7.045370079419334e-06
7.341214351310708e-06
7.611864281360347e-06
7.87331583685417e-06
8.037881368464209e-06
8.139920027343082e-06
8.207930136335103e-06
8.27196555590212e-06
8.342414654424804e-06
8.42015691456869e-06
8.496221776483037e-06
8.571926125437329e-06
8.649146990448918e-06
8.724650086762186e-06
8.780606743358542e-06
8.831596296859638e-06
8.880542532206046e-06
8.782802497664188e-06
8.63539757801976e-06
8.452026939020159e-06
8.106121553960534e-06
7.707129372968785e-06
7.310125513114919e-06
6.860864990555002e-06
6.448461487705352e-06
6.0835377213284415e-06
5.744160300999135e-06
5.686347913298384e-06
5.457424107494845e-06
5.4767411897061e-06
5.30372487670824e-06
5.176321316505497e-06
5.051084361275841e-06
4.8986712083435455e-06
4.861365257163992e-06
4.890572335133399e-06
4.854679280554166e-06
4.782142429631275e-06
4.734288041149117e-06
4.724712345363307e-06
4.722355020462969e-06
4.61537391143509e-06
4.493762010873307e-06
4.3859111656629206e-06
4.251161434017443e-06
4.130497446144027e-06
4.036328161551409e-06
3.984220132234447e-06
3.923789454032828e-06
3.852827546974438e-06
3.7958495172303863e-06
3.778517304110689e-06
3.793835049946577e-06
3.7677834617656947e-06
3.6940481302098927e-06
3.6254600832392364e-06
3.42028494833183e-06
3.0926391038248203e-06
2.9116363168282794e-06
2.6059339003418287e-06
2.185413186684841e-06
1.9365982587042e-06
1.772162762338922e-06
1.6052393325606556e-06
1.4516762028465816e-06
1.3730283583759805e-06
1.3187057416105934e-06
1.33868002329735e-06
1.3916770282586579e-06
1.4195508964330942e-06
1.3189741947330939e-06
1.2040275844312363e-06
1.1044405059470767e-06
1.0384851531916672e-06
1.0034049907069929e-06
9.792629694765203e-07
1.0062776363731275e-06
1.0691472568577364e-06
1.2464960273664778e-06
1.358955511258444e-06
1.4268599366847927e-06
1.505433938046084e-06
1.5811026716231795e-06
1.6569955366106848e-06
1.6865971518391645e-06
1.7336899552752803e-06
1.7719322066736795e-06
1.836289826236794e-06
1.7707964918437519e-06
1.7346891232607152e-06
1.6958695240821395e-06
1.6909154448167118e-06
1.686009400440055e-06
1.6677938921410187e-06
1.681246452369091e-06
1.776541505214609e-06
1.8787399602307091e-06
1.9812012954495855e-06
2.157005320301362e-06
2.379542611225567e-06
2.609179102658852e-06
2.857918945981156e-06
3.031666824669011e-06
3.024289720088255e-06
3.0680090843974054e-06
3.324362291146636e-06
3.6395123702543685e-06
3.784696293094187e-06
3.9450041678939364e-06
4.000197840482814e-06
3.955170916101062e-06
3.873645171893177e-06
3.8113404437600754e-06
3.816143294167586e-06
3.875288004608405e-06
3.7415685377321393e-06
3.6203660243859223e-06
3.535777925720156e-06
3.05210645741114e-06
2.755363398638354e-06
2.7283334330793935e-06
2.769750776534782e-06
2.859423573279359e-06
3.034135484142836e-06
3.2237071112859297e-06
3.2969264100617995e-06
3.385700224433547e-06
3.3633667693675453e-06
3.3530778431609654e-06
3.3194954690719086e-06
3.323657147677586e-06
3.428131401804805e-06
3.5420402260576285e-06
3.6055673089438973e-06
3.646796597360376e-06
3.6918867193324617e-06
3.7594752057857458e-06
3.7717890343722878e-06
3.757840029332924e-06
3.836340932790563e-06
3.861765373797971e-06
4.312793918268877e-06
4.30421049333243e-06
4.776660360500926e-06
4.702219776527909e-06
5.120645065887666e-06
5.060708788537783e-06
5.103004245509026e-06
4.778108451778869e-06
4.605070507908313e-06
4.274301571041904e-06
4.053043120989465e-06
3.7878942514508796e-06
3.5843897793343385e-06
3.417377551916358e-06
3.284685617749635e-06
3.2194341000520685e-06
3.1981969601097028e-06
3.25644175636773e-06
3.3418529919175294e-06
3.537119113786266e-06
3.8217685131185795e-06
4.037774906052602e-06
4.2750161229076724e-06
4.437513791464857e-06
4.675348822354606e-06
4.838779972678196e-06
5.102607658663603e-06
5.147765161273484e-06
5.372755626516813e-06
5.41933345723636e-06
5.513687886949013e-06
5.404517722794907e-06
5.156330170003503e-06
4.822655697677573e-06
4.4332817304426865e-06
4.0686905097227324e-06
3.7122592721478107e-06
3.3448907366345664e-06
2.896503403646393e-06
2.4204798303396016e-06
1.9854807129328296e-06
1.6060171246586846e-06
1.280329068247037e-06
1.0034270038209003e-06
7.539575115888317e-07
6.423308944989124e-07
6.17430424347154e-07
6.517163416074407e-07
7.243640057298098e-07
8.375497938247635e-07
9.950095573602861e-07
1.1148684302095866e-06
1.220181658194662e-06
1.2747878525729081e-06
1.4050114405118682e-06
1.5713107417505955e-06
1.7619105942836742e-06
1.9510182609347845e-06
2.0816677862643646e-06
2.2781517867873305e-06
2.486794175559522e-06
2.6276343329547383e-06
2.786536019244214e-06
2.950285497837558e-06
3.0429933667926287e-06
3.076219176412445e-06
3.1225622358230986e-06
3.159633190537621e-06
3.2197605555564357e-06
3.2990522178629526e-06
3.3962082713930587e-06
3.506702617512914e-06
3.7376347213198787e-06
4.097312360995038e-06
4.478810862545146e-06
4.8592651238002666e-06
4.9352198274544076e-06
4.655920702317301e-06
4.641654578758546e-06
4.178667497949049e-06
4.206761675539918e-06
3.7109545249467545e-06
3.919570767522687e-06
3.48528508132285e-06
3.7074970620584794e-06
3.6034494363653857e-06
3.634059385825235e-06
3.5703351931654505e-06
3.471280174106481e-06
3.3592794314120076e-06
3.1174057159707685e-06
2.882172720361641e-06
2.832565177371007e-06
2.880274987305553e-06
3.019257677879971e-06
3.068979164211704e-06
3.1521520898638044e-06
3.2494812913312957e-06
3.371160767746853e-06
3.5345571819483165e-06
3.6614322402928086e-06
3.806300946883227e-06
3.999839247495695e-06
4.238591474619e-06
4.419497335411827e-06
4.611722537615417e-06
4.83513908761541e-06
5.0742764215296e-06
5.051568660973714e-06
4.932949563596673e-06
4.8276861551011665e-06
4.731451017981362e-06
4.632492983017428e-06
4.551537635011989e-06
4.49053279488448e-06
4.44580155816361e-06
4.397530181899643e-06
4.346869530000994e-06
4.342048257544406e-06
4.3563892165581636e-06
4.214608066075881e-06
4.320300313244707e-06
4.349210891424491e-06
4.471219716866258e-06
4.381556128473244e-06
4.493929834014586e-06
4.742760014969612e-06
5.068941383944748e-06
4.896988253608471e-06
4.913661952316734e-06
4.9494166965849415e-06
5.231741880580234e-06
5.483223490213599e-06
5.558745575133367e-06
5.78426210605437e-06
6.172191084824699e-06
7.302849769580842e-06
9.225316888689054e-06
1.228063925894138e-05
1.4899503234143173e-05
1.566654066379087e-05
1.5741163499252613e-05
1.5514335057771835e-05
1.5199334352863384e-05
1.4745609829991169e-05
1.4118064923093393e-05
1.3410584279629406e-05
1.266163066822014e-05
1.1808846673527085e-05
1.1236771670324705e-05
1.0859597223467287e-05
1.059842445885174e-05
1.0282685960187941e-05
1.0033925248518034e-05
9.875007564333726e-06
9.955948267877238e-06
1.0165997162474955e-05
1.0393239060570419e-05
1.0589728478098604e-05
1.0658189004303499e-05
1.075552473655468e-05
1.0938151637945672e-05
1.1171495066692204e-05
1.1330548578094581e-05
1.1471948131536326e-05
1.1428044758107234e-05
1.1362529877972504e-05
1.1104398202622256e-05
1.0666292715861252e-05
1.0275696139148861e-05
9.793080136951717e-06
9.19999357973591e-06
8.833221572353487e-06
8.741063923542754e-06
8.505904672664563e-06
8.297919093768854e-06
7.978745697615619e-06
7.46893484769353e-06
6.988696777687189e-06
6.448658432071463e-06
5.856674912172265e-06
5.345773708212523e-06
5.053091959973599e-06
4.763493829046946e-06
4.565411484093824e-06
4.410366914711299e-06
4.25805800521609e-06
4.085670457166272e-06
3.903215913438238e-06
3.805256573516565e-06
3.670296335441958e-06
3.3481436818569374e-06
3.0691411422316744e-06
3.4413001081569137e-06
