1.09519598495657e-7
4.82964563164699e-9
4.60953547542153e-9
3.97851712820657e-9
3.42245310957713e-9
2.93198088045076e-9
2.50381086801078e-9
2.13440454728860e-9
1.82012860853010e-9
1.55731770623324e-9
1.34232741656579e-9
1.17157746719345e-9
1.04158627241407e-9
9.48997752527210e-10
8.90601370679365e-10
8.63346270686931e-10
8.64350345491792e-10
8.90905011355656e-10
9.40476406534997e-10
1.01070367028772e-9
1.09939489900891e-9
1.20452131079152e-9
1.32421008700990e-9
1.45673629607825e-9
1.60051424343034e-9
1.75408853408121e-9
1.91612508098915e-9
2.08540224124815e-9
2.26080222147294e-9
2.44130285301966e-9
2.62596980753759e-9
2.81394929400334e-9
3.00446125891814e-9
3.19679309306703e-9
3.39029383295994e-9
3.58436884102966e-9
3.77847493684532e-9
3.97211594729088e-9
4.16483865015371e-9
4.35622906991912e-9
4.54590910177056e-9
4.73353342681305e-9
4.91878669433829e-9
5.10138094121110e-9
5.28105322546646e-9
5.45756345310826e-9
5.63069237614498e-9
5.80023974685082e-9
5.96602261159552e-9
6.12787373106662e-9
6.28564011446275e-9
6.43918165877346e-9
6.58836988253181e-9
6.73308674589919e-9
6.87322355216801e-9
7.00867992187463e-9
7.13936283621594e-9
7.26518574346366e-9
7.38606772491539e-9
7.50193271697173e-9
7.61270878466518e-9
7.71832744548227e-9
7.81872303975750e-9
7.91383214500511e-9
8.00359303466081e-9
8.08794517567116e-9
8.16682876889030e-9
8.24018432601000e-9
8.30795228619578e-9
8.37007267084579e-9
8.42648477658488e-9
8.47712690734102e-9
8.52193614560132e-9
8.56084816601693e-9
8.59379709114342e-9
8.62071539308048e-9
8.64153384405576e-9
8.65618151752333e-9
8.66458584739161e-9
8.66667274691893e-9
8.66236679471287e-9
8.65159149403177e-9
8.63426961196114e-9
8.61032360711952e-9
8.57967615402532e-9
8.54225077542241e-9
8.49797259114377e-9
8.44676919506363e-9
8.38857167625769e-9
8.32331579001307e-9
8.25094329814709e-9
8.17140348900712e-9
8.08465489043774e-9
7.99066718896592e-9
7.88942336689865e-9
7.78092206460895e-9
7.66518017818354e-9
7.54223569227100e-9
7.41215074844680e-9
7.27501493828715e-9
7.13094880604952e-9
6.98010753456581e-9
6.82268477213442e-9
6.65891655315191e-9
6.48908523506594e-9
6.31352337445224e-9
6.13261742317025e-9
5.94681112390168e-9
5.75660845301368e-9
5.56257593859845e-9
5.36534416764138e-9
5.16560828280046e-9
4.96412726277262e-9
4.76172178552300e-9
4.55927049589241e-9
4.35770452911468e-9
4.15800019888972e-9
3.96116983309231e-9
3.76825083070481e-9
3.58029312984619e-9
3.39834539599222e-9
3.22344036647533e-9
3.05657990965952e-9
2.89872044486465e-9
2.75075942981563e-9
2.61352361864760e-9
2.48775973183229e-9
2.37412803049913e-9
2.27319908695854e-9
2.18545376938812e-9
2.11128616478264e-9
2.05100886848738e-9
2.00485982034492e-9
1.97300970006831e-9
1.95556884009510e-9
1.95259269508418e-9
1.96408510897666e-9
1.98999893140989e-9
2.03023390677581e-9
2.08463214126329e-9
2.15297179266136e-9
2.23495987799103e-9
2.33022522197311e-9
2.43831256816302e-9
2.55867874717120e-9
2.69069157765584e-9
2.83363189143271e-9
2.98669877614119e-9
3.14901784591281e-9
3.31965211495296e-9
3.49761488656860e-9
3.68188396695795e-9
3.87141649733381e-9
4.06516372925268e-9
4.26208514935358e-9
4.46116147432867e-9
4.66140615681353e-9
4.86187517260229e-9
5.06167497325363e-9
5.25996859138243e-9
5.45597996523588e-9
5.64899661116167e-9
5.83837081590066e-9
6.02351954059381e-9
6.20392324540509e-9
6.37912383241658e-9
6.54872190465305e-9
6.71237351419168e-9
6.86978655940416e-9
7.02071696672936e-9
7.16496477084576e-9
7.30237019126797e-9
7.43280977649837e-9
7.55619267816835e-9
7.67245709699252e-9
7.78156693054104e-9
7.88350864511988e-9
7.97828838086622e-9
8.06592929466252e-9
8.14646914084807e-9
8.21995808183403e-9
8.28645672180204e-9
8.34603435137446e-9
8.39876739145487e-9
8.44473802445862e-9
8.48403299599363e-9
8.51674257804227e-9
8.54295967807825e-9
8.56277908177763e-9
8.57629682002906e-9
8.58360964411959e-9
8.58481460704944e-9
8.58000873355947e-9
8.56928877567348e-9
8.55275104579679e-9
8.53049131779542e-9
8.50260479447499e-9
8.46918613308213e-9
8.43032952561997e-9
8.38612883153016e-9
8.33667775775171e-9
8.28207008392476e-9
8.22239993442341e-9
8.15776208940771e-9
8.08825234055446e-9
8.01396788712547e-9
7.93500777406150e-9
7.85147337155638e-9
7.76346889879824e-9
7.67110199083569e-9
7.57448431212188e-9
7.47373221809948e-9
7.36896746588523e-9
7.26031797984177e-9
7.14791867138490e-9
7.03191231853201e-9
6.91245050860181e-9
6.78969464656296e-9
6.66381703504212e-9
6.53500202839557e-9
6.40344726704820e-9
6.26936499560171e-9
6.13298346972076e-9
5.99454845806556e-9
5.85432484171582e-9
5.71259831832040e-9
5.56967721490754e-9
5.42589441296622e-9
5.28160939083432e-9
5.13721038715876e-9
4.99311668711548e-9
4.84978103296823e-9
4.70769216128236e-9
4.56737746234391e-9
4.42940576145622e-9
4.29439021325372e-9
4.16299130297507e-9
4.03591993809928e-9
3.91394061710188e-9
3.79787464780366e-9
3.68860338968670e-9
3.58707148140036e-9
3.49429000638919e-9
3.41133954243326e-9
3.33937302415848e-9
3.27961833682614e-9
3.23338054156246e-9
3.20204361561152e-9
3.18707156768632e-9
3.19000876819162e-9
3.21247930535504e-9
3.25618515064400e-9
3.32290288566504e-9
3.41447870804686e-9
3.53282139969905e-9
3.67989290202815e-9
3.85769610822387e-9
4.06825944500964e-9
4.31361778607376e-9
4.59578921287947e-9
4.91674712259907e-9
5.27838718053673e-9
5.68248863412904e-9
6.13066954649113e-9
6.62433559044315e-9
7.16462215968619e-9
7.75232973902383e-9
8.38785270430094e-9
9.07110205365039e-9
9.80142296881006e-9
1.05775086118241e-8
1.13973121753029e-8
1.22579599125894e-8
1.31556686961817e-8
1.40856725391180e-8
1.50421634657688e-8
1.60182530456096e-8
1.70059617633962e-8
1.79962440633879e-8
1.89790572579436e-8
1.99434823652092e-8
2.08779041730700e-8
2.17702562162011e-8
2.26083337495763e-8
2.33801740614817e-8
2.40744985627010e-8
2.46812050624246e-8
2.51918917628871e-8
2.56003872107934e-8
2.59032533631807e-8
2.61002229928758e-8
2.61945288653042e-8
2.61930815572227e-8
2.61064564980556e-8
2.59486594354665e-8
2.57366533038651e-8
2.54896478979278e-8
2.52281755068446e-8
2.49729986823841e-8
2.47439178572127e-8
2.45585635760680e-8
2.44312678377862e-8
2.43721092931864e-8
2.43862168245248e-8
2.44733958445790e-8
2.46281134788912e-8
2.48398459654818e-8
2.50937581639933e-8
2.53716552468311e-8
2.56531240399118e-8
2.59167685714610e-8
2.61414421346593e-8
2.63073860177429e-8
2.63972011116825e-8
2.63966001245530e-8
2.62949120116686e-8
2.60853335188995e-8
2.57649430400874e-8
2.53345076973523e-8
2.47981249016005e-8
2.41627446472503e-8
2.34376190429459e-8
2.26337220661008e-8
2.17631764016744e-8
2.08387166238819e-8
1.98732099035340e-8
1.88792476561163e-8
1.78688146390931e-8
1.68530362750634e-8
1.58420005607678e-8
1.48446477845536e-8
1.38687193177823e-8
1.29207557682365e-8
1.20061345993642e-8
1.11291377183352e-8
1.02930403301707e-8
9.50021339738338e-9
8.75223319486292e-9
8.04999262161846e-9
7.39381005284414e-9
6.78353253876287e-9
6.21863106706051e-9
5.69828637806591e-9
5.22146447048890e-9
4.78698145876149e-9
4.39355785623364e-9
4.03986267591856e-9
3.72454797433213e-9
3.44627463058758e-9
3.20373026258278e-9
2.99564024837542e-9
2.82077284952333e-9
2.67793943493993e-9
2.56599078232632e-9
2.48381039461058e-9
2.43030571553159e-9
2.40439806133430e-9
2.40501201162711e-9
2.43106491592390e-9
2.48145708569555e-9
2.55506314351365e-9
2.65072490752425e-9
2.76724608713439e-9
2.90338897453181e-9
3.05787321927562e-9
3.22937668938931e-9
3.41653834256770e-9
3.61796296085933e-9
3.83222754613581e-9
4.05788912499626e-9
4.29349368103660e-9
4.53758591017049e-9
4.78871948770820e-9
5.04546753942863e-9
5.30643302292710e-9
5.57025874826333e-9
5.83563679770720e-9
6.10131713909534e-9
6.36611526729763e-9
6.62891874599250e-9
6.88869256739854e-9
7.14448328091172e-9
7.39542188104973e-9
7.64072547821606e-9
7.87969780122398e-9
8.11172860660743e-9
8.33629208727035e-9
8.55294438602765e-9
8.76132033045487e-9
8.96112950812541e-9
9.15215180391540e-9
9.33423251853144e-9
9.50727718018786e-9
9.67124615589165e-9
9.82614916367909e-9
9.97203976533935e-9
1.01090099245727e-8
1.02371846899252e-8
1.03567170615964e-8
1.04677830829002e-8
1.05705771939019e-8
1.06653078706772e-8
1.07521935668805e-8
1.08314589679949e-8
1.09033315597905e-8
1.09680385115698e-8
1.10258038609065e-8
1.10768459951085e-8
1.11213754119666e-8
1.11595927424815e-8
1.11916870202318e-8
1.12178341765805e-8
1.12381957416331e-8
1.12529177326897e-8
1.12621297094835e-8
1.12659439773855e-8
1.12644549214847e-8
1.12577384534543e-8
1.12458515555987e-8
1.12288319099280e-8
1.12066975958603e-8
1.11794468490385e-8
1.11470578731012e-8
1.11094886926857e-8
1.10666770492227e-8
1.10185403351941e-8
1.09649755668795e-8
1.09058594019439e-8
1.08410482083476e-8
1.07703781998975e-8
1.06936656495085e-8
1.06107072075928e-8
1.05212803538842e-8
1.04251440158802e-8
1.03220394010448e-8
1.02116910963549e-8
1.00938085005032e-8
9.96808766709176e-9
9.83421365057883e-9
9.69186346503926e-9
9.54070977834393e-9
9.38042548875193e-9
9.21068934319461e-9
9.03119277858767e-9
8.84164818352440e-9
8.64179878296103e-9
8.43143036016580e-9
8.21038501166706e-9
7.97857711138488e-9
7.73601160046057e-9
7.48280463355771e-9
7.21920648188158e-9
6.94562640097168e-9
6.66265891593142e-9
6.37111065417382e-9
6.07202644838683e-9
5.76671297213850e-9
5.45675767734688e-9
5.14404032910765e-9
4.83073407863789e-9
4.51929289188740e-9
4.21242241594997e-9
3.91303217788403e-9
3.62416850531376e-9
3.34892976466727e-9
3.09036831396332e-9
2.85138659779349e-9
2.63463744250007e-9
2.44244002152225e-9
2.27672230644475e-9
2.13899756197872e-9
2.03037666754900e-9
1.95161075778768e-9
1.90315166403402e-9
1.88521312754631e-9
1.89781551225696e-9
1.94080134074712e-9
2.01381736453062e-9
2.11626856008534e-9
2.24725749014427e-9
2.40552651473410e-9
2.58941951648669e-9
2.79687485286432e-9
3.02545407519159e-9
3.27240374529744e-9
3.53474219167328e-9
3.80936014479003e-9
4.09312387402775e-9
4.38297109465795e-9
4.67599267038581e-9
4.96949617714778e-9
5.26105013665322e-9
5.54850983465049e-9
5.83002702465403e-9
6.10404653144915e-9
6.36929295700680e-9
6.62475051480042e-9
6.86963863505923e-9
7.10338549136308e-9
7.32560110891058e-9
7.53605125541640e-9
7.73463292237129e-9
7.92135189282231e-9
8.09630264010519e-9
8.25965063334676e-9
8.41161699260480e-9
8.55246536011083e-9
8.68249080601194e-9
8.80201056043575e-9
8.91135636340984e-9
9.01086821995969e-9
9.10088937063553e-9
9.18176229565254e-9
9.25382559365521e-9
9.31741159454747e-9
9.37284458063729e-9
9.42043951290757e-9
9.46050116974762e-9
9.49332362228289e-9
9.51918997953095e-9
9.53837235243612e-9
9.55113198975317e-9
9.55771954808989e-9
9.55837546760725e-9
9.55333042727156e-9
9.54280585867688e-9
9.52701450484473e-9
9.50616100782979e-9
9.48044251660007e-9
9.45004930830464e-9
9.41516541393001e-9
9.37596924542370e-9
9.33263422198001e-9
9.28532939019116e-9
9.23422003856080e-9
9.17946830590704e-9
9.12123378002427e-9
9.05967409117799e-9
8.99494549674648e-9
8.92720345946774e-9
8.85660321961541e-9
8.78330036206472e-9
8.70745137851688e-9
8.62921422725034e-9
8.54874888915351e-9
8.46621792299133e-9
8.38178702045883e-9
8.29562555985104e-9
8.20790716314300e-9
8.11881025185982e-9
8.02851860688785e-9
7.93722193060403e-9
7.84511641003085e-9
7.75240528403353e-9
7.65929941180182e-9
7.56601784238545e-9
7.47278838570803e-9
7.37984818195219e-9
7.28744426822038e-9
7.19583414070074e-9
7.10528630948666e-9
7.01608084071605e-9
6.92850988613021e-9
6.84287819011322e-9
6.75950357210351e-9
6.67871737740899e-9
6.60086488527438e-9
6.52630567063577e-9
6.45541390388573e-9
6.38857858067782e-9
6.32620366583974e-9
6.26870813848440e-9
6.21652591821053e-9
6.17010565611790e-9
6.12991036786254e-9
6.09641688343284e-9
6.07011509049767e-9
6.05150693920136e-9
6.04110517843241e-9
6.03943178785918e-9
6.04701607004511e-9
6.06439236110265e-9
6.09209731834170e-9
6.13066674096043e-9
6.18063187701153e-9
6.24251517019970e-9
6.31682539914377e-9
6.40405216361932e-9
6.50465967401643e-9
6.61907980471500e-9
6.74770437962736e-9
6.89087666530574e-9
7.04888206124667e-9
7.22193799146169e-9
7.41018302206020e-9
7.61366525389259e-9
7.83233006880747e-9
8.06600734489683e-9
8.31439829392963e-9
8.57706212582696e-9
8.85340279502482e-9
9.14265614181744e-9
9.44387780921952e-9
9.75593237675409e-9
1.00774842256218e-8
1.04069907126282e-8
1.07426982953140e-8
1.10826422990721e-8
1.14246510599166e-8
1.17663551887564e-8
1.21052026958462e-8
1.24384806669931e-8
1.27633440938831e-8
1.30768523233852e-8
1.33760133945712e-8
1.36578362750466e-8
1.39193906923987e-8
1.41578738717420e-8
1.43706830598150e-8
1.45554922418219e-8
1.47103309575165e-8
1.48336626302971e-8
1.49244593719164e-8
1.49822698402386e-8
1.50072764675569e-8
1.50003382791723e-8
1.49630156187481e-8
1.48975734405875e-8
1.48069604222719e-8
1.46947620067217e-8
1.45651265915765e-8
1.44226653905447e-8
1.42723279439623e-8
1.41192567615809e-8
1.39686260375339e-8
1.38254706646099e-8
1.36945127888104e-8
1.35799937683517e-8
1.34855195647027e-8
1.34139272475794e-8
1.33671794316331e-8
1.33462921265246e-8
1.33512997544300e-8
1.33812590893844e-8
1.34342917475255e-8
1.35076627699547e-8
1.35978909373600e-8
1.37008848755488e-8
1.38120978685816e-8
1.39266936351483e-8
1.40397151810102e-8
1.41462491861938e-8
1.42415791549965e-8
1.43213216637539e-8
1.43815413765585e-8
1.44188419489108e-8
1.44304313928642e-8
1.44141618421485e-8
1.43685448521537e-8
1.42927443520194e-8
1.41865500952160e-8
1.40503349380498e-8
1.38849995110545e-8
1.36919078699450e-8
1.34728175607192e-8
1.32298072340852e-8
1.29652045545198e-8
1.26815167016870e-8
1.23813652866317e-8
1.20674270405657e-8
1.17423811978559e-8
1.14088640969939e-8
1.10694311862446e-8
1.07265263363796e-8
