4.81845982633228e-7
1.76856665757850e-8
1.65633324593277e-8
1.31790019089869e-8
1.04527949805425e-8
8.27865212129445e-9
6.60544649311570e-9
5.38151505988183e-9
4.55688605700764e-9
4.08414751454708e-9
3.91902860330336e-9
4.02073350528858e-9
4.35207958679472e-9
4.87948597355778e-9
5.57285290662976e-9
6.40536631092222e-9
7.35325600075113e-9
8.39553014952068e-9
9.51370323381915e-9
1.06915298663394e-8
1.19147528594035e-8
1.31708705271365e-8
1.44489257019936e-8
1.57393170507863e-8
1.70336320066281e-8
1.83244998281316e-8
1.96054628691612e-8
2.08708639850574e-8
2.21157480050490e-8
2.33357753594437e-8
2.45271461210834e-8
2.56865329573948e-8
2.68110216967684e-8
2.78980584309880e-8
2.89454022430307e-8
2.99510828129716e-8
3.09133622907822e-8
3.18307009195956e-8
3.27017259914418e-8
3.35252037840904e-8
3.43000141868535e-8
3.50251277704804e-8
3.56995850984562e-8
3.63224781094965e-8
3.68929334371198e-8
3.74100975608821e-8
3.78731237168183e-8
3.82811605176934e-8
3.86333422859083e-8
3.89287811100829e-8
3.91665607036544e-8
3.93457321725197e-8
3.94653118421014e-8
3.95242813700744e-8
3.95215903999261e-8
3.94561621121089e-8
3.93269020609785e-8
3.91327108056769e-8
3.88725008804578e-8
3.85452187638911e-8
3.81498725699175e-8
3.76855662416207e-8
3.71515410999279e-8
3.65472255913188e-8
3.58722940562515e-8
3.51267352362693e-8
3.43109310245751e-8
3.34257456317860e-8
3.24726248189865e-8
3.14537041376159e-8
3.03719241245738e-8
2.92311491362671e-8
2.80362849844716e-8
2.67933886921513e-8
2.55097617638888e-8
2.41940164120950e-8
2.28561025718134e-8
2.15072826618734e-8
2.01600414671800e-8
1.88279207573149e-8
1.75252729551804e-8
1.62669355184812e-8
1.50678375881499e-8
1.39425619146998e-8
1.29048962902920e-8
1.19674170006450e-8
1.11411490837368e-8
1.04353418281593e-8
9.85738189006078e-9
9.41284238278236e-9
9.10563898839126e-9
8.93824076889434e-9
8.91187136017347e-9
9.02664065766222e-9
9.28156819647452e-9
9.67449177686768e-9
1.02018891707770e-8
1.08586668382300e-8
1.16379803589144e-8
1.25311448711039e-8
1.35276737023192e-8
1.46154565489040e-8
1.57810625977648e-8
1.70101347239994e-8
1.82878311125004e-8
1.95992701565154e-8
2.09299410742977e-8
2.22660532479650e-8
2.35948089695852e-8
2.49045948564772e-8
2.61850954973391e-8
2.74273384576234e-8
2.86236827894859e-8
2.97677641501505e-8
3.08544091085885e-8
3.18795297945725e-8
3.28400081696190e-8
3.37335772137753e-8
3.45587044559216e-8
3.53144816220321e-8
3.60005228292440e-8
3.66168726752918e-8
3.71639247755656e-8
3.76423507117999e-8
3.80530389815374e-8
3.83970432762202e-8
3.86755392916991e-8
3.88897892225457e-8
3.90411130840736e-8
3.91308660537356e-8
3.91604210871412e-8
3.91311561327137e-8
3.90444453539504e-8
3.89016538534715e-8
3.87041354643438e-8
3.84532332548717e-8
3.81502824632108e-8
3.77966156335598e-8
3.73935697967087e-8
3.69424955791610e-8
3.64447681777047e-8
3.59018001883971e-8
3.53150563018665e-8
3.46860699332056e-8
3.40164618809739e-8
3.33079611422383e-8
3.25624280460699e-8
3.17818798990991e-8
3.09685193575735e-8
3.01247657754987e-8
2.92532897968720e-8
2.83570514834403e-8
2.74393422840315e-8
2.65038311628946e-8
2.55546152051960e-8
2.45962750115684e-8
2.36339351658662e-8
2.26733300166087e-8
2.17208749423190e-8
2.07837431668186e-8
1.98699480373688e-8
1.89884304753847e-8
1.81491510282282e-8
1.73631855849975e-8
1.66428233348128e-8
1.60016649316237e-8
1.54547180354589e-8
1.50184864210211e-8
1.47110476055903e-8
1.45521124512723e-8
1.45630583700687e-8
1.47669255936245e-8
1.51883634367629e-8
1.58535105844284e-8
1.67897902230452e-8
1.80255974083171e-8
1.95898526186109e-8
2.15113923019291e-8
2.38181648737960e-8
2.65361998012802e-8
2.96883190926569e-8
3.32925660708582e-8
3.73603374261140e-8
4.18942232721507e-8
4.68855885525324e-8
5.23119699045127e-8
5.81344167306047e-8
6.42949742136144e-8
7.07145874267479e-8
7.72917936741853e-8
8.39026534708108e-8
9.04024305892982e-8
9.66295420786495e-8
1.02412227068027e-7
1.07578192743959e-7
1.11967157774251e-7
1.15445717675833e-7
1.17923330450158e-7
1.19367545149502e-7
1.19816014066182e-7
1.19382536229482e-7
1.18254585029179e-7
1.16680631863121e-7
1.14947108690950e-7
1.13346865522772e-7
1.12143061483537e-7
1.11534018517934e-7
1.11625118034840e-7
1.12413006666043e-7
1.13785255521778e-7
1.15535662645889e-7
1.17392360500281e-7
1.19053579375963e-7
1.20224875001681e-7
1.20651998916759e-7
1.20145107333217e-7
1.18592133996768e-7
1.15961302057442e-7
1.12294451361096e-7
1.07693866883109e-7
1.02305593513057e-7
9.63019566724404e-8
8.98653958616637e-8
8.31749753215407e-8
7.63962287957733e-8
6.96744237564569e-8
6.31309333976402e-8
5.68621770747040e-8
5.09405014356924e-8
4.54163856237890e-8
4.03214262532576e-8
3.56716599219504e-8
3.14708901143288e-8
2.77137871550527e-8
2.43886168072587e-8
2.14795224619468e-8
1.89683380126028e-8
1.68359455257501e-8
1.50632164467443e-8
1.36315901112365e-8
1.25233512126517e-8
1.17216705895869e-8
1.12104726979685e-8
1.09741894771922e-8
1.09974547047207e-8
1.12647858536125e-8
1.17602923250080e-8
1.24674400604114e-8
1.33688933475002e-8
1.44464455163093e-8
1.56810416227145e-8
1.70528885631716e-8
1.85416417151375e-8
2.01266524487781e-8
2.17872578317865e-8
2.35030925884666e-8
2.52544037153180e-8
2.70223498961729e-8
2.87892706170377e-8
3.05389133675219e-8
3.22566110610685e-8
3.39294055874359e-8
3.55461168503782e-8
3.70973596110284e-8
3.85755127976553e-8
3.99746476071974e-8
4.12904217423235e-8
4.25199475452984e-8
4.36616417004687e-8
4.47150637137529e-8
4.56807496036290e-8
4.65600463190628e-8
4.73549513771079e-8
4.80679611978084e-8
4.87019306307232e-8
4.92599453116713e-8
4.97452076848313e-8
5.01609369369436e-8
5.05102825266656e-8
5.07962506486510e-8
5.10216426571075e-8
5.11890043255841e-8
5.13005846846173e-8
5.13583031800598e-8
5.13637238924492e-8
5.13180356445732e-8
5.12220369055544e-8
5.10761245414624e-8
5.08802856092927e-8
5.06340915679841e-8
5.03366944672907e-8
4.99868249168653e-8
4.95827918974167e-8
4.91224847703986e-8
4.86033782420537e-8
4.80225414718166e-8
4.73766530795165e-8
4.66620244997885e-8
4.58746349750069e-8
4.50101825064854e-8
4.40641563362746e-8
4.30319379576415e-8
4.19089392988889e-8
4.06907883986420e-8
3.93735745111766e-8
3.79541656432470e-8
3.64306115937341e-8
3.48026435519690e-8
3.30722759930229e-8
3.12445061749081e-8
2.93280889390183e-8
2.73363379263639e-8
2.52878681239924e-8
2.32071512056949e-8
2.11247125437087e-8
1.90767731690274e-8
1.71041566136391e-8
1.52503688347478e-8
1.35589382734130e-8
1.20703562270729e-8
1.08192077952434e-8
9.83219203237550e-9
9.12755289644768e-9
8.71594622878380e-9
8.60213196667723e-9
8.78646668878015e-9
9.26529818373207e-9
1.00300274998304e-8
1.10654166102784e-8
1.23481775488617e-8
1.38467407998614e-8
1.55225311350632e-8
1.73324601895626e-8
1.92319819026649e-8
2.11780272117729e-8
2.31313338473643e-8
2.50579579229624e-8
2.69299804649524e-8
2.87255576203371e-8
3.04285129768226e-8
3.20276618969898e-8
3.35160201927506e-8
3.48900041831124e-8
3.61486882170962e-8
3.72931539329437e-8
3.83259434857214e-8
3.92506151509954e-8
4.00713921063785e-8
4.07928917682950e-8
4.14199222679927e-8
4.19573333631458e-8
4.24099105156288e-8
4.27823025693577e-8
4.30789751458202e-8
4.33041834320073e-8
4.34619593487275e-8
4.35561092203872e-8
4.35902189559237e-8
4.35676644897409e-8
4.34916257886046e-8
4.33651031831665e-8
4.31909351202395e-8
4.29718166912792e-8
4.27103184906726e-8
4.24089055097365e-8
4.20699558700901e-8
4.16957792996712e-8
4.12886352918429e-8
4.08507509478438e-8
4.03843385232920e-8
3.98916127182252e-8
3.93748077643797e-8
3.88361943719327e-8
3.82780965929070e-8
3.77029086581750e-8
3.71131118438710e-8
3.65112914043661e-8
3.59001536049163e-8
3.52825428627420e-8
3.46614589944779e-8
3.40400745311244e-8
3.34217520435951e-8
3.28100613763653e-8
3.22087966476570e-8
3.16219928222288e-8
3.10539415955102e-8
3.05092062622977e-8
2.99926351483041e-8
2.95093730831091e-8
2.90648702718166e-8
2.86648877911877e-8
2.83154987632347e-8
2.80230840933106e-8
2.77943214500230e-8
2.76361659409363e-8
2.75558207012164e-8
2.75606953556413e-8
2.76583500527634e-8
2.78564225240633e-8
2.81625353904004e-8
2.85841807667372e-8
2.91285791265427e-8
2.98025094319178e-8
3.06121077567453e-8
3.15626321237221e-8
3.26581920890120e-8
3.39014428669179e-8
3.52932455748843e-8
3.68322976076962e-8
3.85147403079464e-8
4.03337550742348e-8
4.22791638271179e-8
4.43370553125037e-8
4.64894648515126e-8
4.87141415317358e-8
5.09844429077351e-8
5.32694022743020e-8
5.55340164254723e-8
5.77398012330082e-8
5.98456568904019e-8
6.18090727672485e-8
6.35876822068098e-8
6.51411495116260e-8
6.64333349549580e-8
6.74346405322628e-8
6.81243926312347e-8
6.84930732056089e-8
6.85441754884755e-8
6.82954422320746e-8
6.77792522429893e-8
6.70419613647897e-8
6.61420800980080e-8
6.51472791367962e-8
6.41303468842124e-8
6.31643633120014e-8
6.23174811857096e-8
6.16477958094459e-8
6.11988183729825e-8
6.09960335884844e-8
6.10449191636464e-8
6.13306449457955e-8
6.18194766853896e-8
6.24617133967400e-8
6.31958188265110e-8
6.39532914840354e-8
6.46637683690516e-8
6.52598767149888e-8
6.56814257340353e-8
6.58786480813707e-8
6.58143363641929e-8
6.54648521424159e-8
6.48200966952434e-8
6.38826138911712e-8
6.26660421791679e-8
6.11931470000353e-8
5.94936527941734e-8
5.76020631334888e-8
5.55556165049810e-8
5.33924810257034e-8
5.11502493613561e-8
