7.10221342153694e-7
2.44396060612693e-8
2.27637840829747e-8
1.76096581470367e-8
1.36073665900348e-8
1.05559948954337e-8
8.35269941633649e-9
6.89575153536148e-9
6.08879002413419e-9
5.84232703310396e-9
6.07460039991892e-9
6.71189347493811e-9
7.68846047885288e-9
8.94617576415197e-9
1.04340055677720e-8
1.21073810993867e-8
1.39275330454969e-8
1.58608306553252e-8
1.78781541402242e-8
1.99543174480964e-8
2.20675496058456e-8
2.41990364773144e-8
2.63325206325086e-8
2.84539545480621e-8
3.05512012076546e-8
3.26137758398726e-8
3.46326228297508e-8
3.65999223701390e-8
3.85089221613557e-8
4.03537901793523e-8
4.21294852162114e-8
4.38316425099424e-8
4.54564722736825e-8
4.70006693703729e-8
4.84613326900962e-8
4.98358930801104e-8
5.11220488696730e-8
5.23177082168982e-8
5.34209376347157e-8
5.44299161801413e-8
5.53428949056412e-8
5.61581612500788e-8
5.68740081877469e-8
5.74887080174991e-8
5.80004908208519e-8
5.84075277244372e-8
5.87079192496067e-8
5.88996891826435e-8
5.89807845790055e-8
5.89490827102272e-8
5.88024059705630e-8
5.85385460210477e-8
5.81552986824143e-8
5.76505113646113e-8
5.70221450886221e-8
5.62683533861236e-8
5.53875805509800e-8
5.43786817996314e-8
5.32410678018754e-8
5.19748757108172e-8
5.05811681072724e-8
4.90621600586445e-8
4.74214726180552e-8
4.56644083798025e-8
4.37982410294570e-8
4.18325060922880e-8
3.97792743799518e-8
3.76533832332526e-8
3.54725942597277e-8
3.32576410083085e-8
3.10321275717417e-8
2.88222416798554e-8
2.66562557672396e-8
2.45638086695372e-8
2.25749894646603e-8
2.07192812416489e-8
1.90244602257587e-8
1.75155747970411e-8
1.62141373492561e-8
1.51376391506702e-8
1.42994409652002e-8
1.37090089531160e-8
1.33723782382017e-8
1.32926653928244e-8
1.34704421574510e-8
1.39038354872223e-8
1.45883189114272e-8
1.55162727213914e-8
1.66764754080787e-8
1.80537179427301e-8
1.96287007281002e-8
2.13782978281253e-8
2.32761838015347e-8
2.52937432950097e-8
2.74011396000604e-8
2.95684091389075e-8
3.17664673085885e-8
3.39679453038586e-8
3.61478158122173e-8
3.82837993017831e-8
4.03565676114468e-8
4.23497767290439e-8
4.42499671642877e-8
4.60463704727762e-8
4.77306565677879e-8
4.92966505029315e-8
5.07400408707200e-8
5.20580957847785e-8
5.32493970764520e-8
5.43135990607157e-8
5.52512149624639e-8
5.60634317642118e-8
5.67519526713737e-8
5.73188653952734e-8
5.77665339426902e-8
5.80975113658187e-8
5.83144709311398e-8
5.84201532971024e-8
5.84173275108637e-8
5.83087638786982e-8
5.80972170501001e-8
5.77854179076141e-8
5.73760731204579e-8
5.68718714477792e-8
5.62754960995553e-8
5.55896426455229e-8
5.48170421602841e-8
5.39604894260107e-8
5.30228761785053e-8
5.20072295070029e-8
5.09167556369115e-8
4.97548894496962e-8
4.85253501862768e-8
4.72322038969495e-8
4.58799332819472e-8
4.44735156670000e-8
4.30185099215320e-8
4.15211532173331e-8
3.99884685441962e-8
3.84283839539346e-8
3.68498644699817e-8
3.52630575556937e-8
3.36794529001940e-8
3.21120570707071e-8
3.05755832303384e-8
2.90866556379832e-8
2.76640279174487e-8
2.63288131064738e-8
2.51047221585769e-8
2.40183057814356e-8
2.30991921571865e-8
2.23803100573495e-8
2.18980830039254e-8
2.16925752716398e-8
2.18075645345378e-8
2.22905086909011e-8
2.31923658014178e-8
2.45672161659202e-8
2.64716246166633e-8
2.89636696447561e-8
3.21015550335383e-8
3.59417109578785e-8
4.05362876124594e-8
4.59299492317309e-8
5.21558950911752e-8
5.92310736935474e-8
6.71506251984578e-8
7.58816944859679e-8
8.53569116601245e-8
9.54680433243364e-8
1.06060573696940e-7
1.16930262074631e-7
1.27823002412113e-7
1.38439511548028e-7
1.48446390154243e-7
1.57494800765819e-7
1.65247249513901e-7
1.71411641783181e-7
1.75779918784422e-7
1.78266382142408e-7
1.78938750885959e-7
1.78033797720036e-7
1.75949917802645e-7
1.73211840087951e-7
1.70407952033124e-7
1.68107502625544e-7
1.66771462160909e-7
1.66674755130616e-7
1.67857058217573e-7
1.70113839983351e-7
1.73030125796611e-7
1.76049404633700e-7
1.78562342263352e-7
1.79996787785467e-7
1.79892446758080e-7
1.77949280599767e-7
1.74045917941863e-7
1.68230881861460e-7
1.60693772578141e-7
1.51725253725900e-7
1.41674168976972e-7
1.30908197256636e-7
1.19782014117220e-7
1.08614632440260e-7
9.76758242174278e-8
8.71803939796934e-8
7.72885264461397e-8
6.81103242007312e-8
5.97128257905002e-8
5.21281122706794e-8
4.53614697288697e-8
3.93989135250148e-8
3.42136645688312e-8
2.97713884489998e-8
2.60341672213793e-8
2.29632804257234e-8
2.05209376633709e-8
1.86711405540993e-8
1.73798658843424e-8
1.66147608615699e-8
1.63445301394518e-8
1.65381757059325e-8
1.71642268561332e-8
1.81900698673475e-8
1.95814571572784e-8
2.13022451819074e-8
2.33143808911040e-8
2.55781299241356e-8
2.80525175046362e-8
3.06959364187099e-8
3.34668661781279e-8
3.63246435990126e-8
3.92302269606090e-8
4.21469026581270e-8
4.50408934093086e-8
4.78818391534291e-8
5.06431343405616e-8
5.33021171206995e-8
5.58401161156278e-8
5.82423684136133e-8
6.04978279461205e-8
6.25988865361770e-8
6.45410309164922e-8
6.63224582920655e-8
6.79436710176048e-8
6.94070680924911e-8
7.07165479262904e-8
7.18771333871090e-8
7.28946269477993e-8
7.37753007746324e-8
7.45256241199281e-8
7.51520283195130e-8
7.56607081265151e-8
7.60574569442073e-8
7.63475327792095e-8
7.65355512827137e-8
7.66254020762187e-8
7.66201846024255e-8
7.65221599619946e-8
7.63327154860426e-8
7.60523392928260e-8
7.56806025301673e-8
7.52161476632290e-8
7.46566818181212e-8
7.39989750473041e-8
7.32388643183797e-8
7.23712652342514e-8
7.13901949452188e-8
7.02888115645230e-8
6.90594776879137e-8
6.76938585658729e-8
6.61830690219397e-8
6.45178876063335e-8
6.26890615146177e-8
6.06877313351206e-8
5.85060100771283e-8
5.61377548851473e-8
5.35795702123452e-8
5.08320742949789e-8
4.79014412282475e-8
4.48011915140775e-8
4.15541365877208e-8
3.81942814940047e-8
3.47683568887957e-8
3.13365080199473e-8
2.79715671179255e-8
2.47563684358131e-8
2.17788461655792e-8
1.91252574571799e-8
1.68727108084440e-8
1.50829010854660e-8
1.37989828918322e-8
1.30464177722892e-8
1.28366683354220e-8
1.31709550346676e-8
1.40413155748382e-8
1.54281897609814e-8
1.72963291945632e-8
1.95920889436420e-8
2.22443400368767e-8
2.51692324675800e-8
2.82773190496705e-8
3.14809607426055e-8
3.47003628153139e-8
3.78674513066843e-8
4.09275726165732e-8
4.38394572085022e-8
4.65740391498117e-8
4.91126755888614e-8
5.14451760672706e-8
5.35679057730299e-8
5.54821059724802e-8
5.71924893081555e-8
5.87061143139708e-8
6.00315145883292e-8
6.11780454921695e-8
6.21554085147531e-8
6.29733160616820e-8
6.36412643642195e-8
6.41683878525346e-8
6.45633737206667e-8
6.48344201246008e-8
6.49892254054005e-8
6.50349988742322e-8
6.49784861912600e-8
6.48260042701964e-8
6.45834820947567e-8
6.42565049085799e-8
6.38503600541459e-8
6.33700833160330e-8
6.28205050529738e-8
6.22062957160900e-8
6.15320105562438e-8
6.08021334836312e-8
6.00211201348108e-8
5.91934402783338e-8
5.83236197118425e-8
5.74162818352903e-8
5.64761890736966e-8
5.55082843168245e-8
5.45177325104905e-8
5.35099624993917e-8
5.24907091712963e-8
5.14660558838696e-8
5.04424770713251e-8
4.94268808393827e-8
4.84266512106115e-8
4.74496895503248e-8
4.65044545055781e-8
4.55999995651096e-8
4.47460070816556e-8
4.39528172673227e-8
4.32314502893733e-8
4.25936191414588e-8
4.20517304316695e-8
4.16188696292064e-8
4.13087666162797e-8
4.11357366400971e-8
4.11145909323707e-8
4.12605104122262e-8
4.15888750369297e-8
4.21150405962479e-8
4.28540541375294e-8
4.38202989112006e-8
4.50270599028855e-8
4.64860019167550e-8
4.82065540654610e-8
5.01951977753726e-8
5.24546604017004e-8
5.49830237168578e-8
5.77727662625558e-8
6.08097711801062e-8
6.40723467613709e-8
6.75303253868521e-8
7.11443269840765e-8
7.48652941976921e-8
7.86344256495431e-8
8.23836474997554e-8
8.60367672392564e-8
8.95114416481984e-8
9.27220570123643e-8
9.55835584965759e-8
9.80161735895173e-8
9.99508524089550e-8
1.01335102199802e-7
1.02138739522747e-7
1.02358944988836e-7
1.02023913127023e-7
1.01194378359029e-7
9.99623977742266e-8
9.84469996719508e-8
9.67866580365056e-8
9.51289919572465e-8
9.36185501666696e-8
9.23839377885041e-8
9.15257847142791e-8
9.11070719618837e-8
9.11470945308450e-8
9.16198722414933e-8
9.24572030479793e-8
9.35559020996054e-8
9.47882083431197e-8
9.60139698480080e-8
9.70930940474136e-8
9.78968685602524e-8
9.83170716772024e-8
9.82722172602139e-8
9.77107273011108e-8
9.66112201472084e-8
9.49803929705341e-8
9.28491430457301e-8
9.02676196850308e-8
8.72998510471102e-8
8.40184796215561e-8
8.04999991278030e-8
7.68207407333428e-8
