5.00801760904243e-6
1.05221226572918e-7
9.64628235888353e-8
6.36453534941667e-8
4.80965051031330e-8
4.50813130264004e-8
5.17294795168428e-8
6.56135269246815e-8
8.47547367010187e-8
1.07568225190343e-7
1.32798456587317e-7
1.59456779805812e-7
1.86766798338369e-7
2.14119355181965e-7
2.41036657751938e-7
2.67144102559604e-7
2.92148168756932e-7
3.15818933754416e-7
3.37976070811463e-7
3.58477487310735e-7
3.77210003414714e-7
3.94081646767305e-7
4.09015261519483e-7
4.21943215060252e-7
4.32803048306078e-7
4.41533966175643e-7
4.48074112517826e-7
4.52358623947207e-7
4.54318514577982e-7
4.53880512187946e-7
4.50968048812782e-7
4.45503706560147e-7
4.37413530490676e-7
4.26633735817461e-7
4.13120435216519e-7
3.96863050944248e-7
3.77901980615372e-7
3.56350736016823e-7
3.32422006380957e-7
3.06455727199839e-7
2.78945149897208e-7
2.50554261583120e-7
2.22117433652262e-7
1.94611509264242e-7
1.69094084912103e-7
1.46611484090342e-7
1.28094672883389e-7
1.14273871665160e-7
1.05640839717093e-7
1.02464631536445e-7
1.04832975273750e-7
1.12675217384283e-7
1.25743366394675e-7
1.43569974277457e-7
1.65447010999818e-7
1.90457674712900e-7
2.17559020957975e-7
2.45687147601954e-7
2.73852662149926e-7
3.01206279801060e-7
3.27069858020683e-7
3.50938736204188e-7
3.72465296679920e-7
3.91433175530046e-7
4.07729075437224e-7
4.21316410606627e-7
4.32212845541057e-7
4.40472354346625e-7
4.46171616003974e-7
4.49400185989570e-7
4.50253775467054e-7
4.48830002583794e-7
4.45226077811012e-7
4.39538002144642e-7
4.31860970960921e-7
4.22290778051445e-7
4.10926101640828e-7
3.97871628352726e-7
3.83242034574071e-7
3.67166900212640e-7
3.49796679449638e-7
3.31309897900222e-7
3.11921784916587e-7
2.91894580942206e-7
2.71549776709983e-7
2.51282532719808e-7
2.31578475628217e-7
2.13032944120912e-7
1.96372516525670e-7
1.82478230639989e-7
1.72409210106729e-7
1.67424314250692e-7
1.68997767795074e-7
1.78822318723230e-7
1.98790151857173e-7
2.30937510168336e-7
2.77334035510278e-7
3.39893239879018e-7
4.20078587654821e-7
5.18484883810635e-7
6.34294386835793e-7
7.64651329480652e-7
9.04076901033194e-7
1.04415915263776e-6
1.17387110100924e-6
1.28091701853525e-6
1.35434395275518e-6
1.38813934667037e-6
1.38467896011513e-6
1.35608891401967e-6
1.32165720772214e-6
1.30107184579535e-6
1.30603147374174e-6
1.33468076694814e-6
1.37228693173431e-6
1.39783816064058e-6
1.39270261213615e-6
1.34688557268142e-6
1.26069754368041e-6
1.14250745842692e-6
1.00474294449349e-6
8.60143372810531e-7
7.19310750360844e-7
5.89690324249595e-7
4.75612170032189e-7
3.78906300924935e-7
2.99694989219469e-7
2.37117839625123e-7
1.89877809379258e-7
1.56585201743549e-7
1.35925393153902e-7
1.26697038417314e-7
1.27771970624549e-7
1.38023287913952e-7
1.56258211639797e-7
1.81179563539182e-7
2.11386155929851e-7
2.45410159788884e-7
2.81780584793810e-7
3.19097575221330e-7
3.56102320664454e-7
3.91730916647033e-7
4.25145781540613e-7
4.55743542154925e-7
4.83142426443328e-7
5.07154606169438e-7
5.27749665468008e-7
5.45014847554596e-7
5.59116487245000e-7
5.70265551996878e-7
5.78688826951813e-7
5.84606173158646e-7
5.88213520882417e-7
5.89670809069212e-7
5.89093886362308e-7
5.86549378491013e-7
5.82051641136429e-7
5.75561116162186e-7
5.66983675250000e-7
5.56170877569919e-7
5.42921524017941e-7
5.26985527766524e-7
5.08072038036567e-7
4.85865068793075e-7
4.60051680051304e-7
4.30369940666573e-7
3.96685843537410e-7
3.59108213862973e-7
3.18144390550362e-7
2.74880216217421e-7
2.31128851211517e-7
1.89440023204612e-7
1.52838620487237e-7
1.24260485685459e-7
1.05914367653890e-7
9.89902835497751e-8
1.03835056500238e-7
1.20124048656594e-7
1.46653201783715e-7
1.81139391547992e-7
2.20534126742982e-7
2.61708638881930e-7
3.02043648967229e-7
3.39688180209545e-7
3.73537578338341e-7
4.03074593864487e-7
4.28184728666149e-7
4.48999866915241e-7
4.65784817398691e-7
4.78862860815350e-7
4.88570754036703e-7
4.95233845397934e-7
4.99154027665828e-7
5.00605459422249e-7
4.99834750826996e-7
4.97063562424727e-7
4.92492396624816e-7
4.86304889300120e-7
4.78672233562623e-7
4.69757561663923e-7
4.59720223356623e-7
4.48719960889500e-7
4.36921011976166e-7
4.24496183700757e-7
4.11630938926067e-7
3.98527525069565e-7
3.85409153560945e-7
3.72524205289142e-7
3.60150389683151e-7
3.48598717875062e-7
3.38217057198329e-7
3.29392907098699e-7
3.22554866398468e-7
3.18172040025758e-7
3.16750353665582e-7
3.18824408709789e-7
3.24943134009697e-7
3.35647119877756e-7
3.51435244455139e-7
3.72718183695778e-7
3.99756890792190e-7
4.32585509269669e-7
4.70920918241593e-7
5.14065691007864e-7
5.60817987084366e-7
6.09410527709597e-7
6.57509898563986e-7
7.02313720799889e-7
7.40781270891826e-7
7.70015931186831e-7
7.87779618977397e-7
7.93060679856297e-7
7.86551098467654e-7
7.70845836258795e-7
7.50195525290953e-7
7.29750703553568e-7
7.14417760910954e-7
7.07634655549213e-7
7.10466453355893e-7
7.21343553849143e-7
7.36534532029987e-7
7.51170018419056e-7
7.60451408757511e-7
7.60666257148231e-7
7.49768360872533e-7
7.27473140005431e-7
6.94974309661783e-7
6.54458872357618e-7
