5.56810468726208e-6
1.12711288042700e-7
1.03439838584044e-7
6.80094275648953e-8
5.24234016367214e-8
5.10971933195021e-8
6.06322760714266e-8
7.81870034616871e-8
1.01468706844031e-7
1.28658517628010e-7
1.58327984510339e-7
1.89361095440202e-7
2.20887781758704e-7
2.52230153922480e-7
2.82860226635579e-7
3.12366995973725e-7
3.40430715440130e-7
3.66802574938419e-7
3.91288423785816e-7
4.13735562369803e-7
4.34021917796387e-7
4.52047123245791e-7
4.67725160656832e-7
4.80978325037542e-7
4.91732344756645e-7
4.99912559592523e-7
5.05441126730373e-7
5.08235302003373e-7
5.08206935007433e-7
5.05263427305545e-7
4.99310535129759e-7
4.90257550366087e-7
4.78025555026031e-7
4.62559586763446e-7
4.43845617779814e-7
4.21933130478806e-7
3.96963599851757e-7
3.69204124027837e-7
3.39083511478522e-7
3.07225178369489e-7
2.74467497855772e-7
2.41858953997692e-7
2.10615126537323e-7
1.82030758354338e-7
1.57355359103486e-7
1.37661722565186e-7
1.23750698413248e-7
1.16125106561877e-7
1.15026299672987e-7
1.20483865563877e-7
1.32323899380578e-7
1.50126411034855e-7
1.73177236198787e-7
2.00472224401163e-7
2.30795337029864e-7
2.62846252171358e-7
2.95372678764551e-7
3.27271594748407e-7
3.57645104128590e-7
3.85814632329656e-7
4.11305897991958e-7
4.33818095721401e-7
4.53187794379465e-7
4.69354198096595e-7
4.82329158287026e-7
4.92173106161816e-7
4.98976798025995e-7
5.02848161272420e-7
5.03903338379942e-7
5.02261057594859e-7
4.98039590583078e-7
4.91355720018744e-7
4.82325299400482e-7
4.71065129351434e-7
4.57695995918852e-7
4.42346818965222e-7
4.25159946436088e-7
4.06297706802026e-7
3.85950400435334e-7
3.64345972042984e-7
3.41761659343433e-7
3.18537952749217e-7
2.95095216460787e-7
2.71953294046452e-7
2.49754320282767e-7
2.29288736080335e-7
2.11524079410636e-7
1.97635390586085e-7
1.89034867232138e-7
1.87396521390060e-7
1.94668769032163e-7
2.13063852001567e-7
2.45007583065465e-7
2.93026284996631e-7
3.59540940910650e-7
4.46534073644624e-7
5.55058101469732e-7
6.84574317977342e-7
8.32163058631151e-7
9.91743077875968e-7
1.15358649368832e-6
1.30458482917631e-6
1.42981113978337e-6
1.51574197040792e-6
1.55483378221429e-6
1.54997889051955e-6
1.51623772669079e-6
1.47733474925694e-6
1.45673135730304e-6
1.46694503881507e-6
1.50319182039750e-6
1.54551402844714e-6
1.56814014100210e-6
1.55037953756881e-6
1.48339892378560e-6
1.37085999422291e-6
1.22507825462145e-6
1.06176031532012e-6
8.95681941919010e-7
7.38254259639118e-7
5.96835684524116e-7
4.75175874645639e-7
3.74362390974506e-7
2.93824577461236e-7
2.32156474772262e-7
1.87676267896693e-7
1.58732540241905e-7
1.43812064550975e-7
1.41518217068474e-7
1.50486636039272e-7
1.69293041954788e-7
1.96391314357209e-7
2.30101004456750e-7
2.68645575253142e-7
3.10228864053626e-7
3.53129675353525e-7
3.95793453960974e-7
4.36904320478989e-7
4.75427940983728e-7
5.10623195025189e-7
5.42026518512372e-7
5.69416260159390e-7
5.92765443095962e-7
6.12190572207139e-7
6.27902362865421e-7
6.40162189444825e-7
6.49246145434867e-7
6.55417120485582e-7
6.58904301106769e-7
6.59888945036022e-7
6.58495069312372e-7
6.54783726657969e-7
6.48749741493326e-7
6.40320084915786e-7
6.29353473750081e-7
6.15641308687891e-7
5.98910791611932e-7
5.78832100394153e-7
5.55033011761456e-7
5.27126511948758e-7
4.94759750580875e-7
4.57695713630755e-7
4.15940478279635e-7
3.69924483141829e-7
3.20727449798056e-7
2.70292470987858e-7
2.21504660688361e-7
1.77956594565250e-7
1.43303701727921e-7
1.20429033101309e-7
1.10963385840033e-7
1.15437441055094e-7
1.33527599465828e-7
1.63824464792726e-7
2.03566939088042e-7
2.49035884935283e-7
2.96435212276175e-7
3.42634635792293e-7
3.85472936138605e-7
4.23705244986975e-7
4.56789050857644e-7
4.84649882001025e-7
5.07489997981172e-7
5.25653803399913e-7
5.39542170775715e-7
5.49562399959353e-7
5.56101787823234e-7
5.59515847959925e-7
5.60125137236580e-7
5.58216862314431e-7
5.54048956375983e-7
5.47855294071508e-7
5.39851317870426e-7
5.30239711820453e-7
5.19215969694796e-7
5.06973822413523e-7
4.93710551200391e-7
4.79632240028837e-7
4.64959025940726e-7
4.49930394791630e-7
4.34810544843946e-7
4.19893799930338e-7
4.05509993753134e-7
3.92029660720223e-7
3.79868747572556e-7
3.69492392701873e-7
3.61417093269717e-7
3.56210281045857e-7
3.54485946216273e-7
3.56894484773666e-7
3.64104421572975e-7
3.76773140913683e-7
3.95503371609270e-7
4.20782161976812e-7
4.52899826112532e-7
4.91848403137791e-7
5.37203251219981e-7
5.87998211826253e-7
6.42614698731274e-7
6.98717468429678e-7
7.53282137716709e-7
8.02766191329960e-7
8.43467458871946e-7
8.72081505742077e-7
8.86405556308749e-7
8.86047846578505e-7
8.72916277546553e-7
8.51230124254573e-7
8.26877886454352e-7
8.06150656304735e-7
7.94154351515659e-7
7.93411631588280e-7
8.03165553903953e-7
8.19650885154084e-7
8.37215759578838e-7
8.49857518597181e-7
8.52639261303397e-7
8.42592577673607e-7
8.18973443918964e-7
7.82976390921780e-7
7.37137716348559e-7
6.84664661931755e-7
