6.82020518674412e-6
1.28122952204568e-7
1.17974511079483e-7
7.74999705740388e-8
6.28316549437081e-8
6.63361269321482e-8
8.33376367580752e-8
1.10014416844589e-7
1.43344268763259e-7
1.80973459379458e-7
2.21083979883997e-7
2.62276763602734e-7
3.03476441376623e-7
3.43856790063021e-7
3.82783358543939e-7
4.19769310178020e-7
4.54441074413641e-7
4.86511223405003e-7
5.15756738985013e-7
5.42001404255266e-7
5.65101448486115e-7
5.84933839186781e-7
6.01386799576364e-7
6.14352272055858e-7
6.23720176682527e-7
6.29374447849202e-7
6.31190987055738e-7
6.29037856677176e-7
6.22778267409050e-7
6.12277183011560e-7
5.97412668116621e-7
5.78093397525548e-7
5.54283933539894e-7
5.26039276029550e-7
4.93549480020446e-7
4.57193344592148e-7
4.17596741649277e-7
3.75685702926704e-7
3.32717412491211e-7
2.90266228570618e-7
2.50142214182464e-7
2.14233824555270e-7
1.84298078995417e-7
1.61760049324133e-7
1.47598137974992e-7
1.42350689998177e-7
1.46195043350643e-7
1.58996064829015e-7
1.80264902757641e-7
2.09075419190087e-7
2.44043679727351e-7
2.83431136919895e-7
3.25343382517760e-7
3.67946597149143e-7
4.09634457795526e-7
4.49117901584332e-7
4.85444454830202e-7
5.17969825240736e-7
5.46305493887523e-7
5.70260023357354e-7
5.89784589106004e-7
6.04927540306700e-7
6.15799175321512e-7
6.22546009595379e-7
6.25333040463004e-7
6.24332382043969e-7
6.19716821801131e-7
6.11657144121535e-7
6.00322375208261e-7
5.85882384753637e-7
5.68512520444924e-7
5.48400153234343e-7
5.25753182081855e-7
5.00810694492633e-7
4.73856110177919e-7
4.45233251785366e-7
4.15365885929223e-7
3.84781347655996e-7
3.54138877294603e-7
3.24263215405834e-7
2.96183743893308e-7
2.71178908142836e-7
2.50824619744552e-7
2.37043544946395e-7
2.32149241438674e-7
2.38874508881756e-7
2.60366492291054e-7
3.00121558573643e-7
3.61820847745880e-7
4.49014262302666e-7
5.64591263645392e-7
7.09981748663249e-7
8.84068820810143e-7
1.08189644185649e-6
1.29344961774413e-6
1.50307730614428e-6
1.69043550806204e-6
1.83389774683782e-6
1.91677542949881e-6
1.93503519523965e-6
1.90283977767288e-6
1.85093636909911e-6
1.81526615716759e-6
1.81968265876101e-6
1.86287598661044e-6
1.91866517016059e-6
1.94970168526084e-6
1.92527568895981e-6
1.83273195241983e-6
1.67846161928828e-6
1.48142156866003e-6
1.26465268449163e-6
1.04876651152895e-6
8.48710146728055e-7
6.73279461802111e-7
5.26212995717627e-7
4.07826530521614e-7
3.16537439239474e-7
2.49988062700077e-7
2.05715166532634e-7
1.81436438829500e-7
1.75072878810747e-7
1.84630897970039e-7
2.08050108351344e-7
2.43092636636842e-7
2.87314141377264e-7
3.38122091145789e-7
3.92899857139224e-7
4.49160460830055e-7
5.04692357343192e-7
5.57668509072694e-7
6.06703990211008e-7
6.50861202495049e-7
6.89611902877593e-7
7.22770335705987e-7
7.50412356616667e-7
7.72793027699652e-7
7.90271392043002e-7
8.03247279287552e-7
8.12111806834712e-7
8.17211011079781e-7
8.18820745346569e-7
8.17130435846619e-7
8.12233276949654e-7
8.04120787383297e-7
7.92680223054858e-7
7.77694114937367e-7
7.58842226600703e-7
7.35707658649625e-7
7.07790924165727e-7
6.74538922323683e-7
6.35400147972407e-7
5.89923041705401e-7
5.37919428929311e-7
4.79714049633471e-7
4.16481545881723e-7
3.50612826792999e-7
2.85938268703482e-7
2.27511291602763e-7
1.80712306674699e-7
1.49918384024535e-7
1.37634182939021e-7
1.44660364430952e-7
1.70442365289850e-7
2.12663835935848e-7
2.66945831467646e-7
3.27705482808018e-7
3.89609634856878e-7
4.48576285960528e-7
5.02027521899742e-7
5.48663107955148e-7
5.88080438586888e-7
6.20425741291907e-7
6.46137501365270e-7
6.65780446152627e-7
6.79948147761105e-7
6.89211431242438e-7
6.94095007162332e-7
6.95070445814188e-7
6.92558055062459e-7
6.86933256460922e-7
6.78534978540269e-7
6.67674751477648e-7
6.54645868262050e-7
6.39732361997266e-7
6.23217756446131e-7
6.05393649904312e-7
5.86568232603579e-7
5.67074837706943e-7
5.47280595169836e-7
5.27595197765754e-7
5.08479694125848e-7
4.90455083386268e-7
4.74110283757431e-7
4.60108760551449e-7
4.49192701565331e-7
4.42183090762466e-7
4.39973331837799e-7
4.43513207476594e-7
4.53778968687623e-7
4.71724359811068e-7
4.98206679301317e-7
5.33882073751918e-7
5.79066014876895e-7
6.33559552631989e-7
6.96450999123395e-7
7.65917569625668e-7
8.39072439823775e-7
9.11926993225515e-7
9.79557724735470e-7
1.03656712688953e-6
1.07788681340325e-6
1.09987059653564e-6
1.10146740994038e-6
1.08509461963863e-6
1.05674960581797e-6
1.02501886329539e-6
9.99019115030180e-7
9.85821297813412e-7
9.88287412948805e-7
1.00420648123724e-6
1.02709317942583e-6
1.04828288861811e-6
1.05944386592108e-6
1.05459342762223e-6
1.03108443234186e-6
9.89533667580133e-7
9.33023921010002e-7
