9.05610786758286e-6
1.52184608862474e-7
1.41276430606832e-7
9.44054689093109e-8
8.44881618910858e-8
9.98048701852260e-8
1.33121196803830e-7
1.78720366853006e-7
2.32209767108632e-7
2.90256411950153e-7
3.50345378572348e-7
4.10582600029739e-7
4.69542424126933e-7
5.26152482745026e-7
5.79606833697489e-7
6.29299626359824e-7
6.74773554391781e-7
7.15679145923738e-7
7.51742245770619e-7
7.82737913960067e-7
8.08469536186754e-7
8.28752344140657e-7
8.43400873827622e-7
8.52220214732693e-7
8.55001269423595e-7
8.51520687723116e-7
8.41546688589666e-7
8.24852644780950e-7
8.01241047181299e-7
7.70581163374602e-7
7.32864059692445e-7
6.88278070602756e-7
6.37305248566356e-7
5.80833349158059e-7
5.20267034316170e-7
4.57606186630039e-7
3.95442904647758e-7
3.36824319242822e-7
2.84955762255757e-7
2.42791136361678e-7
2.12649152718814e-7
1.96022420366360e-7
1.93630745349732e-7
2.05569221501983e-7
2.31332343418505e-7
2.69675115077790e-7
3.18503038564139e-7
3.74991245734363e-7
4.35938394756427e-7
4.98197657496909e-7
5.59020471310454e-7
6.16239009161418e-7
6.68299692317588e-7
7.14199640011816e-7
7.53378936157985e-7
7.85605895147122e-7
8.10875406537021e-7
8.29328015075630e-7
8.41190249126688e-7
8.46733453924742e-7
8.46247439575753e-7
8.40025459681047e-7
8.28357699612241e-7
8.11531215174013e-7
7.89834967234927e-7
7.63569198324876e-7
7.33058895443587e-7
6.98671500278455e-7
6.60839386086816e-7
6.20087936184100e-7
5.77070334893448e-7
5.32610401267706e-7
4.87754909740971e-7
4.43836751830333e-7
4.02549821136670e-7
3.66035350027350e-7
3.36977105605366e-7
3.18698617802787e-7
3.15248378733150e-7
3.31447276422180e-7
3.72854780050991e-7
4.45585425126072e-7
5.55875981034949e-7
7.09273154884476e-7
9.09300997642295e-7
1.15551732416051e-6
1.44104991271087e-6
1.75010566013163e-6
2.05661337808122e-6
2.32592474735460e-6
2.52171895390470e-6
2.61873993232447e-6
2.61774895117618e-6
2.55344118875838e-6
2.48462556724907e-6
2.46524636216212e-6
2.51206172834340e-6
2.59316746860559e-6
2.64731693187396e-6
2.61885644027062e-6
2.48331224063550e-6
2.25125976477465e-6
1.95581114666149e-6
1.63604681830268e-6
1.32507782474266e-6
1.04502741885596e-6
8.07237146448783e-7
6.15014472955073e-7
4.66859511174739e-7
3.59080436158665e-7
2.87452918431306e-7
2.47997288578749e-7
2.37122885758695e-7
2.51425513924275e-7
2.87388868589282e-7
3.41169123142524e-7
4.08554147301872e-7
4.85104086367483e-7
5.66416889215668e-7
6.48432948352717e-7
7.27697601991390e-7
8.01528107938365e-7
8.68067257607420e-7
9.26235786864612e-7
9.75613298552903e-7
1.01628215274337e-6
1.04866431680771e-6
1.07337222025517e-6
1.09108510498868e-6
1.10245449642095e-6
1.10803709178826e-6
1.10825046637535e-6
1.10334599650662e-6
1.09339368010318e-6
1.07827462869804e-6
1.05767866339532e-6
1.03110669149186e-6
9.97880678685062e-7
9.57168687377684e-7
9.08039526099490e-7
8.49571919514139e-7
7.81056426854790e-7
7.02339769739984e-7
6.14354192981554e-7
5.19810157745895e-7
4.23850244169482e-7
3.34158604575549e-7
2.59852467691562e-7
2.09107337474940e-7
1.87013123017131e-7
1.95403370799714e-7
2.33512505759154e-7
2.97275381563287e-7
3.78881965413778e-7
4.68722187779694e-7
5.58191831027307e-7
6.41248168314679e-7
7.14499755640719e-7
7.76573633187859e-7
8.27375469776754e-7
8.67506055113353e-7
8.97877533649791e-7
9.19489718192437e-7
9.33313592157865e-7
9.40239620070456e-7
9.41062446733446e-7
9.36484658452676e-7
9.27129709952420e-7
9.13558685438757e-7
8.96288220130684e-7
8.75808394314180e-7
8.52600208905387e-7
8.27152653814038e-7
7.99979557303157e-7
7.71636447402240e-7
7.42737608421138e-7
7.13973389032506e-7
6.86127603074763e-7
6.60094531796596e-7
6.36894540761183e-7
6.17686603168920e-7
6.03774997307449e-7
5.96606038844143e-7
5.97748860944688e-7
6.08851984989225e-7
6.31564927750114e-7
6.67411908434407e-7
7.17603988269422e-7
7.82778736632854e-7
8.62665961096780e-7
9.55698375456620e-7
1.05862142805709e-6
1.16620788458700e-6
1.27124235090549e-6
1.36498431536316e-6
1.43829904116291e-6
1.48350295637904e-6
1.49666440435529e-6
1.47968049297762e-6
1.44111778954198e-6
1.39488475808202e-6
1.35653948288231e-6
1.33826283133205e-6
1.34454754876341e-6
1.37063495865987e-6
1.40445671653892e-6
1.43106934765772e-6
1.43748009512918e-6
1.41595626474947e-6
1.36501319072587e-6
1.28843112780193e-6
1.19325306428835e-6
