1.50002309731168e-5
2.03987022787546e-7
1.94782225731488e-7
1.45600364600009e-7
1.64419764455624e-7
2.26842829583268e-7
3.17589207147449e-7
4.25352712346325e-7
5.41886833699526e-7
6.61220971463775e-7
7.79039731424032e-7
8.92226686481641e-7
9.98533922297731e-7
1.09634040546721e-6
1.18447153480319e-6
1.26206153666385e-6
1.32844705110290e-6
1.38308449574107e-6
1.42548645974375e-6
1.45517426744383e-6
1.47164551645830e-6
1.47435720651826e-6
1.46272729054046e-6
1.43616027794274e-6
1.39410593525434e-6
1.33616382899230e-6
1.26224926197721e-6
1.17283521504456e-6
1.06927461586670e-6
9.54178820315791e-7
8.31772594687083e-7
7.08065744028311e-7
5.90615985539684e-7
4.87704924600076e-7
4.07021738828815e-7
3.54383081949939e-7
3.33175252233376e-7
3.44621411795984e-7
3.88111276662856e-7
4.60935782461554e-7
5.57868017743247e-7
6.71497632910163e-7
7.93449097015302e-7
9.15812196679505e-7
1.03213250436888e-6
1.13777386243234e-6
1.22980898067349e-6
1.30667960043116e-6
1.36780854058430e-6
1.41325951750447e-6
1.44347750663913e-6
1.45910879430426e-6
1.46088680017905e-6
1.44956761565809e-6
1.42590166105716e-6
1.39063160432725e-6
1.34451029400660e-6
1.28833550540191e-6
1.22300077343818e-6
1.14956362045089e-6
1.06933421829821e-6
9.83989020125394e-7
8.95715099274833e-7
8.07391570108933e-7
7.22813908958824e-7
6.46964010400930e-7
5.86321176595363e-7
5.49193159545413e-7
5.46015838451556e-7
5.89516428139601e-7
6.94547801179456e-7
8.77273195517828e-7
1.15322160266453e-6
1.53360633575795e-6
2.01937827853418e-6
2.59313782012330e-6
3.21080518863083e-6
3.79819001782221e-6
4.26119277786497e-6
4.51775546256755e-6
4.54712266620887e-6
4.42598091712843e-6
4.30444467954326e-6
4.30950095087562e-6
4.44453750209331e-6
4.58331262658438e-6
4.56745404118992e-6
4.31225859179567e-6
3.83818527976557e-6
3.23302438104739e-6
2.59671075752001e-6
2.00563428841841e-6
1.50258564432495e-6
1.10257667464852e-6
8.03674348568564e-7
5.96454883294423e-7
4.69879831674652e-7
4.13771998825708e-7
4.18997446402629e-7
4.76597528755515e-7
5.76878772709943e-7
7.09061513342827e-7
8.61642994223443e-7
1.02327491592481e-6
1.18378351746281e-6
1.33498437401477e-6
1.47109410424637e-6
1.58871596448008e-6
1.68650055632672e-6
1.76463146481815e-6
1.82427325767242e-6
1.86707604142991e-6
1.89478301411611e-6
1.90895004042279e-6
1.91076358550238e-6
1.90093358987106e-6
1.87963714054175e-6
1.84649357613101e-6
1.80055999188566e-6
1.74034799138967e-6
1.66388014848884e-6
1.56883242853265e-6
1.45285245476683e-6
1.31420429350398e-6
1.15294567359997e-6
9.72797059074790e-7
7.83471195346761e-7
6.02181912672823e-7
4.51741993382906e-7
3.53760769941168e-7
3.21453652616451e-7
3.58751717628093e-7
4.61003189930782e-7
6.12148474554313e-7
7.87772069758981e-7
9.64632462406635e-7
1.12683009077736e-6
1.26621996322578e-6
1.38019098633435e-6
1.46928961526332e-6
1.53553590152043e-6
1.58144143783595e-6
1.60951325654369e-6
1.62204315598141e-6
1.62104831526155e-6
1.60828532370009e-6
1.58529620745532e-6
1.55346604506450e-6
1.51408307312528e-6
1.46839796146696e-6
1.41768171565291e-6
1.36328284751887e-6
1.30668476171336e-6
1.24956405761858e-6
1.19384971857648e-6
1.14178186225316e-6
1.09596662591652e-6
1.05942049334527e-6
1.03559245524639e-6
1.02834530299874e-6
1.04186771586323e-6
1.08047687755945e-6
1.14825900252764e-6
1.24848746357623e-6
1.38276592826364e-6
1.54988582520150e-6
1.74449029399387e-6
1.95582656688949e-6
2.16714424095545e-6
2.35657762612995e-6
2.50041383376807e-6
2.57912788262741e-6
2.58515009590603e-6
2.52925940273771e-6
2.44108579019198e-6
2.36052791393106e-6
2.32183480231378e-6
2.33803159184796e-6
2.39495535898854e-6
2.45864579971302e-6
2.49118776463201e-6
2.46560945210838e-6
2.37302133062931e-6
2.22122239357515e-6
