1.88078954098450e-5
2.32970024772737e-7
2.26796233167165e-7
1.86163013198203e-7
2.33554867136733e-7
3.35607128788095e-7
4.71217329356315e-7
6.25261156637102e-7
7.86962135687395e-7
9.48684681840666e-7
1.10502410499227e-6
1.25215968122799e-6
1.38739294309401e-6
1.50881123202961e-6
1.61503654552902e-6
1.70503481238921e-6
1.77797022387134e-6
1.83309504673669e-6
1.86966934135687e-6
1.88690852341841e-6
1.88396059462842e-6
1.85991971170489e-6
1.81388892827704e-6
1.74511232890604e-6
1.65320405865075e-6
1.53850484560128e-6
1.40258615588128e-6
1.24888110824940e-6
1.08332773911558e-6
9.14757309142893e-7
7.54609371782568e-7
6.15601020955025e-7
5.09481650745566e-7
4.44868266437270e-7
4.26429950895503e-7
4.55417530457271e-7
5.29984796541215e-7
6.44510553486201e-7
7.89269816539418e-7
9.51793073365367e-7
1.11934014642852e-6
1.28103228258983e-6
1.42886914813981e-6
1.55774447843096e-6
1.66492014170030e-6
1.74935315483262e-6
1.81109192096132e-6
1.85081791798454e-6
1.86953423986486e-6
1.86837408718855e-6
1.84849814851366e-6
1.81105526128484e-6
1.75718852886684e-6
1.68807632517877e-6
1.60500359696471e-6
1.50946367996629e-6
1.40329480610336e-6
1.28885885596470e-6
1.16927272942384e-6
1.04870457006430e-6
9.32746856170688e-7
8.28873651432803e-7
7.46975486891984e-7
6.99934236478435e-7
7.04138440655541e-7
7.79726769256646e-7
9.50159411783680e-7
1.24043947708048e-6
1.67297662713653e-6
2.25989324213062e-6
2.99103950100054e-6
3.81912877800264e-6
4.64847139421632e-6
5.34140326795780e-6
5.76029628767686e-6
5.84732695033692e-6
5.69724630268995e-6
5.53415146111048e-6
5.55322570978289e-6
5.74782217746102e-6
5.90964595351305e-6
5.80748025737344e-6
5.35272858900284e-6
4.61878771540597e-6
3.75689313030819e-6
2.90900159089351e-6
2.16642837227356e-6
1.56874662560150e-6
1.12058500011529e-6
8.09654798181839e-7
6.18963669200731e-7
5.32433136285970e-7
5.35796560836947e-7
6.15225591888447e-7
7.55734851812390e-7
9.40590567707900e-7
1.15202356624813e-6
1.37282148945467e-6
1.58806220664084e-6
1.78635589406308e-6
1.96030264901555e-6
2.10621492150373e-6
2.22335626953374e-6
2.31298918327052e-6
2.37746051851543e-6
2.41945315920800e-6
2.44144450449732e-6
2.44535527074735e-6
2.43234547640285e-6
2.40270989124509e-6
2.35583403201247e-6
2.29018884538423e-6
2.20336726141269e-6
2.09220393816772e-6
1.95308123880471e-6
1.78262191155828e-6
1.57909627105947e-6
1.34493906126090e-6
1.09045396246501e-6
8.37410455843702e-7
6.18589690882038e-7
4.68815806546911e-7
4.11763315581889e-7
4.55743407179164e-7
5.94699502676895e-7
8.03641282204242e-7
1.04442276435958e-6
1.28243539350595e-6
1.49576503712872e-6
1.67447733035868e-6
1.81643976936168e-6
1.92355592000135e-6
1.99935984310231e-6
2.04773912987407e-6
2.07235911701698e-6
2.07646462757157e-6
2.06286529761398e-6
2.03400125735448e-6
1.99203878605219e-6
1.93897365201365e-6
1.87673388306728e-6
1.80728029369209e-6
1.73270583593423e-6
1.65533554996693e-6
1.57782834331206e-6
1.50328019027680e-6
1.43532536171826e-6
1.37822736656680e-6
1.33694347698035e-6
1.31713482769760e-6
1.32507695882486e-6
1.36740295366241e-6
1.45058525118151e-6
1.58004107705155e-6
1.75875014842415e-6
1.98534007446285e-6
2.25178354588940e-6
2.54122493731695e-6
2.82701788140849e-6
3.07462802690856e-6
3.24810716753746e-6
3.32151506695024e-6
3.29235948886033e-6
3.18988618777331e-6
3.06961018371825e-6
2.99127421152651e-6
2.98961024566798e-6
3.05608130649525e-6
3.14440139376926e-6
3.19556296939196e-6
3.16512955661287e-6
3.03768142800479e-6
