2.32372053182901e-5
2.65909749762839e-7
2.64421166127164e-7
2.42556798962861e-7
3.31523700407555e-7
4.87103672050100e-7
6.80954210248644e-7
8.93387426839857e-7
1.11067884995172e-6
1.32330665013405e-6
1.52467158265573e-6
1.71020704401317e-6
1.87674809923153e-6
2.02207202753579e-6
2.14455641510608e-6
2.24292236804136e-6
2.31604319370437e-6
2.36280728132104e-6
2.38203102519611e-6
2.37242545440951e-6
2.33263007374804e-6
2.26134002830251e-6
2.15756755570994e-6
2.02109187992459e-6
1.85315161501277e-6
1.65739465778306e-6
1.44097936975320e-6
1.21547675675870e-6
9.96900293988604e-7
8.04074791618460e-7
6.55205250080830e-7
5.64077064818243e-7
5.38274307328791e-7
5.79844192384902e-7
6.85772255009032e-7
8.46853777545606e-7
1.04748852606444e-6
1.26847616014910e-6
1.49123702224741e-6
1.70088673330237e-6
1.88727187276806e-6
2.04452467814342e-6
2.17000140608276e-6
2.26318819027583e-6
2.32482668299936e-6
2.35630805045615e-6
2.35929737585062e-6
2.33553010601283e-6
2.28672947850354e-6
2.21460890000880e-6
2.12093794353261e-6
2.00766276779836e-6
1.87708142324209e-6
1.73208239356947e-6
1.57646138093900e-6
1.41533673713891e-6
1.25568693999872e-6
1.10703101265761e-6
9.82258140944793e-7
8.98573145954391e-7
8.78437072912016e-7
9.50209945637793e-7
1.14789464715177e-6
1.50889053529189e-6
2.06802380971159e-6
2.84563174467513e-6
3.82810216913803e-6
4.94307981821596e-6
6.04126377318053e-6
6.91158172030595e-6
7.36191317859752e-6
7.35860217164978e-6
7.11885582429492e-6
6.99434865687969e-6
7.16174837929042e-6
7.43639843300050e-6
7.44962103690929e-6
6.97598154466724e-6
6.06167407237874e-6
4.91923763503054e-6
3.77106473017703e-6
2.76446428465066e-6
1.96305655211846e-6
1.37385926118393e-6
9.77549818670309e-7
7.48393912143813e-7
6.62649038938928e-7
6.99179619096904e-7
8.36835760605631e-7
1.05214103701449e-6
1.31908906751364e-6
1.61107528661826e-6
1.90382855140014e-6
2.17797279329622e-6
2.42034470659853e-6
2.62391698319311e-6
2.78670105062760e-6
2.91018177367366e-6
2.99775126709158e-6
3.05341607417827e-6
3.08087034216075e-6
3.08290850956690e-6
3.06109661605695e-6
3.01561337662113e-6
2.94519170705884e-6
2.84712807328880e-6
2.71738214927758e-6
2.55087684402720e-6
2.34225386112006e-6
2.08756026705916e-6
1.78756486809221e-6
1.45322257539146e-6
1.11209659018980e-6
8.10129216042033e-7
6.00026911187692e-7
5.19659578518239e-7
5.82870938955824e-7
7.79790147178385e-7
1.06962582499379e-6
1.39399208577763e-6
1.70473529512872e-6
1.97470303296703e-6
2.19376226050435e-6
2.36165763518481e-6
2.48262863987008e-6
2.56234807521557e-6
2.60647021554963e-6
2.62007510928477e-6
2.60755221809690e-6
2.57267710460318e-6
2.51876157431962e-6
2.44882472017854e-6
2.36576519779429e-6
2.27253013194443e-6
2.17228221758894e-6
2.06856819475357e-6
1.96549076792493e-6
1.86788256142453e-6
1.78147421711705e-6
1.71303778131134e-6
1.67046886120030e-6
1.66274392933103e-6
1.69965040231653e-6
1.79113774015976e-6
1.94608809063416e-6
2.17028558618047e-6
2.46344125972099e-6
2.81542129792315e-6
3.20247378528729e-6
3.58530995589019e-6
3.91205778305278e-6
4.12929258211198e-6
4.20170002052742e-6
4.13419922652176e-6
3.98224123371003e-6
3.83524483654379e-6
3.77325639732120e-6
3.82136130830032e-6
3.93537228767324e-6
4.02995411320277e-6
4.02649883827330e-6
3.88738306364828e-6
