2.02129274124967e-5
2.43407552465521e-7
2.38610911287736e-7
2.02939983338464e-7
2.62603791411053e-7
3.80830611882277e-7
5.34270123324180e-7
7.06361473481358e-7
8.85392147010409e-7
1.06312165913389e-6
1.23375780880148e-6
1.39323510010234e-6
1.53870126248047e-6
1.66814320367584e-6
1.78010795027593e-6
1.87349131922198e-6
1.94737756806016e-6
2.00091975370675e-6
2.03325527262362e-6
2.04345557607296e-6
2.03051433744947e-6
1.99338506861496e-6
1.93108764682860e-6
1.84291280617579e-6
1.72876141490601e-6
1.58965334215487e-6
1.42841228465345e-6
1.25045150195045e-6
1.06442694428011e-6
8.82315238660175e-7
7.18381851551823e-7
5.86864764791506e-7
4.99173470457664e-7
4.62219375051470e-7
4.78626410165329e-7
5.47382303361289e-7
6.63316607910439e-7
8.16386408531474e-7
9.92768541996690e-7
1.17765564483344e-6
1.35800522267346e-6
1.52402533548317e-6
1.66936602922931e-6
1.79055724993995e-6
1.88621081698806e-6
1.95628388844196e-6
2.00151460767334e-6
2.02303793996506e-6
2.02214988616415e-6
2.00018152243472e-6
1.95845081239657e-6
1.89826993121529e-6
1.82099501264971e-6
1.72811277059638e-6
1.62136448931175e-6
1.50291284774907e-6
1.37556127179662e-6
1.24303899147016e-6
1.11036711999598e-6
9.84320221914592e-7
8.73990503666230e-7
7.91441264991271e-7
7.52390739927205e-7
7.76777524946059e-7
8.88896358651718e-7
1.11652682327372e-6
1.48809902912589e-6
2.02653856316013e-6
2.73836039263933e-6
3.59771625141913e-6
4.52897648520752e-6
5.39932878296508e-6
6.04211007696395e-6
6.32889408155655e-6
6.27132489226402e-6
6.06578603316433e-6
5.98045472903384e-6
6.12890837200848e-6
6.35669525415810e-6
6.38037235654501e-6
6.02116202745952e-6
5.30139674817083e-6
4.37631056582979e-6
3.42057887928166e-6
2.55911397299445e-6
1.85327350537879e-6
1.31714283785612e-6
9.39891041538198e-7
7.02414323413875e-7
5.85767055558669e-7
5.73214075269326e-7
6.48916067573819e-7
7.95941555518485e-7
9.95326051865403e-7
1.22672484477637e-6
1.47023094204612e-6
1.70846142891506e-6
1.92809934134761e-6
2.12049225047136e-6
2.28134785246056e-6
2.40983230201699e-6
2.50743426492987e-6
2.57687750280181e-6
2.62123864491290e-6
2.64331670393996e-6
2.64523088884179e-6
2.62819200190356e-6
2.59238886324554e-6
2.53694374413155e-6
2.45991365481858e-6
2.35834808031668e-6
2.22846621285315e-6
2.06610252480819e-6
1.86770255568644e-6
1.63230852179579e-6
1.36498522315518e-6
1.08145746233030e-6
8.11461275416298e-7
5.95080646364901e-7
4.68877357964956e-7
4.52855839940917e-7
5.50000580563332e-7
7.44129343585195e-7
9.97275524424370e-7
1.26538101192842e-6
1.51570829053074e-6
1.73089543111264e-6
1.90505720329236e-6
2.03878869449926e-6
2.13559456600302e-6
2.19987524718437e-6
2.23596575806058e-6
2.24776381411246e-6
2.23865180717088e-6
2.21155102322346e-6
2.16902778616743e-6
2.11341515578957e-6
2.04693592103153e-6
1.97182309063115e-6
1.89043857916975e-6
1.80539220625199e-6
1.71966276247970e-6
1.63672111846161e-6
1.56065193200214e-6
1.49626473175856e-6
1.44917586317692e-6
1.42582844478799e-6
1.43339653123496e-6
1.47949147953181e-6
1.57155564868895e-6
1.71580134099089e-6
1.91555679520633e-6
2.16896578485904e-6
2.46623013685508e-6
2.78706685015009e-6
3.09977329982927e-6
3.36399292517266e-6
3.53921315576942e-6
3.59906620070556e-6
3.54702565851948e-6
3.42393175208170e-6
3.29727454574765e-6
3.23149051818196e-6
3.25427003133861e-6
3.34155714904452e-6
3.43221115150269e-6
3.46106545300854e-6
3.38784108042703e-6
3.20745080190702e-6
2.94284433654007e-6
