5.07017511426749e-5
5.37465905855690e-7
5.67005737375811e-7
8.37236062103408e-7
1.33291003924745e-6
1.94444669993685e-6
2.59188571153837e-6
3.22671187808846e-6
3.81788804368403e-6
4.34577147101969e-6
4.79785249435110e-6
5.16587251157003e-6
5.44381509606381e-6
5.62651557184508e-6
5.70875879238531e-6
5.68483588301102e-6
5.54864663555445e-6
5.29458730311562e-6
4.91965011624023e-6
4.42730087685963e-6
3.83351675054760e-6
3.17423262498159e-6
2.51061783894331e-6
1.92499587617454e-6
1.50183578261254e-6
1.30243469643071e-6
1.35400033297346e-6
1.65208314694667e-6
2.15557758899209e-6
2.78683791104201e-6
3.45550887483492e-6
4.08629721399184e-6
4.63056763385838e-6
5.06381494648393e-6
5.37805416444144e-6
5.57470175626180e-6
5.65965974454505e-6
5.64048323901931e-6
5.52504322124683e-6
5.32116591950017e-6
5.03692342063727e-6
4.68142794099008e-6
4.26612029886965e-6
3.80665081301363e-6
3.32553731612117e-6
2.85584261762621e-6
2.44609762825766e-6
2.16648404999383e-6
2.11560620406293e-6
2.42548017181833e-6
3.25875717755156e-6
4.78578543516016e-6
7.12104691668353e-6
1.01983790266751e-5
1.36020656794787e-5
1.64932108954066e-5
1.79391118177277e-5
1.77872111310638e-5
1.72232393815556e-5
1.75596728636727e-5
1.83353664534403e-5
1.79091804173655e-5
1.56229665055864e-5
1.22062967987062e-5
8.72355598502013e-6
5.83985926473290e-6
3.76040905003809e-6
2.43771130933335e-6
1.75203860478531e-6
1.59095472778234e-6
1.85590043968276e-6
2.44356962341926e-6
3.23623965400581e-6
4.11142995181741e-6
4.96193990062334e-6
5.71195624702297e-6
6.32151225460116e-6
6.78049815069147e-6
7.09778536048347e-6
7.29052257334670e-6
7.37616566691011e-6
7.36763191678221e-6
7.27086758309170e-6
7.08389472464883e-6
6.79667830904971e-6
6.39173363258019e-6
5.84637328635821e-6
5.13922861034391e-6
4.26629307064777e-6
3.27256658659498e-6
2.29231735490008e-6
1.54782052071821e-6
1.24790014534019e-6
1.48629333621395e-6
2.20322540289012e-6
3.15334965710904e-6
4.08393270287014e-6
4.86448520314747e-6
5.45743765797512e-6
5.87049148405934e-6
6.12683394536765e-6
6.25159399370722e-6
6.26714909279944e-6
6.19231135254041e-6
6.04296902533807e-6
5.83317452367650e-6
5.57632083268772e-6
5.28631640290991e-6
4.97876509487045e-6
4.67217621902952e-6
4.38920209099655e-6
4.15782492994138e-6
4.01226594104878e-6
3.99312187038861e-6
4.14579517566216e-6
4.51566077490934e-6
5.13777408621240e-6
6.01893084713550e-6
7.11214390075366e-6
8.29072569430577e-6
9.34265411419206e-6
1.00189186688947e-5
1.01571294796185e-5
9.83174508638240e-6
9.38335270411040e-6
9.20407638147216e-6
9.40993457755769e-6
9.73947884061589e-6
9.79587994767280e-6
9.35483338634583e-6
