4.80665608636946e-5
5.03337792420127e-7
5.30861095118029e-7
7.61468741697705e-7
1.20902645401098e-6
1.76962593461956e-6
2.36861931397714e-6
2.96022231018316e-6
3.51495662474641e-6
4.01403474639094e-6
4.44543505054449e-6
4.80124405574034e-6
5.07579711395334e-6
5.26437880161112e-6
5.36235638250673e-6
5.36470451239818e-6
5.26597135896110e-6
5.06085637649245e-6
4.74572213675784e-6
4.32150408255988e-6
3.79844203227367e-6
3.20240949815922e-6
2.58070679916840e-6
2.00205191214157e-6
1.54449806338766e-6
1.27323231944117e-6
1.22458060680234e-6
1.40600203830424e-6
1.79556939770358e-6
2.33670662933934e-6
2.94997317850164e-6
3.55894159880520e-6
4.10784131536626e-6
4.56443356292499e-6
4.91473309466938e-6
5.15620327797129e-6
5.29238165792738e-6
5.32946237377687e-6
5.27445821643123e-6
5.13443953680425e-6
4.91647617613377e-6
4.62807159944758e-6
4.27801371875664e-6
3.87767114515809e-6
3.44284650447225e-6
2.99636406343799e-6
2.57160309109171e-6
2.21713878512959e-6
2.00238922047691e-6
2.02341124725565e-6
2.40621826151182e-6
3.30142239934083e-6
4.85806668850278e-6
7.15808926824618e-6
1.00965059199587e-5
1.32348159574063e-5
1.57724799069439e-5
1.69101861322273e-5
1.66502587996159e-5
1.61592681253515e-5
1.65359742075112e-5
1.72347468454587e-5
1.67786094628880e-5
1.46314062406122e-5
1.14679907590774e-5
8.24369191531901e-6
5.55946944353889e-6
3.60703680061246e-6
2.34874504156310e-6
1.67801674938320e-6
1.49288761991002e-6
1.70448027633183e-6
2.22106972209201e-6
2.93814500957729e-6
3.74516958102865e-6
4.54269843590212e-6
5.25755950689171e-6
5.84844451949928e-6
6.30193698120485e-6
6.62341758767750e-6
6.82742836676562e-6
6.93011390458732e-6
6.94439325341261e-6
6.87739459476279e-6
6.72935473633085e-6
6.49333407817645e-6
6.15551434163512e-6
5.69654377728138e-6
5.09561763562608e-6
4.34100209874001e-6
3.45255590248729e-6
2.51692147459423e-6
1.70884415523282e-6
1.23701007685056e-6
1.23404437906930e-6
1.71367282872744e-6
2.52526727350336e-6
3.41923997299938e-6
4.22216925718527e-6
4.86361859670069e-6
5.33377429612728e-6
5.64840849092702e-6
5.83015056714010e-6
5.90083708190718e-6
5.87927259633153e-6
5.78122960380909e-6
5.62023772176712e-6
5.40858784950409e-6
5.15836364080092e-6
4.88246706469882e-6
4.59565541090354e-6
4.31560748576691e-6
4.06400148580979e-6
3.86750771389688e-6
3.75844985375822e-6
3.77462855029555e-6
3.95739041100815e-6
4.34647710316006e-6
4.96970915317117e-6
5.82582900450848e-6
6.86136112521098e-6
7.94934086790573e-6
8.88977654873934e-6
9.46108826972851e-6
9.53563651245824e-6
9.20694738931886e-6
8.79674106868393e-6
8.65001635680806e-6
8.85196671586511e-6
9.15666927095265e-6
9.20763180857180e-6
8.80468193762166e-6
