7.52410233517309e-5
9.66669217359027e-7
9.92196132894536e-7
1.73244427336645e-6
2.74742278004817e-6
3.88523938985477e-6
5.01393329006181e-6
6.06051908961721e-6
6.98058592845409e-6
7.74733780266478e-6
8.34372618005576e-6
8.75725998981194e-6
8.97662090520178e-6
8.98975288768462e-6
8.78350079835246e-6
8.34539321657112e-6
7.66883429873827e-6
6.76353351809874e-6
5.67234499560888e-6
4.49108739636304e-6
3.37668280242513e-6
2.51931239052121e-6
2.07760071508768e-6
2.13138576330304e-6
2.67855713853967e-6
3.62131737789368e-6
4.77452983021839e-6
5.94174001847610e-6
6.98071238325987e-6
7.81501635769559e-6
8.41656598051539e-6
8.78477502787217e-6
8.93173419822283e-6
8.87393012247171e-6
8.62860994487036e-6
8.21306066465062e-6
7.64579076760016e-6
6.94924655773306e-6
6.15418484638684e-6
5.30620193415063e-6
4.47519453504408e-6
3.76856327740227e-6
3.34828666143361e-6
3.44938311583245e-6
4.39016040402805e-6
6.54876490864901e-6
1.02532058500205e-5
1.55096532396055e-5
2.15612284219791e-5
2.66190708559954e-5
2.87135680724102e-5
2.80619383180365e-5
2.77415206337316e-5
2.91186355683489e-5
2.91456435865249e-5
2.54497884266296e-5
1.93139342227406e-5
1.31249736012888e-5
8.25976226508308e-6
5.01336938619522e-6
3.19082494069167e-6
2.51893878512592e-6
2.76541123186745e-6
3.70621771224417e-6
5.08544047596329e-6
6.63117805521778e-6
8.10895321248445e-6
9.36441119538175e-6
1.03300707438398e-5
1.10034070248556e-5
1.14158485093300e-5
1.16068285613260e-5
1.16074850934693e-5
1.14326078755420e-5
1.10776838928609e-5
1.05186872481136e-5
9.71448234493896e-6
8.61570269898534e-6
7.19113013424729e-6
5.49079812350433e-6
3.74873749972310e-6
2.42127369952981e-6
1.97059670171783e-6
2.59837646820519e-6
4.07721271619280e-6
5.77997878173823e-6
7.27193844835383e-6
8.40871799140813e-6
9.18681348438624e-6
9.65264275172469e-6
9.86019374259621e-6
9.85735262878343e-6
9.68381655161310e-6
9.37301221391209e-6
8.95510191060908e-6
8.46017908083275e-6
7.92149697478730e-6
7.37878721696435e-6
6.88168751089526e-6
6.49305526791512e-6
6.29140067770346e-6
6.37062310020910e-6
6.83343837835573e-6
7.77239575851407e-6
9.23055381060047e-6
1.11374850595571e-5
1.32355745637197e-5
1.50567571871375e-5
1.60601770556509e-5
1.59922501753806e-5
1.52490449406345e-5
1.47135373476738e-5
1.49300047354120e-5
1.55084712552376e-5
1.55767959677526e-5
1.46465490444412e-5
