8.23736953185444e-5
1.13307846255306e-6
1.14768493193261e-6
2.05627446174349e-6
3.24330432874254e-6
4.54871744305625e-6
5.82470883592077e-6
6.99156706009733e-6
8.00134874438775e-6
8.82533105389413e-6
9.44495634135994e-6
9.84593403794525e-6
1.00145273604859e-5
9.93573987477783e-6
9.59370740199803e-6
8.97538694362470e-6
8.07956476500799e-6
6.93356434851163e-6
5.61737465843995e-6
4.28468425990402e-6
3.15314328560138e-6
2.44003620277581e-6
2.28323783170157e-6
2.71855989540670e-6
3.67092073536333e-6
4.94293487515533e-6
6.29066196572165e-6
7.52200570485602e-6
8.52769684229207e-6
9.26398689661818e-6
9.72562224966833e-6
9.92549114699308e-6
9.88299598120170e-6
9.61882372687511e-6
9.15372079653618e-6
8.50982868028803e-6
7.71403407199196e-6
6.80346839064541e-6
5.83381420341485e-6
4.89145289583186e-6
4.11051614043434e-6
3.69486907790633e-6
3.94112029560362e-6
5.24800222326225e-6
8.07367871951732e-6
1.27637306391153e-5
1.91531342968162e-5
2.59973022349861e-5
3.08858444564464e-5
3.19747463846502e-5
3.09534643612072e-5
3.15555391454153e-5
3.30019961648954e-5
3.10522069402851e-5
2.50413366577533e-5
1.76774276044408e-5
1.13249997583371e-5
6.84094711080918e-6
4.15394614283741e-6
2.93636365683130e-6
2.88824789928674e-6
3.74319395082873e-6
5.20616726624869e-6
6.94970099814706e-6
8.67369192446967e-6
1.01676891244147e-5
1.13303783051514e-5
1.21473851497908e-5
1.26524472327717e-5
1.28929567274567e-5
1.29077853131178e-5
1.27162230917775e-5
1.23139040327588e-5
1.16724613076566e-5
1.07426075420269e-5
9.46571957095861e-6
7.80868366723886e-6
5.84708336972145e-6
3.89398104983488e-6
2.51817679028271e-6
2.23769723713490e-6
3.22049392723312e-6
5.04668579096137e-6
6.95343934571086e-6
8.53621283869681e-6
9.69129238790764e-6
1.04431423982193e-5
1.08537435726336e-5
1.09856200559653e-5
1.08919361705882e-5
1.06165967425633e-5
1.01974750563277e-5
9.67036303105653e-6
9.07302610009843e-6
8.44934020539421e-6
7.85358595519893e-6
7.35477878455781e-6
7.04037196069974e-6
7.01754856093402e-6
7.40826964442222e-6
8.33110101338072e-6
9.85967659313862e-6
1.19494038488921e-5
1.43430933219042e-5
1.65191876392550e-5
1.78196586376255e-5
1.78675482927047e-5
1.70538484462380e-5
1.64203653284834e-5
1.66571433854704e-5
1.73117715665706e-5
1.73383073562148e-5
