8.60944788065545e-5
1.22790792494466e-6
1.23475907454435e-6
2.23646527996448e-6
3.51657624180455e-6
4.91159536940004e-6
6.26533927968084e-6
7.49466330862904e-6
8.54983472930841e-6
9.40112790261895e-6
1.00291290458746e-5
1.04184704120805e-5
1.05539748018294e-5
1.04189740098250e-5
9.99628050946138e-6
9.27324992368791e-6
8.25342728798806e-6
6.97729259676371e-6
5.55013155115080e-6
4.16072652628334e-6
3.05601745884308e-6
2.45677488889475e-6
2.48200540652287e-6
3.13731134206819e-6
4.29556164134568e-6
5.70943026774603e-6
7.12210322548679e-6
8.35581332074551e-6
9.32110919085604e-6
9.98956263045762e-6
1.03653662762631e-5
1.04665760955506e-5
1.03153844138893e-5
9.93442131608375e-6
9.34676572643341e-6
8.57848754338553e-6
7.66347322995386e-6
6.65098775237338e-6
5.61696336333657e-6
4.68030104689690e-6
4.02504210999680e-6
3.92670697904679e-6
4.77307760125004e-6
7.04991538915673e-6
1.12238441609813e-5
1.74117729214011e-5
2.47852557609131e-5
3.11116999670858e-5
3.37696589720072e-5
3.30030363174743e-5
3.28438323547780e-5
3.45883598746539e-5
3.39001645561686e-5
2.84646213062837e-5
2.06602071282033e-5
1.34434331017653e-5
8.14913405086688e-6
4.86486408725686e-6
3.25226415108368e-6
2.96798121726386e-6
3.71810453618521e-6
5.18837564978528e-6
7.02296800764315e-6
8.88283710426902e-6
1.05198755860779e-5
1.18071793378570e-5
1.27191925238322e-5
1.32889190832111e-5
1.35679873837400e-5
1.36003215832443e-5
1.34088049771383e-5
1.29902802401989e-5
1.23149848246545e-5
1.13298228574397e-5
9.97096016373934e-6
8.20222415350245e-6
6.10768305839050e-6
4.03477214258918e-6
2.60837014817493e-6
2.38378901750537e-6
3.52020133318929e-6
5.50678122735888e-6
7.51837363284766e-6
9.15704986121354e-6
1.03327176524677e-5
1.10809503499597e-5
1.14707740926942e-5
1.15691568333737e-5
1.14323721937861e-5
1.11069776157080e-5
1.06336614975607e-5
1.00517065300762e-5
9.40354884520278e-6
8.73945719238188e-6
8.12239292822437e-6
7.63280591740348e-6
7.37235866459926e-6
7.46402891702012e-6
8.04330434088293e-6
9.23127368077779e-6
1.10775241069324e-5
1.34670174062946e-5
1.60182209989090e-5
1.80749791819610e-5
1.89635884603182e-5
1.85502041808281e-5
1.76229520125920e-5
1.73219524065593e-5
1.78964603630885e-5
1.84145047406129e-5
1.78637710281978e-5
1.60722587246124e-5
