0.000124322159184505
2.54390928512164e-6
2.37596693539959e-6
4.53062617804185e-6
6.88216995019506e-6
9.26731746388699e-6
1.14398792253374e-5
1.32844184791456e-5
1.47341027838785e-5
1.57475147689669e-5
1.62919544258822e-5
1.63341901206483e-5
1.58379854405753e-5
1.47708636545345e-5
1.31262279691319e-5
1.09693117025727e-5
8.50666748801839e-6
6.13874380519022e-6
4.39418580965471e-6
3.71128278326617e-6
4.27636464156976e-6
5.97785958724271e-6
8.35697754746930e-6
1.08313096803119e-5
1.29861943528353e-5
1.46231893922402e-5
1.56875133221593e-5
1.61949240717122e-5
1.61873092634305e-5
1.57124952580868e-5
1.48189863024808e-5
1.35597385094191e-5
1.20028652512805e-5
1.02500346290030e-5
8.46545221097705e-6
6.91954433585360e-6
6.04981358626633e-6
6.53033380123453e-6
9.30462161699926e-6
1.54444942213886e-5
2.55414425079483e-5
3.83327546627982e-5
4.93289616222647e-5
5.31633213534676e-5
5.18136994493063e-5
5.35711610898582e-5
5.52845251787226e-5
4.80106587445100e-5
3.44186864732430e-5
2.14210521241226e-5
1.22080520684680e-5
6.90157346294841e-6
4.71717401522062e-6
4.93127484307289e-6
6.90067290906307e-6
9.89530479739528e-6
1.31497766977032e-5
1.60631477138789e-5
1.83191416230216e-5
1.98525397327397e-5
2.07374821732071e-5
2.10835146431007e-5
2.09723937215049e-5
2.04304357592340e-5
1.94212019934261e-5
1.78498530662144e-5
1.55870587639025e-5
1.25515956058595e-5
8.93001733997894e-6
5.52096022090782e-6
3.66662059316881e-6
4.35946494730262e-6
7.39804446679722e-6
1.09758070627848e-5
1.39222990561425e-5
1.59963146533214e-5
1.72561834565225e-5
1.78451447703809e-5
1.78992839945596e-5
1.75309679359107e-5
1.68334705703451e-5
1.58916184853330e-5
1.47935789048526e-5
1.36431115434229e-5
1.25724372059797e-5
1.17551526141882e-5
1.14161236267332e-5
1.18297195580472e-5
1.32873559438334e-5
1.60010989115465e-5
1.99067672316478e-5
2.43876738397823e-5
2.81418379724756e-5
2.97007405933330e-5
2.88348958330004e-5
2.74425450587568e-5
2.76351988636660e-5
2.88119472377283e-5
2.85529987413299e-5
2.57939390986757e-5
