5.177156777563565e-05
5.343232457530587e-05
5.585927586710025e-05
5.6918477319873533e-05
5.772404400825791e-05
5.844506710877058e-05
5.915256954203277e-05
5.986016345332946e-05
6.057011084968341e-05
6.137232404974854e-05
6.221519851048003e-05
6.307210685479007e-05
6.393117471948299e-05
6.479256827451413e-05
6.565458640932787e-05
6.651478051706794e-05
6.73751011027037e-05
6.823380073018548e-05
6.908956596846918e-05
6.994539632189733e-05
7.073049805883226e-05
7.146317383916998e-05
7.217445437255265e-05
7.294991305783563e-05
7.397703626310022e-05
7.511553187605573e-05
7.628152503248752e-05
7.74559341614057e-05
7.862546046829e-05
7.978616153375694e-05
8.090958757117263e-05
8.1936282918832e-05
8.291955809640379e-05
8.387564049452105e-05
8.480399103187662e-05
8.570899035308073e-05
8.661031137106168e-05
8.763903826779569e-05
8.870167027910315e-05
8.976590830674094e-05
9.081576562106258e-05
9.184927067090585e-05
9.286667415778869e-05
9.392454355025765e-05
9.499393237014806e-05
9.60553189345242e-05
9.711545565028217e-05
9.821142245412299e-05
9.932736546937587e-05
0.00010029684964728939
0.00010122035873834187
0.00010211682434023343
0.00010299331973665784
0.0001038514158669629
0.00010469074264541427
0.00010551145670142093
0.00010633787860743626
0.00010718814177905458
0.00010800319418095334
0.00010879457373621324
0.0001095631098498894
0.0001103144631497835
0.00011104558678079315
0.0001116967593579748
0.00011234928396035933
0.00011296805447558182
0.00011356350465366624
0.00011414219707598199
0.00011470574172687096
0.00011525086930794035
0.00011578176693878842
0.00011629808068681262
0.00011689102214044772
0.00011765568196195548
0.00011843170710462418
0.00011919831033857228
0.00011995420034798837
0.00012065712576711917
0.00012127039534798269
0.00012185186234549405
0.000121551639267625
0.00012044130200612419
0.00011912081191590976
0.00011773023497705488
0.00011631684450027965
0.00011489796164401502
0.00011346328465674733
0.00011201541894550497
0.00011056738403117798
0.00010912405809255084
0.00010768122096667684
0.00010624048233067571
0.00010480294386238151
0.00010337069528523854
0.00010193976654482063
0.00010051439066053629
9.909132205628716e-05
9.767400569015175e-05
9.626224607252624e-05
9.485502710611127e-05
9.345280571678093e-05
9.205589345721967e-05
9.066526920282591e-05
8.929392265296742e-05
8.797813690208009e-05
8.683187535690976e-05
8.57263252029176e-05
8.461575815440986e-05
8.349945336381405e-05
8.238625678856286e-05
8.132949404993624e-05
8.037869992504077e-05
7.945802987273909e-05
7.848403692632188e-05
7.760086546548956e-05
7.675557131358114e-05
7.593783730056104e-05
7.513780690500402e-05
7.436134563855895e-05
7.36041432516829e-05
7.284286744226955e-05
7.185360455995301e-05
7.06232117581831e-05
6.936784561234603e-05
6.878837760447443e-05
6.860361629555118e-05
6.847455149199444e-05
6.769681283130703e-05
6.676109397648933e-05
6.584106753278637e-05
6.491047089504331e-05
6.398584934736569e-05
6.30636408973544e-05
6.215046667014675e-05
6.158402032031513e-05
6.119826500716081e-05
6.0858900826713055e-05
6.0633898227404714e-05
6.04369588992934e-05
6.0244246189803875e-05
6.004421438664028e-05
5.983909393132679e-05
5.962860993522347e-05
5.941543035516157e-05
5.920115723264332e-05
5.8983912295462774e-05
5.876465261272684e-05
5.8597993118737225e-05
5.850800223550111e-05
5.83944794137882e-05
5.81461044888281e-05
5.784618294267993e-05
5.744632836399902e-05
5.7010681555240947e-05
5.656603456529179e-05
5.612168373849585e-05
5.56747578422363e-05
5.522924354206366e-05
5.478313531186357e-05
5.4476318106706454e-05
5.460696666227773e-05
5.4829631025913176e-05
5.507760182918564e-05
5.533804038445554e-05
5.579680563640778e-05
5.634934071084495e-05
5.6963756331839765e-05
5.7627230666692516e-05
5.831235860023453e-05
5.90135358801247e-05
5.973715169490561e-05
6.030699765455543e-05
6.083911594554184e-05
6.137387520078439e-05
6.192318797618911e-05
6.249008461798778e-05
6.306651660552409e-05
6.378088744110495e-05
6.453075201664453e-05
6.470774693754724e-05
6.465082543937863e-05
6.455597172166852e-05
6.446150245222271e-05
6.437411692392341e-05
6.429196537261878e-05
6.419636126335431e-05
6.410430771199389e-05
6.402288362002641e-05
6.39518047667885e-05
6.391929027501939e-05
6.442213409763275e-05
6.496450653759026e-05
6.552610989736166e-05
6.609315135854566e-05
6.561675823553767e-05
6.4836714918699e-05
6.412319652335576e-05
6.34083567960958e-05
6.270512941110488e-05
6.200629695310255e-05
6.131752958572419e-05
6.063462267723617e-05
6.000717458155879e-05
5.9491508307733846e-05
5.871498495540602e-05
5.7771618929620716e-05
5.6802679666075715e-05
5.584374584876522e-05
5.48987826913347e-05
5.4040496322517133e-05
5.319516049459952e-05
5.230657426089392e-05
5.151670821790163e-05
5.0902377350882375e-05
5.0928389168465856e-05
5.111515331712122e-05
5.128043088366365e-05
5.145344857930224e-05
5.163921302186628e-05
5.18401056873247e-05
5.205543493930071e-05
5.233505498078104e-05
5.260860202083307e-05
5.2896860952575525e-05
5.31960479052784e-05
5.351219326975462e-05
5.3839070151638144e-05
5.420588541593124e-05
5.46501515979467e-05
5.4995337897148796e-05
5.5021003590063374e-05
5.4988906641133815e-05
5.4942065829877184e-05
5.4892653028578846e-05
5.484346337988084e-05
5.479373703902959e-05
5.474487740566917e-05
5.4634183093040694e-05
5.4369705350730766e-05
5.399354915548604e-05
5.359627924817491e-05
5.3236100255830645e-05
5.2896394069224995e-05
5.258669527148817e-05
5.2325001810023293e-05
5.222897333870505e-05
5.218626922047308e-05
5.2155195684725454e-05
5.212695100528863e-05
5.210319690795789e-05
5.20853142980681e-05
5.206959403131176e-05
5.2059566392256634e-05
5.205612938731719e-05
5.185470851006462e-05
5.132924066290632e-05
5.081529586979398e-05
5.041794034137726e-05
5.005494802052027e-05
4.969155873770814e-05
4.933256265826283e-05
4.8980178062829295e-05
4.865033549760145e-05
4.832333254419482e-05
4.799963974671677e-05
4.776519040691963e-05
4.7637120117264135e-05
4.745406917068051e-05
4.729559935785389e-05
4.708929718217539e-05
4.686924534199142e-05
4.6652371771077275e-05
4.6440158125764967e-05
4.6193141784919136e-05
4.5936095522590463e-05
4.5665283833076824e-05
4.5289294129077735e-05
4.4858430727654413e-05
4.4340852209395235e-05
4.4095804284995006e-05
4.3896462294902976e-05
4.3707054617586245e-05
4.352611821688576e-05
4.33466706089599e-05
4.317924943718606e-05
4.300454528909613e-05
4.28210214087575e-05
4.264780707984863e-05
4.24704220800805e-05
4.2363284456289355e-05
4.2319807400252666e-05
4.222214887354135e-05
4.2444627634033886e-05
4.282611556725397e-05
4.323401115533914e-05
4.361808177125637e-05
4.3988986402960194e-05
4.4353567534176366e-05
4.47172112638584e-05
4.5080925739657805e-05
4.554670595776763e-05
4.611616937846078e-05
4.6720305639236874e-05
4.733586648811525e-05
4.786032825991481e-05
4.7865440600826226e-05
4.779722324792376e-05
4.773154258927963e-05
4.7702898070031215e-05
4.7693451024488786e-05
4.7693632522178405e-05
4.769955524666453e-05
4.7712139239307563e-05
4.766994230148956e-05
4.7567572275179576e-05
4.744418789716036e-05
4.7319460540839275e-05
4.7198986338790636e-05
4.7082762573928964e-05
4.697098983200203e-05
4.686637832790155e-05
4.6531154338554956e-05
4.6145573265060326e-05
4.5759879420617186e-05
4.538288997568321e-05
4.501629956887756e-05
4.466962419466994e-05
4.432892137595932e-05
4.394970861008436e-05
4.355911169279288e-05
4.3170313547171694e-05
4.278674489461209e-05
4.245872215789231e-05
4.222341892407268e-05
4.19910777784463e-05
4.171954588245527e-05
4.128878304201313e-05
4.0821244566952005e-05
4.035419311659016e-05
3.9898321747691596e-05
3.934884871968949e-05
3.879172908120527e-05
3.829372421446606e-05
3.780685134256183e-05
3.7331717287770235e-05
3.6871561018997825e-05
3.6498464923436936e-05
3.624791926098246e-05
3.6569150801142795e-05
3.697663475084028e-05
3.733942278596253e-05
3.7647309286187604e-05
3.795263945749139e-05
3.8271158166844585e-05
3.860132102013356e-05
3.894522526778983e-05
3.9303017293981886e-05
3.9673243600593566e-05
4.012314132442827e-05
4.098582381721219e-05
4.1836880496291435e-05
4.267141197955843e-05
4.3504639654196156e-05
4.410879287771801e-05
4.478594631140195e-05
4.557452504660206e-05
4.652531352985623e-05
4.756096250496768e-05
4.8652705147790244e-05
4.978423479043072e-05
5.0953855476697224e-05
5.215549773877831e-05
5.3303838809114576e-05
5.443574553022584e-05
5.556956557090691e-05
5.671962350957486e-05
5.789231394788333e-05
5.909133140507101e-05
6.031721806582463e-05
6.157231854123507e-05
6.285338448447584e-05
6.415005298708964e-05
6.540566919557354e-05
6.669337739841395e-05
6.791426829748487e-05
6.899170413793331e-05
7.009786736698969e-05
7.123046692006981e-05
7.239754605158517e-05
7.360166326860545e-05
7.483875225700798e-05
7.611491117631769e-05
7.742620402985933e-05
7.877549846629362e-05
8.016167936993522e-05
8.176467113750142e-05
8.337373280888106e-05
8.49226437053896e-05
8.64544073257963e-05
8.800100254887394e-05
8.956261730520815e-05
9.115088539538397e-05
9.276966579911536e-05
9.440583273813434e-05
9.606529679700021e-05
9.775148869285825e-05
9.942691663268547e-05
0.00010111910560894728
0.00010284505607100752
0.00010459697674740443
0.00010637673296396728
0.00010818663975292419
0.00011002714173989893
0.00011189330359933462
0.00011378959538755851
0.0001157152311755093
0.00011766994496698693
0.00011965166423637848
0.00012166337020838638
0.00012370234847897907
0.00012577264253450018
0.000127870578731538
0.00012992236551334258
0.0001317730408656476
0.00013367320057897138
0.00013562583910077056
0.0001376184902046447
0.0001396425044231824
0.0001415889487052044
0.0001433648678280459
0.00014510922459981776
0.0001469130464808955
0.00014872182523947388
0.00015051915673728157
0.0001518664170178448
0.00015283251799874163
0.00015362964546811
0.00015438479120765837
0.00015512388263572366
0.00015484255131124785
0.0001537163400068408
0.0001524818579249736
0.00015141152789967496
0.0001502921467847076
0.0001489811222768608
0.00014764631777428332
0.00014630548816294353
0.00014497698265485574
0.00014365180998652572
0.00014233818105525043
0.00014103722112226226
0.00013959438272969244
0.0001380373851374903
0.0001361416229880495
0.00013379601932405716
0.0001311585005686139
0.0001283699960289795
0.0001255986496891877
0.00012295486759206394
0.00012042754952922962
0.00011795814242526556
0.00011551376232217852
0.00011317569669153022
0.00011122127846212495
0.00010936617383515384
0.00010793250098556148
0.00010684378066042412
0.00010593128835645568
0.00010510031365303674
0.00010431037445629777
0.00010353666137665565
0.00010277258169184763
0.00010294055870214768
0.00010324699863745582
0.00010357410321975893
0.0001039002189854987
0.00010423237546177228
0.00010457159873167223
0.00010491960723865849
0.00010527846783419344
0.00010564787174715687
0.00010603107260354739
0.0001064226242224397
0.00010682761418064082
0.00010724196790798538
0.00010766882256496193
0.00010792368892719892
0.0001081924370455664
0.00010862079278812565
0.00010913679570821726
0.00010969350144920555
0.00011027468442051403
0.00011086560549415432
0.00011143298919422928
0.00011195183890293239
0.00011238472722250299
0.0001125767454703729
0.00011276415786689274
0.00011296864900037328
0.0001131811790097298
0.000113402584679618
0.00011422714962686767
0.00011535624865961892
0.00011656717966460489
0.00011781393102666277
0.0001190757765402065
0.00012035473379185992
0.00012164409782706325
0.0001229177279630124
0.00012404013689198073
0.00012485534542144118
0.00012542197541723658
0.00012590130498168228
0.00012641277598590282
0.00012703654507261936
0.0001277484693571133
0.00012850562850452433
0.00012928308022840438
0.00013007083697036647
0.00013084570973713377
0.0001316041625056869
0.00013236093820442275
0.00013311268866327052
0.00013386650995455675
0.00013462464356221287
0.00013538235072193473
0.0001361448035928333
0.00013691184203998803
0.0001376837275755616
0.00013847597222531395
0.00013928239608560725
0.0001400736626291354
0.00014074922021017108
0.0001416326775122547
0.00014255977009464932
0.00014300727973885644
0.0001433104861731049
0.00014354403434780878
0.00014384290039227531
0.00014411073818737868
0.00014427285056648696
0.0001445612787511638
0.0001449392607132313
0.00014546372004437753
0.00014605200353545698
0.00014647249565194714
0.0001466422171930465
0.00014667258092689766
0.00014657404622913433
0.00014640743574125857
0.00014623158757243586
0.0001460681415970027
0.00014592339377542067
0.0001457991866851598
0.00014569152137149392
0.00014560411101585699
0.0001455354380736261
0.0001454843698485647
0.00014545232054043357
0.00014548751028064152
0.00014581211933510242
0.0001462372494846067
0.0001467097093406748
0.0001478402381435937
0.00014946293626029312
0.00015180907657322084
0.0001545185123676149
0.0001573575614593812
0.00016026062836495692
0.00016314801600431826
0.00016557252042272792
0.00016686779884544643
0.00016787295290658348
0.00016880417684306552
0.0001697260833853154
0.00017065445644677942
0.00017159233092519058
0.0001725435062507859
0.00017350820981384474
0.00017448665298318633
0.00017548206202878141
0.00017648952633202286
0.0001775114919934054
0.00017907296567614783
0.00018126108524968378
0.00018356846086907622
0.0001859075346305655
0.00018826565361751684
0.00019063922318458845
0.00019302932674082526
0.00019543486140092617
0.00019784028476026446
0.00020022380390923809
0.00020260645291517198
0.00020499505096932498
0.00020739279602519876
0.00020978326101175367
0.00021198298270191967
0.00021415854617501574
0.00021599333941121906
0.00021773821829253897
0.00021834505726389515
0.00021820905915506474
0.00021793622976090936
0.00021765634705572096
0.00021737611553811204
0.00021750777038681568
0.00021768314721430093
0.00021784946362848678
0.0002180083553255459
0.00021816001262459027
0.00021830437877283894
0.00021844250421718884
0.000218573725178767
0.00021869803561482416
0.00021881757901128125
0.00021822865079688093
0.00021721442957108934
0.00021621507783715815
0.0002152319944041308
0.00021425390195026537
0.0002132790056695141
0.0002123056305785051
0.00021133730019236776
0.00021036763689770264
0.00020940134085425778
0.00020843916829838097
0.00020747743181589168
0.00020651786525592217
0.00020556106080160422
0.00020460463204749376
0.00020364967186525587
0.00020269824913556332
0.00020174623411305779
0.00020079461917216402
0.00019984254934295214
0.00019874512291838766
0.00019726191731420613
0.00019580018591525418
0.00019436209938846673
0.00019293734133757134
0.00019159613614913676
0.00019030465028907346
0.00018903274857007867
0.00018777561079226737
0.00018653380366457885
0.00018531162430785545
0.0001841019715498396
0.00018291233464024417
0.00018173398043245563
0.00018056370953184567
0.00017942812520491724
0.0001783162266635475
0.00017747324375528767
0.0001768967840543773
0.00017645307662059447
0.00017593258522635117
0.00017542959298580177
0.00017493210420644305
0.00017444783770951416
0.00017397036483849374
0.0001735086204512008
0.00017305489193691765
0.00017261301906221208
0.00017218085300473702
0.00017176109734336371
0.00017143777197264976
0.0001711383554906589
0.00017084845312302226
0.00017057355968805874
0.00017030969619973358
0.00017005734258067478
0.00016981904181120617
0.00016958963815897642
0.00016937582579417966
0.00016917266659345924
0.0001689825020418384
0.0001688815512754344
0.00016904206432942622
0.00016915732280125802
0.00016876871378133858
0.00016841233723425333
0.0001680570165254397
0.0001677001048395896
0.00016734644371089818
0.00016697288326778355
0.0001665796587796436
0.00016619195098588812
0.0001658003790051781
0.00016540627678659028
0.0001650107088631381
0.00016458220554965594
0.0001641492703644514
0.00016371175831526494
0.00016327553912387472
0.00016283456963023122
0.00016236576980307034
0.00016180219902389974
0.00016125427254423867
0.00016069262052764922
0.00016013017197261963
0.0001595598288550694
0.00015898731894086585
0.00015841036800059592
0.00015782896082880134
0.0001571547632220399
0.00015630641085212483
0.00015546893224794043
0.0001547532447444872
0.0001539548198533197
0.00015300829278800632
0.00015180516578319848
0.00015051795074176003
0.00014921212991315415
0.00014802693362842115
0.00014724970886298707
0.00014634085846113013
0.00014552385687390874
0.00014477118053769046
0.00014403076280956225
0.00014346673987834088
0.0001428863208986084
0.00014230538040678633
0.00014173059258681682
0.00014114632105579686
0.00014075435316655474
0.00014041623199440912
0.00014007508827605512
0.00014002760213264377
0.00013999913067817078
0.000139963441025353
0.00013971036777890382
0.00013777913421546192
0.0001346814484886477
0.00013165461512163205
0.00012851800334904589
0.00012533241997953495
0.0001221458060619412
0.00011896034718086431
0.00011578191914751966
0.00011265300280065627
0.00010967250004629444
0.0001067013444269194
0.00010373402322078736
0.00010077941066731643
9.783547164564181e-05
9.490774816076105e-05
9.21296034999232e-05
8.958875228329132e-05
8.705452847612809e-05
8.453382922005586e-05
8.202921613511254e-05
7.954176307301724e-05
7.810956967298346e-05
7.707249007449864e-05
7.58980477330814e-05
7.475218588969816e-05
7.361098475664366e-05
7.247356848082536e-05
7.134557542952342e-05
7.023004495420126e-05
6.912911055679417e-05
6.804282695449557e-05
6.657597045804473e-05
6.474637267218301e-05
6.156088901676678e-05
5.9549412098868195e-05
5.8211069736904635e-05
5.6505823649261244e-05
5.507724107838576e-05
5.364548323190181e-05
5.2243106471270325e-05
5.083138213546431e-05
4.9385145505729694e-05
4.798783959392196e-05
4.662397182643798e-05
4.5310715249320456e-05
4.406129423969902e-05
4.161191726817196e-05
3.943249835171158e-05
3.7872790628017e-05
3.6939572137511094e-05
3.572303417124227e-05
3.428135958687881e-05
3.296385157893678e-05
3.1710857664462006e-05
3.053686686208667e-05
2.9107857533547224e-05
2.7874582586386093e-05
2.7099988182378498e-05
2.673165193104012e-05
2.609925533337803e-05
2.5558346080705846e-05
2.4914899623198933e-05
2.439440852921723e-05
2.371218573446374e-05
2.3236099637566988e-05
2.2788206221897742e-05
2.2567474670150126e-05
2.2831071712803114e-05
2.345024798543571e-05
2.4095691840407716e-05
2.5872519994369563e-05
2.736236729640792e-05
2.900552251823869e-05
3.095445899681762e-05
3.286995584156708e-05
3.4794136835024966e-05
3.6722825806956066e-05
3.8709042099557515e-05
4.06784978355221e-05
4.256328008060468e-05
4.4413354417782126e-05
4.633269472499716e-05
4.8288385540643094e-05
5.030581852894361e-05
5.2431451706049626e-05
5.469215606638708e-05
5.6540394711353524e-05
5.7909545095237005e-05
5.941718537728943e-05
6.075125238926547e-05
6.173264084665016e-05
6.251542331872714e-05
6.290366131838591e-05
6.274229987488342e-05
6.231067218322547e-05
6.179467740256384e-05
6.131371079430858e-05
6.122561372757627e-05
6.106424099463927e-05
6.09666033255075e-05
6.101839871824186e-05
6.212993727750287e-05
6.310289085241013e-05
6.410499014842454e-05
6.510430713746762e-05
6.567787081644826e-05
6.613022359113452e-05
6.660484286366962e-05
6.708134756919745e-05
6.775925771088123e-05
6.841161824616163e-05
6.906079148334468e-05
6.97009957778831e-05
7.033074991902377e-05
7.094867564819417e-05
7.154860484197466e-05
7.211220048520406e-05
7.267751494568782e-05
7.323435374040713e-05
7.378130428035626e-05
7.43203875068767e-05
7.469403288982437e-05
7.489135122185136e-05
7.504755018819324e-05
7.524656283289241e-05
7.553062603387248e-05
7.584583085352993e-05
7.616622515878193e-05
7.648846029196874e-05
7.679723366528568e-05
7.70964431437235e-05
7.738454737683356e-05
7.74806493077931e-05
7.756300379898047e-05
7.76838755502226e-05
7.781502654753336e-05
7.784315711692134e-05
7.786444686885739e-05
7.863994160631542e-05
7.995041976075875e-05
8.139872536093684e-05
8.290711105479092e-05
8.446505372303661e-05
8.60661293065736e-05
8.771154868552594e-05
8.922513379235712e-05
9.070426731582469e-05
9.222915675699595e-05
9.379589140875981e-05
9.540097028150715e-05
9.704168358377819e-05
9.871808313533534e-05
0.00010042824010528965
0.00010217262957916136
0.0001039469684926661
0.0001057576918793367
0.00010760340892683141
0.0001094812714416345
0.00011138652976609873
0.00011315433413993513
0.00011487477837420698
0.00011679040184693905
0.00011884278590187351
0.0001209683393715986
0.0001231452993007893
0.0001253858272132197
0.00012787525985756912
0.00013044258706724888
0.00013305439802863576
0.00013570382538457903
0.00013838824863447374
0.0001411144803259714
0.00014389150774211105
0.00014670946286859262
0.0001495657665601638
0.0001524600165481649
0.0001553988483605714
0.00015837795761592183
0.0001613365040742933
0.00016432183521178676
0.0001673347086209481
0.00017038138196518834
0.00017345888855521774
0.00017657011531228313
0.000179712543845
0.00018286324929695164
0.00018577835692684853
0.00018849626198132711
0.00019114419249634346
0.0001937817743126719
0.00019643262952199792
0.00019909723259939414
0.00020146972960085246
0.00020360399692698168
0.00020562372151812071
0.00020760539312544943
0.00020957336887626927
0.00021152701832928122
0.00021346573713089146
0.00021539705998146715
0.00021730867614958078
0.0002191885021894242
0.00022122133124593605
0.00022350739698556667
0.00022585139634675853
0.00022820450762746141
0.00023055482625286366
0.00023274646019078054
0.00023486383030300057
0.00023695159079366695
0.00023902163868618794
0.00024107351342341578
0.00024312180582673217
0.0002451338756476141
0.00024680415860076337
0.00024838054599998
0.00024991552332447953
0.00025142915666762994
0.0002529235269414147
0.0002543940293012461
0.00025584539960359987
0.00025725432971471576
0.0002586029804421161
0.0002597866824161586
0.00026082457679938874
0.000261798646534619
0.00026282170049375523
0.0002618644214623548
0.00026007312368246584
0.00025807165448825636
0.0002553084789871037
0.00025220122151355627
0.0002490014043272996
0.0002456758524695745
0.00024175007731171621
0.00023838499522159498
0.00023510524958335652
0.00023182684357754807
0.0002285581352058512
0.00022530744001815101
0.00022208389161000797
0.00021887392204092618
0.00021568576827647826
0.00021248605655789843
0.0002092519537729038
0.00020606411285179675
0.00020291801850823386
0.00019980657386738942
0.00019666744299058934
0.0001936681837814779
0.00019068500679689514
0.0001876219972866862
0.0001846247644604381
0.00018166691924111265
0.00017879840396769532
0.00017561108909589196
0.00017247178841330496
0.00016959287044070266
0.00016808332409901802
0.00016690842365088326
0.00016599947991655068
0.00016538079600901426
0.0001647453953343743
0.00016379743847758877
0.0001629776961161749
0.00016214402109189572
0.00016120606738867204
