7.498345732195977e-05
5.1515108916153376e-05
5.3258746795587146e-05
5.419657064799767e-05
5.5151176666240604e-05
5.617612332587282e-05
5.722150399523082e-05
5.8243190225940093e-05
5.9238895477304495e-05
6.020326371777697e-05
6.127297705027194e-05
6.242848609542279e-05
6.359404981586744e-05
6.474776978872768e-05
6.588021945521963e-05
6.698899763576209e-05
6.837012803820405e-05
6.996347427380487e-05
7.166700468657654e-05
7.339434201728679e-05
7.512183220595428e-05
7.683035803834198e-05
7.851095238632213e-05
8.015681702949068e-05
8.161720166319306e-05
8.298913998447674e-05
8.441844500530476e-05
8.596080121163032e-05
8.751391011422575e-05
9.011408666987597e-05
9.29378287066397e-05
9.556311116108422e-05
9.818934309646264e-05
0.00010071055071062222
0.00010324382716872817
0.00010503260012504958
0.0001067900923453675
0.00010835029592456441
0.0001097892896542806
0.00011105708298801531
0.00011224023302409212
0.00011327709220095722
0.00011407747661774446
0.00011481607325528993
0.00011543599557904666
0.00011594246815936769
0.00011632520312628227
0.00011663337699331755
0.00011684337190850602
0.00011694907249559027
0.00011679760426859069
0.00011687747190695291
0.00011690203237322972
0.00011691627550656036
0.0001168297652101332
0.00011669933177235324
0.00011650200958705458
0.00011643050757534816
0.00011546168129673952
0.00011446625468732673
0.00011338305158508529
0.00011219384014260527
0.00011085099965007397
0.00010879606985135222
0.00010635564955894166
0.00010381672459433989
0.00010126970215753975
9.874163786259049e-05
9.62371256940015e-05
9.376361645751084e-05
9.131773111410461e-05
8.890428420850072e-05
8.652253576826455e-05
8.432627694429015e-05
8.2454819582182e-05
8.065219605522776e-05
7.889774068070877e-05
7.717168030779808e-05
7.546926241554576e-05
7.378939421471833e-05
7.22095501341763e-05
7.095835959117268e-05
7.007000263399587e-05
6.930950399224881e-05
6.863166917262797e-05
6.802145805104332e-05
6.757276307688773e-05
6.540719360531196e-05
6.274716745492364e-05
6.169997155767443e-05
6.0465635157155323e-05
5.924692488247618e-05
5.801256501228856e-05
5.707783944544965e-05
5.696371169978106e-05
5.715495656176299e-05
5.7565039566233545e-05
5.772893482243192e-05
5.746853028015404e-05
5.715450365865602e-05
5.6796424154874556e-05
5.642378048210156e-05
5.604662743157737e-05
5.567360677741566e-05
5.537029088273587e-05
5.517047283521565e-05
5.4992536046682673e-05
5.48163814077358e-05
5.451309038893274e-05
5.410973320129891e-05
5.3676117124246566e-05
5.322281258189628e-05
5.2643633102797865e-05
5.257966831521787e-05
5.265597223176543e-05
5.28357294440438e-05
5.312930590070081e-05
5.344181599617833e-05
5.396260096832442e-05
5.468735088128637e-05
5.555350686005198e-05
5.641985297374968e-05
5.707598514912328e-05
5.7723334297407196e-05
5.8392958441617175e-05
5.909181104706209e-05
5.981509736922146e-05
6.0569115013590146e-05
6.135597019896694e-05
6.217731249759296e-05
6.238807141743766e-05
6.290295170872351e-05
6.344965852426308e-05
6.401197235310193e-05
6.458500468951419e-05
6.517228279725578e-05
6.576916957249159e-05
6.6380008506914e-05
6.70053193495847e-05
6.764408319809985e-05
6.829621320902307e-05
6.896218165069601e-05
6.964404673957837e-05
7.04056639576262e-05
7.122175742963385e-05
7.176045820065217e-05
7.128387523912003e-05
7.009242374829221e-05
6.858735417278938e-05
6.807673012431209e-05
6.832517183484801e-05
6.878238076847652e-05
6.925234891088293e-05
6.989469992115855e-05
7.039999857012474e-05
7.081885744245605e-05
7.12410204910649e-05
7.169672722270168e-05
7.227329445522744e-05
7.294047315107498e-05
7.352969402568701e-05
7.412007714340149e-05
7.48405309279953e-05
7.56503762551928e-05
7.546034347441743e-05
7.500530228628943e-05
7.451656777368934e-05
7.402984179079274e-05
7.353816757844388e-05
7.293438962836701e-05
7.210621797620178e-05
7.121502531696909e-05
7.034891938191446e-05
6.95940973577554e-05
6.88203741180407e-05
6.825017215749153e-05
6.792354013585207e-05
6.768128765472382e-05
6.746177033244337e-05
6.725198387301423e-05
6.704698782279514e-05
6.685290550902477e-05
6.66658380421862e-05
6.648797507690739e-05
6.629094620947386e-05
6.530714339951485e-05
6.449851373393135e-05
6.392479012398933e-05
6.320092272854236e-05
6.24141348375187e-05
6.162383271710163e-05
6.0949943842372946e-05
6.0092796690432016e-05
5.929394814320767e-05
5.8482534227143866e-05
5.776280872628755e-05
5.718160915125313e-05
5.654776811952171e-05
5.5923366077619234e-05
5.532102277671841e-05
5.473742694965702e-05
5.4144825617806084e-05
5.3519674171926036e-05
5.3171046516477705e-05
5.288252577110836e-05
5.261080127597919e-05
5.2334915331838866e-05
5.205534126286869e-05
5.20742322843979e-05
5.231035554697476e-05
5.260378877851765e-05
5.291925358544346e-05
5.312589368755791e-05
5.322123034693851e-05
5.265375552331218e-05
5.208680786496727e-05
5.1552915647871866e-05
5.124236358994717e-05
5.100765373843294e-05
5.0720273567380604e-05
5.046154295758276e-05
5.041806769523822e-05
5.0533782690770186e-05
5.071588621078376e-05
5.0925938540668405e-05
5.1063523899329486e-05
5.115839991253138e-05
5.126542786445347e-05
5.1286441938340744e-05
5.101739334568973e-05
5.059743433084751e-05
5.008974804720525e-05
4.9569933814435363e-05
4.9061127471139245e-05
4.860234771487208e-05
4.8280498511292066e-05
4.799989555197489e-05
4.771119094379744e-05
4.742347602069281e-05
4.714127387692565e-05
4.686886801421934e-05
4.660723411537495e-05
4.603691251822066e-05
4.531755581553707e-05
4.4638240707429495e-05
4.401067334853532e-05
4.342101708120262e-05
4.299329954758242e-05
4.2788875938351554e-05
4.2684202844629304e-05
4.2630747958721465e-05
4.245830920995041e-05
4.2614265253681184e-05
4.3218225112054125e-05
4.3867219022806394e-05
4.4552149956919525e-05
4.527802624126048e-05
4.598789897826608e-05
4.655994877479433e-05
4.7757536953875416e-05
4.936755123448879e-05
5.108898598125318e-05
5.288664656747095e-05
5.456150621290925e-05
5.606496526017105e-05
5.7695795995982475e-05
5.9430598653362334e-05
6.118712668154813e-05
6.290859302888342e-05
6.463956463629715e-05
6.637664330591746e-05
6.820679927541859e-05
7.015714158125652e-05
7.221673967196613e-05
7.415928030243898e-05
7.594015500598924e-05
7.770559192260098e-05
7.952446162182657e-05
8.141864281837036e-05
8.339651589123988e-05
8.546719313897744e-05
8.762991100265969e-05
8.987211504333438e-05
9.22780064855903e-05
9.463716652046586e-05
9.698108073500647e-05
9.938640934940545e-05
0.00010184635814629531
0.00010437196001270027
0.00010697004340893271
0.00010961299523260207
0.00011229042790498877
0.00011505474767679073
0.0001178953237718351
0.00012061510272452542
0.00012317339008355974
0.00012580656888581325
0.00012850278816453175
0.0001312619475923304
0.00013409135629345738
0.00013679772263758473
0.0001395508173922133
0.000142361680781819
0.00014489968527176225
0.00014748235330169337
0.00015012801586387477
0.00015283175876025192
0.0001555934739702926
0.00015841304107836777
0.00016128954412928165
0.00016412665705102856
0.00016463591511656908
0.0001648140880012789
0.00016451880405264174
0.0001638663412097161
0.0001631511616395652
0.00016225923837893334
0.00016092596183085454
0.00015966701473200913
0.00015794649196931382
0.00015611699398713143
0.00015424153085212355
0.0001523683595546821
0.0001505159290812301
0.00014868570270857765
0.00014701642382321175
0.00014549771672651288
0.00014403656527051388
0.00014272362722473974
0.00014211890480877296
0.00014185915980761225
0.0001417334988521896
0.00014180752555631261
0.00014136858260009477
0.0001407584701575539
0.00014009265256194515
0.00013902301202603455
0.00013810217736524803
0.0001387844386940741
0.00013957646089960774
0.00014036466116090491
0.00014115298747740168
0.00014195507016785184
0.00014249574689361943
0.00014267648768402126
0.00014329717394919497
0.00014417072886821058
0.0001451802232839701
0.00014623353081524886
0.00014725065181846875
0.0001482319481616815
0.00014920059178008557
0.00015010456982012652
0.00015057821144362932
0.00015113901384150797
0.0001517764201806394
0.0001524511505131531
0.00015314843137495372
0.00015386070672687084
0.00015458426215408824
0.00015662152189571102
0.00015901116168675624
0.00016122563438076033
0.000163301089016416
0.00016518653088605837
0.0001666474299405859
0.00016776992481237903
0.0001688077920286092
0.0001699100928783752
0.00017107882693597476
0.00017228187825297928
0.00017347069108690055
0.0001746557199161664
0.0001758409928152536
0.000177028495508657
0.0001782242636346192
0.00017942616955901513
0.00018066373899875093
0.00018187926818197627
0.000183066490931496
0.00018418172583404166
0.0001847778422244384
0.0001838173186594401
0.00018287773881658654
0.00018232569952930506
0.00018109292432892465
0.00017923838575764468
0.00017720959491147076
0.00017535384096617227
0.00017351178184266323
0.00017165875079704307
0.00016999120310358788
0.00016862865496596022
0.00016742146139462838
0.00016627857755384775
0.0001651776780467924
0.0001641086040840197
0.00016307409230369342
0.0001620724168875146
0.00016118473449614753
0.0001612858775530692
0.00016220643740812954
0.00016354481491684652
0.00016594004982315192
0.00016967840065517178
0.00017340406089586604
0.0001770806355428896
0.00018075342767889942
0.00018390286595683548
0.0001854714791866233
0.00018679272143173854
0.00018808738499479627
0.0001893947949560088
0.00019072117519360003
0.00019206619627854202
0.0001934329478756435
0.00019481600932382952
0.00019680539877766002
0.00019999977581863969
0.00020336936266338596
0.00020677592389289386
0.0002098840546659957
0.00021296301078443112
0.0002160505834638826
0.00021915060280740614
0.00022226138177120579
0.0002253897379522204
0.00022852708636324464
0.00023130671302617537
0.00023207630337330505
0.00023190070227137148
0.00023156075146294868
0.00023149827643672148
0.0002317806516703482
0.00023208095404041374
0.00023235759722188033
0.000232614057590824
0.00023284837533036964
0.00023274465590219983
0.00023132170552768927
0.00022990050127756346
0.00022850998183295877
0.00022712543312078084
0.00022573838507922427
0.00022435293088543184
0.00022296288912758026
0.0002210820833163834
0.0002187479949572853
0.00021647006355328868
0.00021422878336591978
0.0002120187443937104
0.000209835784152234
0.00020768433773469224
0.00020556180845288086
0.00020346456083543453
0.0002013977847043199
0.00019935637961082843
0.00019733838705609136
0.00019535077376075523
0.00019338574914806562
0.00019144630231631248
0.00018952976922800618
0.00018763967360690427
0.00018577694804224014
0.00018395159703648938
0.00018231839871366804
0.00018142224360596603
0.00018068535561665514
0.0001799433940967038
0.0001792623094956297
0.0001784512022344196
0.00017764087233587645
0.00017683952948806036
0.00017604881175847255
0.00017526828041739223
0.00017449888663811325
0.0001737390075891006
0.00017299037060791942
0.00017225273680939856
0.00017152222604056866
0.0001707995475269596
0.00017009006758912242
0.00016938860208078722
0.0001686970784252489
0.0001680795766652331
0.00016750371786442873
0.00016718822526758377
0.00016701615465683725
0.00016685528802535605
0.00016606793183471705
0.00016516107587082258
0.0001642218595407721
0.0001634139744209542
0.00016261948594371517
0.00016181587843424984
0.00016099760406547355
0.0001601627799904469
0.0001591244710961395
0.00015786279227135845
0.0001565801882609058
0.00015526623883423116
0.00015393736474981842
0.0001527591809595482
0.0001516949458047685
0.00015061150625197728
0.00014939001042005133
0.00014795113955280497
0.00014651093677479665
0.0001445655647296767
0.00014239551649690551
0.0001403458960737644
0.00013863658718941957
0.000137079484290443
0.0001355162914881328
0.00013398288741298163
0.0001332292064425153
0.00013309640994971797
0.00013287396663781129
0.00013265307059667084
0.00013258740475119663
0.00013194708145171298
0.00013104168336319083
0.00012999279729744275
0.00012860374699740176
0.00012521384649206898
0.00012153430452829716
0.00011700996197351574
0.00011249200593990318
0.00010798973340208093
0.00010350462218621058
9.904647544041254e-05
9.494176586812499e-05
9.084268727355844e-05
8.67737327664282e-05
8.297742994618881e-05
8.079232709266729e-05
7.865974311769991e-05
7.665191352696029e-05
7.485665153117584e-05
7.31621386501852e-05
7.146283130833078e-05
6.977578861351237e-05
6.828940269749777e-05
6.66938280936817e-05
6.517063001941016e-05
6.369394923362562e-05
6.221913697981257e-05
6.163132289784996e-05
6.010617264327258e-05
5.7418792740242196e-05
5.4825160266616944e-05
5.222914457949111e-05
4.9724091818252376e-05
4.729583280816086e-05
4.5347723194680354e-05
4.3135877051672146e-05
4.1130170828776446e-05
3.843359818380476e-05
3.6206193090457156e-05
3.4093385995626196e-05
3.2086974109799555e-05
3.010748545797731e-05
2.815122758467272e-05
2.6511476684867947e-05
2.5597063038156366e-05
2.453335457579023e-05
2.3676405394568624e-05
2.3024613877520287e-05
2.250843584071681e-05
2.2262290118998024e-05
2.2909915275795178e-05
2.3297295976581335e-05
2.4792151960502062e-05
2.7063511266997043e-05
2.9313212692674175e-05
3.167048431336094e-05
3.4310070407565264e-05
3.704196416905955e-05
3.99244746711622e-05
4.3200697499877354e-05
4.560497982661698e-05
4.8350353941914334e-05
5.113833210067751e-05
5.4123857075623164e-05
5.728768138474413e-05
5.89190110840476e-05
6.02705615482418e-05
6.107740180447683e-05
6.231466977128422e-05
6.284521121235746e-05
6.289926153435568e-05
6.315647211975123e-05
6.345133079552311e-05
6.30830250005421e-05
6.426977948151754e-05
6.578381827147345e-05
6.711381845306184e-05
6.82677464542822e-05
6.922050915365677e-05
6.981426673830395e-05
7.04117164790698e-05
7.103566859214789e-05
7.16517775832811e-05
7.226852408698138e-05
7.288471179680997e-05
7.348186949101132e-05
7.369922276142496e-05
7.380509219040154e-05
7.388457333251936e-05
7.393443318849762e-05
7.395602061900834e-05
7.40420869496744e-05
7.425071128589268e-05
7.454526857543919e-05
7.486842289076932e-05
7.518676817907651e-05
7.550051008230133e-05
7.582133078306925e-05
7.582646818203653e-05
7.58764524410315e-05
7.596390371293793e-05
7.60737219108321e-05
7.637566979942315e-05
7.672597497866614e-05
7.823386895998778e-05
8.030429953083125e-05
8.260997867769767e-05
8.433151643314709e-05
8.615566671471296e-05
8.807635953390474e-05
9.009396530127791e-05
9.220016050155031e-05
9.439447147915038e-05
9.667261726475955e-05
9.903164632011376e-05
0.00010147058295347316
0.00010398079716330171
0.00010656495540663124
0.00010921762593587042
0.00011193238761974015
0.0001149509413926456
0.00011819693069903587
0.0001218679894758997
0.00012578443066687498
0.00012954975889016798
0.0001333038082413173
0.00013710299697876222
0.00014097173193646626
0.0001448617667287112
0.00014881422023704642
0.0001529334934762933
0.00015680022280053325
0.00016057001812390612
0.00016433016157870478
0.00016811375474213832
0.00017193429473399974
0.00017579368548737706
0.00017967703460044208
0.00018352359008660008
0.0001869028777796624
0.0001900549495534036
0.000193114619063349
0.0001961000298828125
0.00019880392296925455
0.00020134132172889028
0.00020396720273351197
0.000206847772401149
0.00020971309276166103
0.00021240900123165442
0.000215027843976082
0.00021763251750512203
0.0002202093846534607
0.00022275865010921962
0.00022526490014182135
0.0002277457235723493
0.00023020122946996576
0.0002320449284684584
0.00023356843351046336
0.0002349677823070825
0.00023626739287574506
0.00023744867693636988
0.00023855866059248427
0.00023967910623062398
0.00024093105334813353
0.00024149841482935878
0.00023915361986328443
0.00023593104094022987
0.00023240250043302273
0.00022788471720813173
0.00022238279046438587
0.00021666505915810376
0.00021091696613586446
0.00020582460848605938
0.00020127624558798247
0.0001968690399808412
0.00019254962486863587
0.0001882894485250486
0.00018407914668341183
0.0001799168021049802
0.00017579921541445556
0.00017172800576483818
0.00016755974647302222
0.00016336594782400158
0.0001594146865525979
0.00015544176088711328
0.00015101803121603526
0.00014714792805020345
0.00014515874989976085
0.00014339065248527167
0.00014207219241032628
0.00014114493488824468
0.00014040370969441087
0.0001398754420241765
0.00013987577183439511
0.0001405836140009832
0.00014147479389510725
0.00014241617286324377
0.0001433631933483272
0.0001443045695486815
0.00014523406375870822
0.00014617408910878396
0.0001471671946367555
0.00014823348484447403
0.00014903331531940047
0.00014984433952070506
0.0001506378012890713
0.00015065629030137218
0.00015023280441661777
0.0001497398874788827
0.00014990608336624592
0.00015045935633002986
0.000151067546742085
0.0001519255016316343
0.00015376724175903761
0.00015661001845029032
0.0001596094034743846
0.00016268255165210476
0.000165805500841274
0.0001689788574748089
0.00017217426488270286
0.00017551827812621194
0.0001789322031075177
0.00018241852807865825
0.00018409088708903996
0.0001852632103150895
0.0001863388237893925
0.0001874007576107866
0.0001884794402103302
0.00018958800935598634
0.00019073094839697327
0.0001908451842916229
0.00018958192387223292
0.00018810792196398808
0.00018660515061060754
0.00018512378861522158
0.00018367883720401976
0.0001822723825605006
0.0001810714398467946
0.00018021441564759292
0.00017956396416213353
0.0001789381933644511
0.00017818311326247516
0.00017792498011387817
0.00017731269502536148
0.00017572593817910824
0.00017381193353143172
0.00017188416392351275
0.00016998128057580934
0.00016812337465550983
0.00016645293223689845
0.0001646833756165377
0.0001627975394468957
0.0001609085501722324
0.00015933974474414267
0.00015786042874751428
0.0001557639632724835
0.00015377380612894003
0.00015388132702557613
0.00015495178784881826
0.00015617748776901487
0.00015730175500844182
0.00015857712456131222
0.00015918547884825345
0.00015941464662788945
0.00015911692186253162
0.00015854120353653582
0.00015791340253781304
0.0001572058744550291
0.00015620387702077707
0.0001549410626455793
0.0001535838854911755
0.0001522550771112652
0.0001509852327727153
0.00014978021259779765
0.0001486726128136952
0.00014766725083055192
0.00014675196208492242
0.0001460334646553132
0.00014577613324987147
0.00014570932322330635
0.00014569521469155554
0.00014570035115604908
0.00014571716007697431
0.00014574190972010617
0.00014611524871488982
0.00014656949716310649
0.00014683457599399695
0.00014691697710144812
0.00014649917058638087
0.00014621765242741876
0.00014592837157226512
0.00014550182140556282
0.00014499244219718998
0.00014444285620231654
0.00014381514769841686
0.00014355633429215253
0.00014344925392140214
0.00014383329499385584
0.0001448964043392753
0.00014614393983001703
0.00014742653828127495
0.00014871957850163875
0.00015001651362684588
0.00015113583994533946
0.00015031214080261286
0.0001497566339962129
0.0001488155614539401
0.00014773448105147739
0.00014663454894886494
0.0001455300444496279
0.00014442797633681942
0.00014332441262002128
0.0001422221456073524
0.00014112264442065912
0.0001400195305054852
0.00013891508915793747
0.0001378121645285163
0.00013670722532411437
0.00013560132863007563
0.00013416053364038747
0.000132664048700216
0.00013129807510551481
0.00013028859556485633
0.00012930861357557635
0.0001284452824678359
0.00012750402033632325
0.00012645701665537967
0.00012490974538538255
0.0001231653561224733
0.00012118336272926585
0.00011918072466622649
0.00011718555628523119
0.0001151943947858201
0.0001134085389019992
0.00011205154729739005
0.00011082460339365245
0.00010961281669129411
0.00010838349253184447
0.00010687045077940566
0.00010481221534292268
0.00010264411856207649
0.00010016812775324655
9.724598048149788e-05
9.418696386779452e-05
9.104303720882748e-05
8.795324017535381e-05
8.492577786911977e-05
8.219883769494455e-05
7.956798976325926e-05
7.696456373498657e-05
7.31475650303576e-05
6.91580030960964e-05
6.678782626906658e-05
6.474104093521488e-05
6.288941812376258e-05
6.119296496310122e-05
6.032234951196363e-05
5.987280145750026e-05
5.950330083114601e-05
5.922900801438791e-05
5.904923267466245e-05
5.895906741314604e-05
5.924831548387492e-05
5.978987814344039e-05
6.0454454943777143e-05
6.123365618544275e-05
6.213232400671682e-05
6.314821979382766e-05
6.402271970221052e-05
6.552648388523107e-05
6.64553430657616e-05
6.694363470179992e-05
6.74809807850109e-05
6.770474186278747e-05
6.741922922753443e-05
6.689686565543856e-05
6.64215955885366e-05
6.589487833310064e-05
6.546266676614856e-05
6.507015889913949e-05
6.472712141788774e-05
6.443219275978982e-05
6.418846431915894e-05
6.399856766212837e-05
6.38683172858171e-05
6.379643634251717e-05
6.358138218233576e-05
6.338666918793588e-05
6.326843612209699e-05
6.297729692407732e-05
6.291264733840271e-05
6.29614619358916e-05
6.313821516775444e-05
6.344301381622531e-05
6.39018289347721e-05
6.451574326770994e-05
6.526732088741908e-05
6.611677367764459e-05
6.710550140624183e-05
6.825232574904223e-05
6.955602204512372e-05
7.102006573169359e-05
7.264092302747587e-05
7.442823232310589e-05
7.638432386923465e-05
7.850964067628902e-05
8.07278030604103e-05
8.278721187349502e-05
8.505485453676613e-05
8.748164929452864e-05
9.007964551017322e-05
9.329172223464072e-05
9.686432348796714e-05
0.00010041777512292675
0.00010396072988995803
0.0001075341119718527
0.00011122638941083972
0.00011510465728045715
0.00011908314817039692
0.00012295839100181274
0.00012664825746632133
0.000130383113508203
0.00013418738894867488
0.00013806775358466994
0.00014189823320922009
0.0001456943645552313
0.0001497287508412513
0.00015443518275425836
0.00015888752167281982
0.00016180044076121317
0.00016323378112423798
0.00016347199688522763
0.00016425779145990834
0.0001643920089113582
0.00016451172501372234
0.00016461969386966758
0.00016486991456037169
0.00016536241975315723
0.00016610163231512234
0.0001668947631218531
0.00016770015543334253
0.00016851760195284214
0.00016934660905622062
0.0001696102799758933
0.0001695410585591803
0.00016948779234612788
0.00016873313786088301
0.00016774601619379617
0.00016670428053857132
0.0001656549873969376
0.00016461356359236565
0.0001635739757170809
0.0001625642493992949
0.00016192170032928665
0.00016136447665842158
0.00016119132194035302
0.00016172926405614538
0.00016281669978818623
0.00016423514011073884
0.00016588572072008585
0.00016766879869340877
0.00016953081017468083
0.00017144190917195242
0.00017338701397157373
0.00017535208811511333
0.0001773419629823662
0.0001793462163298443
0.00018140233836792244
0.00018346526660830933
0.00018549659528409597
0.0001875548142277883
0.0001896297053510918
0.00019130083772868556
0.00019294550852976165
0.00019473744849430382
0.00019661944292437064
0.00019855358031206166
0.00020052302493089167
0.0002025203883425698
