5.670847617523138e-05
5.209946353425543e-05
5.436277556490101e-05
5.5451106453881505e-05
5.637115274459919e-05
5.725296117434815e-05
5.8133313642410784e-05
5.90103304531992e-05
5.988725352076548e-05
6.0751511820900666e-05
6.176766846553548e-05
6.282231308996457e-05
6.388681862357849e-05
6.49514263023841e-05
6.594360786159463e-05
6.690100947334915e-05
6.783619262187974e-05
6.875319879852876e-05
6.965142504520719e-05
7.075087778847657e-05
7.207028991022055e-05
7.348805096686734e-05
7.493217484341265e-05
7.637811682759093e-05
7.781336897167852e-05
7.922933324693167e-05
8.060478042376412e-05
8.184535824181885e-05
8.3024562281391e-05
8.416159157644747e-05
8.529474499836458e-05
8.656195159262271e-05
8.78560162055298e-05
8.91517981679585e-05
9.04286514635781e-05
9.175699122296836e-05
9.312644989177627e-05
9.463374187427032e-05
9.594877348866062e-05
9.719727611862064e-05
9.840677489743446e-05
9.955693453375292e-05
0.00010066547673212299
0.00010174006397212888
0.00010278413947745557
0.00010382332350522639
0.00010484066767897852
0.00010586208512148893
0.00010686482670129482
0.00010781954063947938
0.00010873705733740375
0.0001095445570278504
0.00011022853717183649
0.00011084821799829878
0.00011143169566063653
0.00011198124982717713
0.00011239348187957927
0.00011258764843021862
0.00011296165883773157
0.00011336297357763092
0.0001139474819562068
0.00011462275879264376
0.00011530613337424753
0.0001159762199684379
0.0001166292772481908
0.00011726450456466115
0.00011761503456033421
0.00011642625313842384
0.00011484443026477784
0.0001131347460699767
0.00011137031461847048
0.00010958414632214884
0.00010777447118684742
0.0001059473152380408
0.00010412543657220086
0.0001023084118811446
0.00010118782726041472
0.00010012777833440188
9.902192168554965e-05
9.780776732704836e-05
9.650914596369823e-05
9.522122405406247e-05
9.391215397916262e-05
9.259309783372142e-05
9.126257874256347e-05
8.992303158226331e-05
8.862887247303226e-05
8.756143451617426e-05
8.651656692455973e-05
8.544556309924691e-05
8.436781502892539e-05
8.306282746760705e-05
8.169359108814336e-05
8.040668646083367e-05
7.927631400914752e-05
7.698663601416235e-05
7.495171324581104e-05
7.290510454755465e-05
7.089248626482285e-05
6.889592144460864e-05
6.653845110919207e-05
6.432823611422611e-05
6.252207913287936e-05
6.148277638536654e-05
6.11241673884433e-05
6.094628567998467e-05
6.085859210367391e-05
6.081244915929133e-05
6.099189348620487e-05
6.104039617624039e-05
6.065103541129737e-05
6.026724399240543e-05
5.989170395875055e-05
5.95949475251715e-05
5.935685644302299e-05
5.913102320950571e-05
5.8906266273506e-05
5.866479590447426e-05
5.842053519796606e-05
5.816837873858457e-05
5.7912322732585994e-05
5.765318054164358e-05
5.746288428706094e-05
5.735872463518e-05
5.7270557986203106e-05
5.703942739397881e-05
5.658412855184399e-05
5.601135646470051e-05
5.5406479265810006e-05
5.479428188193349e-05
5.418061294054051e-05
5.356716004950212e-05
5.333093417821523e-05
5.343467553179492e-05
5.3622579108342093e-05
5.383917101604051e-05
5.407017897026574e-05
5.444856617104009e-05
5.502793194299823e-05
5.566545824538066e-05
5.63433797270431e-05
5.705326082474037e-05
5.7837070256108435e-05
5.857443619722104e-05
5.930878008652082e-05
6.004107282614788e-05
6.0795313792069074e-05
6.15749966925187e-05
6.237851646285865e-05
6.320234985181356e-05
6.368725097281497e-05
6.36611065086434e-05
6.355338518692246e-05
6.343389321898386e-05
6.332512160109483e-05
6.346998189143858e-05
6.392132613306477e-05
6.445259284342347e-05
6.500472339104162e-05
6.556773018931639e-05
6.613854368745164e-05
6.672034072520694e-05
6.731186770489147e-05
6.791210904333724e-05
6.852237225751665e-05
6.872768507470121e-05
6.80964816035705e-05
6.718921875209312e-05
6.640492426143236e-05
6.570336981745344e-05
6.501645131539867e-05
6.39400464938894e-05
6.272328404403287e-05
6.14972196028311e-05
6.0374667184085284e-05
5.927043861287472e-05
5.888742673193303e-05
5.900265605012875e-05
5.932393164411143e-05
5.962282128880751e-05
5.9898745598494554e-05
6.011876643099419e-05
6.035161094883117e-05
6.0597692099533645e-05
6.0864187339098314e-05
6.11504222627913e-05
6.146035166252702e-05
6.186045174783672e-05
6.233281036190846e-05
6.283895329982848e-05
6.349324030452133e-05
6.374671415543094e-05
6.366715762833633e-05
6.352717966360501e-05
6.340151332265764e-05
6.314302222850689e-05
6.284957632188877e-05
6.252167044715964e-05
6.201624858683028e-05
6.143142158041091e-05
6.084474504982617e-05
6.032962510345834e-05
5.981836442170744e-05
5.937648301827382e-05
5.911007417083796e-05
5.897854115931479e-05
5.888415360667047e-05
5.8799907709469726e-05
5.8722579607383123e-05
5.8650755034371046e-05
5.8585893268730356e-05
5.8529252498783826e-05
5.84789983048187e-05
5.839720081642102e-05
5.769083080918681e-05
5.698292251386214e-05
5.632255064120233e-05
5.5687378294030104e-05
5.506625954453294e-05
5.4585784101082965e-05
5.431247134020228e-05
5.401839440484947e-05
5.370162503056057e-05
5.3429805174268235e-05
5.312970406074831e-05
5.278780092545926e-05
5.239463190699902e-05
5.199102268544155e-05
5.159587241172454e-05
5.1209935621798486e-05
5.083458967849808e-05
5.046789887746339e-05
5.011418452539186e-05
4.96565242725513e-05
4.930252376044711e-05
4.9169555964949754e-05
4.90647059763603e-05
4.893725763837193e-05
4.875456185490775e-05
4.843890050041326e-05
4.8068119256814996e-05
4.7699743055915265e-05
4.741657635915869e-05
4.735823671316684e-05
4.739742051161432e-05
4.7491231552855215e-05
4.763878439475304e-05
4.793783620244542e-05
4.8289030484484794e-05
4.86458922955826e-05
4.899621152764048e-05
4.922718808187762e-05
4.906454085202905e-05
4.898616931717708e-05
4.896250459434271e-05
4.8932240762237165e-05
4.889741329509243e-05
4.8907125114235634e-05
4.894333311732616e-05
4.899262438394134e-05
4.905140799565429e-05
4.912072604591928e-05
4.919697033290308e-05
4.928040686117447e-05
4.937138978760833e-05
4.9407958491173254e-05
4.935498107896663e-05
4.893560339482848e-05
4.840251075848783e-05
4.7897169915044795e-05
4.7425840911259056e-05
4.697058379602928e-05
4.653541111480468e-05
4.6158188566089935e-05
4.574038220952959e-05
4.532979935361367e-05
4.505907988275856e-05
4.480144091536363e-05
4.4543097705269165e-05
4.429056398643284e-05
4.404273636160465e-05
4.3632675798847904e-05
4.31180364233849e-05
4.246576862981187e-05
4.184305806486187e-05
4.128053099684078e-05
4.075763662494303e-05
4.0262976301839274e-05
3.983394541270321e-05
3.96082125239871e-05
3.947426096570412e-05
3.938291770254596e-05
3.969541644894127e-05
4.0125747778492874e-05
4.053018679774964e-05
4.0945271262328946e-05
4.138405596444868e-05
4.184394477902951e-05
4.232653431769076e-05
4.283026287922004e-05
4.353267057514062e-05
4.467485261600359e-05
4.548921361795196e-05
4.656198223556861e-05
4.7792709230460194e-05
4.912667526897159e-05
5.05334501373033e-05
5.199953605163658e-05
5.351901079566875e-05
5.5091476687273386e-05
5.6715270710776524e-05
5.833510863466381e-05
5.990492301849641e-05
6.130877646702233e-05
6.278444558509725e-05
6.433575871707659e-05
6.586686657069298e-05
6.748996870725804e-05
6.926276498597561e-05
7.113742715385177e-05
7.275734375533233e-05
7.420151653366739e-05
7.564479532961026e-05
7.711648605188975e-05
7.863836367625338e-05
8.021619456510687e-05
8.185352975074572e-05
8.355502320130527e-05
8.531995524860148e-05
8.714832771905906e-05
8.921321004482057e-05
9.11649947759057e-05
9.310688659876044e-05
9.507195014401846e-05
9.707564459208148e-05
9.912412336303694e-05
0.00010121248893431207
0.00010334474542610218
0.00010550950957457318
0.00010767876461972793
0.00010990034513499217
0.00011217471848286356
0.0001144968894171527
0.00011686770289215718
0.0001192825831912888
0.00012174539811772803
0.00012425947929544732
0.00012682479320820871
0.00012944076169561994
0.00013181552082574372
0.00013413210654416165
0.00013647503016985064
0.00013880283256455266
0.00014090689868482393
0.00014306532902292056
0.00014527127962471448
0.0001475221627158657
0.0001498041964594975
0.00015194670619278575
0.00015408543126747788
0.00015627763248791146
0.00015855658258708742
0.00016068196067490348
0.0001620167348073371
0.0001619607010492925
0.00016118770900833138
0.00016016033593279087
0.00015888876643806543
0.0001575793274016689
0.00015627904186581097
0.00015515313562585118
0.00015359649560031208
0.00015198869406897998
0.00015036405554435042
0.00014875495417576685
0.0001471599585729188
0.00014558145027199746
0.00014402236786208994
0.0001424800128409421
0.00014095519757640623
0.0001394538681045081
0.000137968614565539
0.0001364941596546856
0.00013444335354767926
0.00013206696398894237
0.00012944981045116545
0.00012716650508388727
0.00012524607577234632
0.00012356845653400183
0.00012201737322653077
0.00012057997828631128
0.00011931770438636347
0.00011830450463211928
0.00011767839154511294
0.00011792111265016949
0.00011831574680860531
0.00011874110283441907
0.00011921879448121004
0.00011974044553268867
0.0001202961803818656
0.0001208744700399283
0.00012147340085414687
0.00012209312541868036
0.00012237468673093746
0.00012272579200901327
0.00012328309820519578
0.00012396824260670032
0.0001247262360625425
0.00012551318404627096
0.00012625206051045682
0.00012695476174888606
0.00012768900401303391
0.00012819767282170753
0.00012857851321502166
0.00012902082688609595
0.00012950693206501815
0.00013001677094781416
0.00013054031815388383
0.00013123514243320575
0.00013300656078040615
0.00013496617172237578
0.00013699366014286382
0.00013905716144469376
0.0001411484109674809
0.0001431524732358912
0.0001447322079394121
0.00014582905971244244
0.00014665752449007782
0.0001473696156722127
0.0001482006933585167
0.00014914737488738408
0.00015014345550022447
0.00015113484261655103
0.0001521427425565481
0.00015316263491194527
0.00015418810103130597
0.00015521508971986275
0.0001562469232999576
0.00015728004466486663
0.00015825066535598775
0.0001592027513236858
0.0001602242957216701
0.0001612028581167997
0.0001621510772659931
0.00016288714644928536
0.00016311594117794534
0.00016311207016751273
0.00016401263837140397
0.00016445501780070864
0.0001646017565165354
0.00016428381111525955
0.00016362964596711234
0.00016261875603320745
0.00016139379829502467
0.0001603145911900585
0.000159424953494111
0.00015870259095681602
0.00015808258048074632
0.0001575175307740747
0.00015698838810747617
0.0001564854760924327
0.00015601176866470367
0.0001555589695857676
0.00015518658712755358
0.00015492897640561652
0.00015447569357578125
0.00015398664101169053
0.00015350948274384235
0.00015315630537140456
0.0001537499191641462
0.00015620809226729024
0.00015931567522778535
0.0001625303571692838
0.00016579616604233787
0.000169122576999056
0.0001725189168635653
0.00017464694016265016
0.0001760410735136306
0.00017725250007086837
0.0001784272680918943
0.0001796080160990846
0.0001808021929345674
0.0001820181979042223
0.00018324689622278812
0.0001844962606001406
0.00018576124531497317
0.0001873575326284473
0.00019001934922085006
0.00019287126950990978
0.00019577607244566892
0.0001986945034509727
0.0002015833524754849
0.00020446990869433325
0.00020736658508464263
0.00021008892634950547
0.00021271523790059125
0.0002153392760480789
0.0002179752196578268
0.00022061838366249615
0.00022302439980193217
0.0002249246275043605
0.00022515286497287322
0.00022489779754916365
0.0002245821833236148
0.0002243570226065373
0.00022455950664663856
0.00022478781341576123
0.00022500157122062767
0.0002252039513545318
0.00022539970149641913
0.00022558327204706544
0.0002257578477503721
0.00022563708968975583
0.0002244217766142005
0.00022320318011692254
0.00022201415730319156
0.00022083261922352135
0.00021965051341588262
0.00021847106034115073
0.00021729519317628286
0.0002161181503536132
0.00021494062203484637
0.00021376490274053241
0.0002125902096429427
0.0002114119113898709
0.00020999557159457659
0.00020809177132696168
0.00020622063470643093
0.0002043842158072224
0.00020257180986611414
0.00020078155404303124
0.00019901291807894477
0.00019726842647651172
0.0001955439415648086
0.00019384240999865626
0.00019216198076390986
0.00019050171627128497
0.00018886356241653665
0.00018724345202628017
0.00018564633156996664
0.00018407193078662256
0.0001825328974270489
0.00018108993570040122
0.00017976665476626618
0.0001789593384934395
0.00017836613080639158
0.0001777753800764102
0.00017717742800372986
0.00017648482722158314
0.0001758247740665353
0.0001751716124194867
0.0001745313130566087
0.00017391084806231874
0.00017333757054514493
0.0001727794710789101
0.00017222877139495363
0.00017168932278835203
0.00017116464709066622
0.00017064648317278926
0.00017014009250398575
0.000169647399426145
0.00016916647374658425
0.0001686932429858481
0.00016823465947049413
0.00016778420473377605
0.0001675591072581975
0.00016764503462273712
0.00016774754335244766
0.00016761478132574267
0.00016707567866350653
0.0001665578727903374
0.0001660209221177209
0.00016544822124174208
0.00016488569016445974
0.00016430834032808903
0.00016372554067901456
0.00016313440010509478
0.00016253582042014363
0.00016189693114137638
0.00016124421223593632
0.00016054425952805753
0.00015973976276633826
0.00015894421502189704
0.0001581337923059174
0.00015731533246808311
0.00015640859178997854
0.00015542176579088062
0.00015451379764493966
0.00015374090501045173
0.00015293153831914588
0.0001518620226642062
0.00015072387489340445
0.00014943433244571098
0.000147789830499492
0.0001460369096529267
0.0001444221637257325
0.00014310349925865596
0.0001418003722763132
0.00014039300294149557
0.00013886628015720255
0.0001379912258284697
0.00013738268665228976
0.0001367916439507022
0.00013626890113803056
0.00013604400526725504
0.0001358349461029604
0.00013582661376542582
0.0001357887182683089
0.00013518005869746626
0.0001341967487235465
0.00013334887954314406
0.00013015009258367263
0.00012642546773985964
0.0001226966535687617
0.00011896974117541131
0.00011524156731236893
0.00011151742616910961
0.00010780309489393811
0.00010409945721925591
0.00010041007713334176
9.674320689042239e-05
9.335370263530401e-05
8.996572318021489e-05
8.66020719053996e-05
8.339957451879538e-05
8.061922444264755e-05
7.89903069048461e-05
7.732902549765659e-05
7.586755566276016e-05
7.435894873574075e-05
7.294482627579289e-05
7.151846758239663e-05
7.009649831767033e-05
6.870233447874316e-05
6.733290727764547e-05
6.599370323579492e-05
6.478396967037845e-05
6.359268542915808e-05
6.152547624301672e-05
5.902114723937597e-05
5.690814051768674e-05
5.479483935906085e-05
5.2723684244134005e-05
5.109373826450863e-05
4.9476370056147406e-05
4.7904306086956285e-05
4.6380465931023445e-05
4.474868768812764e-05
4.257059487666215e-05
4.002592068507975e-05
3.8426025542385035e-05
3.653707805032317e-05
3.4758311086222064e-05
3.309116570477335e-05
3.1539830931830955e-05
3.0069379926127254e-05
2.8262905032035596e-05
2.698146716335303e-05
2.6530788098933937e-05
2.5609218311424092e-05
2.477045377842946e-05
2.4030863752806288e-05
2.3414011286574817e-05
2.2970107870100315e-05
2.2530239729673757e-05
2.2423585416101756e-05
2.3006639252968064e-05
2.3769323373636146e-05
2.5561544729842564e-05
2.7454163376307314e-05
2.9434634862167374e-05
3.168334619134931e-05
3.3966509073177276e-05
3.6285603387828026e-05
3.868414610261152e-05
4.1356507432367936e-05
4.352084512952372e-05
4.578883693429366e-05
4.811426839609913e-05
5.051114049684271e-05
5.304935763942201e-05
5.574612838539717e-05
5.755883580096916e-05
5.9179601720204225e-05
6.0583727838659296e-05
6.153620393210226e-05
6.231150581295307e-05
6.241511296776087e-05
6.239410317382289e-05
6.206235801597101e-05
6.221382675838985e-05
6.226875602878285e-05
6.203732534640169e-05
6.239186972062766e-05
6.377612917336091e-05
6.487981530389227e-05
6.594070971616714e-05
6.700984136476685e-05
6.748276269511452e-05
6.793816196714118e-05
6.86586864485683e-05
6.932670769473362e-05
6.998672536391972e-05
7.06055161919318e-05
7.118205580138197e-05
7.182216968100326e-05
7.244358384685947e-05
7.297373722681713e-05
7.347818762293754e-05
7.37605125398333e-05
7.393612776618306e-05
7.408014333616218e-05
7.420231889571044e-05
7.431348911031851e-05
7.45686507946232e-05
7.488492101714633e-05
7.522138204998147e-05
7.557402892779577e-05
7.594148375870449e-05
7.628374363001946e-05
7.652178724315244e-05
7.655629273575468e-05
7.667607978010419e-05
7.681906176678831e-05
7.697710507495455e-05
7.716458304341213e-05
7.791869995683286e-05
7.934495957457718e-05
8.10369311825457e-05
8.287564458375198e-05
8.481423329488647e-05
8.640693454919438e-05
8.793614616100866e-05
8.953572836932228e-05
9.119815496543688e-05
9.292213887340842e-05
9.470456248597654e-05
9.65427249256896e-05
9.843567218957514e-05
0.00010046844058850713
0.0001026761825311624
0.00010496129729306914
0.00010730267380535037
0.00010969193722143435
0.00011212885414322943
0.00011467323044715077
0.00011742920223327937
0.00012019027093988306
0.0001229922819289921
0.00012584364672127773
0.00012874812993307676
0.00013171815999465903
0.00013474041698104846
0.00013800091393294527
0.00014145442968790917
0.00014499104585555145
0.00014860107386890014
0.00015223833279978026
0.00015590181482579092
0.0001596084505326278
0.00016335995363481144
0.0001671358051868534
0.00017057064754185248
0.0001738233931645184
0.00017702444003485859
0.0001802254856284326
0.00018344764228395244
0.00018669456588813778
0.0001899712144806792
0.00019302443099190148
0.00019574834945426754
0.00019832262520942307
0.00020083033182850574
0.00020326593051163156
0.0002056674065205937
0.00020802424006461994
0.0002103470611479704
0.0002127907226816455
0.0002155749478292875
0.00021844544726753307
0.00022127518382941775
0.00022393465498188648
0.00022653091618204984
0.00022909186640579163
0.00023145987220678352
0.00023369635989377513
0.0002358633303919329
0.00023801120022209863
0.00023991271694811627
0.00024153176942576484
0.00024302715344705665
0.00024444354301640994
0.00024577627963742645
0.00024704483236558
0.00024827675544225933
0.0002494134096672945
0.00025035959845455026
0.00025134344680288376
0.0002523658068001288
0.00025104878426998915
0.0002485812679885111
0.000245811886450859
0.00024229327338179299
0.0002384084716214352
0.00023394354114401043
0.00022905952298280338
0.0002242912439370892
0.00022029540930377877
0.0002164081720623927
0.00021255027490150183
0.00020867090516022915
0.00020484026456351435
0.00020107754891056495
0.00019736148198574335
0.00019367760612515463
0.0001900307826805291
0.00018641623125250186
0.00018279250412492822
0.00017914004320238725
0.00017556610742253437
0.000172124476978576
0.00016865333276261035
0.00016522717255850215
0.0001618401653093681
0.00015900603935523676
0.0001576158039914422
0.00015623201979124573
0.00015497226822307918
0.00015380814102391346
0.0001527091158280122
0.00015163713343427132
0.00015075341415130431
0.00014964118062511946
0.0001485545117584017
0.00014850842751024503
0.0001491526640647987
0.00014995828018872406
0.0001508168514954285
0.00015168424505971644
0.00015254943892965367
0.00015340962373752693
0.00015430008665073017
0.00015517427688363587
0.00015600987816236355
0.00015650546607972766
0.00015703040304493839
0.00015742453744592818
0.00015704250472714813
0.00015650830422261054
0.00015592132993404387
0.00015584644755125223
0.0001561567943393692
0.00015628486454690805
0.00015646620982469287
0.00015684916166260727
0.00015744771748804902
0.00015859030255104873
0.00016108609811149393
0.00016368168285821582
0.00016633707370297747
0.00016902957769753725
0.00017175673637233676
0.0001745261240772015
0.00017757274754056528
0.00018068140056551243
0.00018384548319335693
0.00018705551042107768
0.00018892934804946447
0.0001904838609461261
0.0001916904818306345
0.00019274150116755563
0.00019378781006203916
0.0001948540061695957
0.00019592928495053044
0.00019663802357083605
0.00019566455621174958
0.00019442445587063715
0.0001931318267393536
0.00019184562409077787
0.0001905792499044477
0.0001893413842833046
0.00018794716325380424
0.00018658274280757784
0.00018526145402459048
0.00018397613448620123
0.00018283472465302505
0.00018120901631093887
0.00017853950231408664
0.0001753465844801562
0.0001719217126861613
0.00016898619023678592
0.00016704600623951445
0.0001652696852396979
0.00016354734477938852
0.00016186252398207694
0.0001602129641444626
0.00015856263773196078
0.0001568721760012801
0.00015515382416293034
0.00015318047291579796
0.00015170529732646735
0.0001503054058642954
0.00014891276031317251
0.00014713218854771066
0.00014499680667938648
0.00014282523563290562
0.00014068043236365612
0.0001385911182181417
0.00013834251555524632
0.0001389432648851571
0.00013982854098762372
0.00014084317791113706
0.00014173234843579068
0.00014187102817421156
0.00014165160757927537
0.0001415743797437118
0.00014124744421118238
0.00014080169195004324
0.00014029498421529152
0.00013954729357801404
0.00013854026362658805
0.00013748325563740148
0.0001364457271073754
0.0001354635292934022
0.00013457074754852634
0.00013376903016036056
0.0001330227198694844
0.00013231273176683033
0.00013165094945093573
0.00013106977153643418
0.00013073203367124493
0.00013067150352178835
0.00013070159065874082
0.00013075414481419467
0.0001308175482151203
0.00013088800788339938
0.00013095972230050472
0.00013098627881814715
0.00013107192694863164
0.00013136598019583746
0.00013193593853369061
0.00013243621893908606
0.00013266316593656474
0.00013262514307712508
0.00013253954831924026
0.0001324780033991288
0.00013280358528247263
0.00013303850223975088
0.00013282593230352132
0.00013316610941770723
0.00013362688954726026
0.00013409481643655467
0.0001345650790312194
0.0001350273775129727
0.00013594241208134697
0.0001370322815549288
0.00013815315876917399
0.00013927281119013526
0.00014038141759460234
0.00014149273571950762
0.0001426123210859545
0.00014373503380334094
0.000144731351990843
0.00014441527497275163
0.0001438164705607686
0.00014317329089630202
0.00014252198785731683
0.0001416956911749523
0.00014080912853184493
0.00013991247535473567
0.00013898432149044948
0.0001380268030594124
0.00013706453958147027
0.00013610531743473824
0.00013514246901430934
0.0001341795893525737
0.00013331205485891964
0.00013242422938805783
0.00013118481536147442
0.00012978310886228416
0.00012849197512756878
0.00012729241448468473
0.00012607624844199162
0.00012484305171701785
0.00012350007631186532
0.00012206982738378316
0.00012059906128202895
0.00011911511453003186
0.00011762915260393542
0.00011614647447782373
0.0001146506295451323
0.00011300109735275276
0.00011134693000262043
0.00010969801741581648
0.00010805401361590626
0.00010655688863634203
0.00010543730850395564
0.0001044281082130738
0.00010344066137133832
