9.522746848654249e-05
4.943652355320548e-05
5.5901406390236627e-05
5.810502127834294e-05
6.40677192658683e-05
6.820265652791117e-05
7.33433154980637e-05
7.849501812318244e-05
7.916652065409019e-05
7.948191154569108e-05
7.981391865795106e-05
8.023746432069036e-05
8.068877175698103e-05
8.156749864652744e-05
8.256770441779739e-05
8.356701500468606e-05
8.455270555769671e-05
8.542483776889577e-05
8.658847728317166e-05
8.738965831573865e-05
8.799432495305265e-05
8.789451281924072e-05
8.743966225609415e-05
8.690029465138307e-05
8.649068775978431e-05
8.633933580317913e-05
8.616671467006332e-05
8.587098070759893e-05
8.245486130997733e-05
7.806896013984587e-05
7.347526613132405e-05
6.882930153360284e-05
6.424221551174468e-05
5.9970170791710144e-05
5.6102027451924623e-05
5.215962743284387e-05
4.988245361995725e-05
4.9293813107370535e-05
4.9156597950545443e-05
4.917849456773942e-05
4.958161865211112e-05
4.988768559746983e-05
5.016796650643069e-05
5.016641604799279e-05
4.977558853648639e-05
4.858933551821656e-05
4.736055378029821e-05
4.62200714465989e-05
4.525075776676358e-05
4.459339360051561e-05
4.435254094240805e-05
4.4480141846864964e-05
4.5256967569025994e-05
4.70687225551058e-05
4.92526023176936e-05
5.1425977300616915e-05
5.362629822487229e-05
5.587197744907757e-05
5.8186729269246704e-05
6.060373817030315e-05
6.300951754431266e-05
6.29897025952896e-05
5.8382474325489535e-05
5.681993933736877e-05
5.386989555279492e-05
5.2518428207095874e-05
5.376327831393543e-05
5.5682121763514934e-05
5.756984420339616e-05
5.7914857403555904e-05
5.92445776187034e-05
6.141899477663014e-05
6.442284755849629e-05
6.753306778595058e-05
7.116759622324148e-05
7.481532807521482e-05
7.863286407124059e-05
8.266546577650255e-05
8.655694210799763e-05
9.069751572627886e-05
9.510621405640126e-05
9.654930977527601e-05
9.702429108519102e-05
9.85750149938411e-05
0.0001000538340357647
9.944838547175394e-05
0.00010108084089527534
0.00010398688449208532
0.0001031647074571902
0.00010238981686214876
0.00010135355848628705
0.00010036090253839232
9.948180537392679e-05
9.871711425458077e-05
9.807061304580428e-05
9.740491570614041e-05
9.662949502390259e-05
9.59669889350605e-05
9.404383765566859e-05
9.020448331528854e-05
8.59870350223343e-05
8.156709753463971e-05
7.718534146692354e-05
7.308754704027696e-05
6.971824432564243e-05
6.677443638382696e-05
6.409160056511464e-05
6.232576567164068e-05
6.0919767963544595e-05
5.958220889938734e-05
5.8502869819473775e-05
5.7655889843455095e-05
5.619609993835431e-05
5.510482730404601e-05
5.420331125854143e-05
5.3302086578794534e-05
5.248143269123104e-05
5.2255122697911246e-05
5.215655381571538e-05
5.228700336646509e-05
5.123934300134257e-05
5.040263511617277e-05
4.913073743482642e-05
4.815759508579526e-05
4.666187624017935e-05
4.536195549842639e-05
4.392392140811607e-05
4.259357586082684e-05
4.14361142580263e-05
4.102942595052675e-05
4.114175026728304e-05
4.3131949631181685e-05
4.656689034624346e-05
4.966499833706572e-05
5.4473768200329966e-05
5.9110042017145e-05
6.30691028880417e-05
6.746696793856248e-05
7.141612768114435e-05
7.44895193154367e-05
7.817713976927534e-05
8.219804939388192e-05
8.642279205671619e-05
9.073549043610429e-05
9.530147518255211e-05
0.00010007971851456804
0.00010505516960195038
0.0001103188174557669
0.00011591567076223608
0.00012203003254564548
0.00012842660102816174
0.00013224426637834755
0.00013645197639731036
0.000140442652500728
0.00014515564400470054
0.0001494331738998931
0.00015258388745496894
0.0001544623291066901
0.00015510617138530516
0.00015591894839775522
0.0001582150230569574
0.00016085544292267928
0.00016349656752035407
0.00016606474901643349
0.0001682372077744328
0.00017019118220780804
0.00017201701665149716
0.00017332124001851284
0.00017525281652553833
0.00017959942280154834
0.0001850014963773931
0.00019055795478186964
0.0001965338399436605
0.00020274374058597923
0.00020779637042003777
0.00021194018661164455
0.00021637655174917025
0.00022092832556315522
0.00022533253831447144
0.0002295225447825804
0.00023272038215826042
0.00023593610180540635
0.00023987778693277092
0.0002444617881134707
0.0002490049017043484
0.0002541861016510143
0.00025984343518297033
0.00026603858860697584
0.0002720752577162754
0.00027719437119417916
0.0002780266615998686
0.00027381021513680354
0.00026971579441418186
0.0002682000516073019
0.0002695493134690083
0.0002724663870253555
0.00027627586917445965
0.0002810116392704969
0.0002873371704662634
0.0002935768864881823
0.00029849194284987257
0.00030273318176726483
0.0003064364762711127
0.000310026216696819
0.0003205079634715702
0.0003284251904166267
0.0003298691010326384
0.00032834046952664916
0.0003264230593323061
0.00032459931260546334
0.00032577661716519363
0.0003297365901429578
0.000333320041248835
0.00033662932823008484
0.0003368262223293963
0.0003340420081943842
0.0003273518925428965
0.0003199632935927202
0.00031399300198372887
0.00030826863710630223
0.00030233352499678856
0.000296400381754133
0.00029050314435851636
0.0002846310349030588
0.0002790198018539532
0.0002736008675748395
0.0002682545413761728
0.0002629287696927578
0.0002576024388416582
0.0002525200772756656
0.0002477825028388152
0.00024268225262091578
0.00023850357632450883
0.0002354818925929382
0.0002321144715348279
0.00022830356270147804
0.00022451559863943566
0.00022039864629498236
0.00021584686743042708
0.00021098979579473205
0.00020598084140722704
0.00020086629901153158
0.00019570864178573082
0.0001905199098068483
0.00018434492001474467
0.00017757784371168632
0.00017081899058584847
0.00016369758762497543
0.00015715801577908191
0.00015108626899501554
0.00014645439029715624
0.00014155732411932467
0.0001372640417388075
0.00013507251546398494
0.00013238157388134977
0.0001300008470647521
0.00012767606188252782
0.00012245753916558755
0.00011627683405941913
0.00010972925677539894
0.00010285970427207403
9.737928093509198e-05
9.521412198187775e-05
9.008216537995196e-05
8.492110525328746e-05
7.974802267213499e-05
7.465433273998637e-05
7.04600914902972e-05
6.636236879321352e-05
6.233456515199e-05
5.818143180329319e-05
5.3657184332056974e-05
4.9622709906429343e-05
4.67236345254381e-05
4.4263524007915204e-05
4.1111776417578565e-05
3.747718094503031e-05
3.548174129473663e-05
3.4522051450761965e-05
2.894417394564593e-05
2.3881064073023004e-05
2.194611145694612e-05
2.046814023665887e-05
2.1002549227847887e-05
2.1138982817584064e-05
2.300739591727615e-05
2.5974699315590244e-05
2.903987921515152e-05
3.265344745403427e-05
3.695546323464059e-05
4.12563640189688e-05
4.604280280101335e-05
4.803751280060909e-05
5.051449247804826e-05
5.500902093747054e-05
6.052641016788159e-05
6.897287742087504e-05
7.209914849852338e-05
7.539215609939347e-05
7.80805179676942e-05
7.923686856007691e-05
7.746386431232566e-05
7.673982061783948e-05
7.565041463972358e-05
7.469203224705158e-05
7.395810568597047e-05
7.361223019326973e-05
7.36109042581335e-05
7.39913939381585e-05
7.45843500061087e-05
7.479905464264008e-05
7.52689794802254e-05
7.558736545856519e-05
7.473422179103043e-05
7.362732399629352e-05
7.468947420365744e-05
7.729478114299642e-05
8.139319336501299e-05
9.132160599983515e-05
9.752674204117865e-05
0.00010496706466963675
0.00011185074704021465
0.00011983107126974085
0.00012857412178921815
0.00013745348457217034
0.00014754416755442432
0.0001575908922867965
0.00016714417376497621
0.0001728776057965903
0.00017779044711410642
0.00018229495940056604
0.00018649908518740668
0.00019051170541856919
0.0001937988608997113
0.00019665330502425577
0.00019971077319177913
0.00020330026635923464
0.00020701081785532742
0.0002100490123832736
0.00021256372932235975
0.00021355791182860098
0.00021381881942581952
0.00020781561790818317
0.00019892206494416596
0.0001891931709163746
0.00017793303178261763
0.0001666293727385893
0.0001556611686120688
0.00014505066839487143
0.00013743216968843178
0.00013610729306716958
0.00013687303847333848
0.00013749318351137887
0.0001375793851375509
0.00013739922570307192
0.00013733452062693379
0.00013756567943334512
0.00013847207306067302
0.00013986626295010396
0.000141480509625536
0.00014339114455686345
0.00014521108062458566
0.0001469047091078062
0.0001485929074700936
0.0001528218921736077
0.0001564850263260783
0.0001599779781348271
0.00016373741031442416
0.0001667119166629922
0.00016971031648762127
0.0001661228950680588
0.0001626298945377784
0.0001581917536453031
0.00015451335748078543
0.0001504110640710874
0.00014729543720429293
0.00014776120555244306
0.0001480177907513448
0.00014623071580772441
0.00014713061258128733
0.00014760384966416005
0.0001475872996853079
0.00014785082785733627
0.00014861227349825606
0.00014973359681919057
0.00015639547442019674
0.00016322715869157968
0.00017042253550176382
0.00017648403450936623
0.00018342403228091558
0.00018988085463747236
0.00019148170867842182
0.00019479670874794446
0.00019738150932263507
0.00019996760338174252
0.00020011719570705937
0.0002010488937057669
0.00020303339860001143
0.00020321975746992482
0.0002029289695960128
0.00020244575913823894
0.00020197773240267594
0.000201673821407083
0.0002015973194747655
0.00020070911477406453
0.00019445633449889925
0.00018777971615389363
0.0001814643314807493
0.00017612577458726684
0.00017252028784743426
0.00016918545022771272
0.00016603251230644695
0.00016393386365544767
0.00016275345662162277
0.0001601443166154671
0.00015730960040663
0.00015408837286349367
0.00015104425713494878
0.0001488339260218632
0.00014608935550387885
0.0001420981572997639
0.00013823037025565321
0.00013423907653300704
0.00013028202321369026
0.0001264582255401706
0.0001227267492387505
0.00011945651301629583
0.00011762360454370643
0.00011634038132353786
0.0001133141863171705
0.00010945402616812314
0.00010560856076266464
0.00010186045224871969
9.584308960109439e-05
8.747641348700433e-05
7.945552265163881e-05
7.271574286587641e-05
6.665293714673787e-05
6.1226089603068e-05
5.65568636704626e-05
5.5383009250189476e-05
5.6683383617346405e-05
5.731576202755407e-05
5.7434084743244424e-05
5.6995376874991195e-05
5.456433889661809e-05
5.251121122445697e-05
5.061477739819174e-05
4.882692184890731e-05
4.874705485306211e-05
4.876299436057748e-05
4.920340897417077e-05
4.9923222155250037e-05
5.0942144061895376e-05
5.158076590968e-05
5.295194445725235e-05
5.4430391033268834e-05
5.6342613943699004e-05
5.881772341081338e-05
6.216737717971737e-05
6.598101975699012e-05
7.03122713906218e-05
7.514171401674213e-05
8.025213081199694e-05
8.496410411037123e-05
9.009564984225577e-05
9.539663343878721e-05
0.00010053965662905336
0.00010532919867510261
0.00011157875749164045
0.00011725462827730027
0.00012145950886336824
0.0001267039576202132
0.00013287272409720285
0.00013958264748937445
0.00014467784962739905
0.00014751069143102135
0.0001507539495166373
0.00015383565712479312
0.00015746988094051775
0.00016237204630921548
0.0001677458129963398
0.000173326343558252
0.0001791349632182459
0.00018567404483906826
0.00019248448681055325
0.00019935570352384453
0.00020619265254300653
0.00021634537382782934
0.00022671146920610102
0.00023742263238041834
0.0002468201731848798
0.00025650233595453224
0.00026640878572096224
0.0002734753651367397
0.0002813387507977801
0.0002893975113678052
0.00029755624436334687
0.0003046595510758554
0.00031192473490018437
0.00031985327641515746
0.000327445409813494
0.0003327206564128802
0.0003394173187593623
0.00034589142113268436
0.00035230384153317126
0.00035882934643290414
0.00036468989246347114
0.00037020311300787204
0.0003755863276222995
0.00037141704604335
0.0003671566821916381
0.00036537832234232777
0.0003682085391361948
0.0003745866020088961
0.00038324763817365327
0.000391981258940568
0.000400050110963386
0.00040811922600903237
0.0004166356438558438
0.00042663274045039493
0.00043694267914869773
0.00045116035604428643
0.0004634741559415766
0.0004730839704398947
0.00047900982181479956
0.0004757598368706718
0.0004710761995174055
0.00046630595746950605
0.00046098961843083137
0.00045554884189963395
0.000455445289497413
0.0004562494047013897
0.0004565017431905756
0.00045629325186170877
0.000453832400484819
0.00044838684096637027
0.0004422756546387781
0.0004372496455609431
0.0004312719673964946
0.00042396825095330663
0.0004142153195626695
0.00040370109342977614
0.0003933170399562627
0.0003834430564559775
0.00037231911312331185
0.0003611731026973221
0.00035010975458360847
0.0003401360586597419
0.00033056750922152804
0.0003219700389818214
0.00031357419718706204
0.0003051024483424081
0.00029636511896420555
0.0002871748842232941
0.00027627975711910107
0.0002646460484970041
0.0002528756589665947
0.00024151028317981053
0.00023056666104350935
0.00021842266611455185
0.0002077674835916616
0.00019687961756474604
0.0001857617993354668
0.0001746422247734516
0.0001622163662566442
0.0001492884488381545
0.00013708775311535278
0.0001264847830408226
0.00011865016306191882
0.00011166529832602111
0.00010552784977934674
0.0001002503746883283
9.589057952797334e-05
9.150396205500323e-05
8.70750505991159e-05
8.289324970396093e-05
7.793186216851843e-05
7.319143733846526e-05
6.92438470587124e-05
6.725722566173792e-05
6.417821579132813e-05
6.173040736832402e-05
5.9411506205082704e-05
5.6957608794031765e-05
5.4444365577863225e-05
5.1758530295493974e-05
4.988040425524343e-05
4.8971171334393046e-05
4.835960132601325e-05
4.7712250298152654e-05
4.6748300251911774e-05
4.5488564857281583e-05
4.4499728421007955e-05
4.4895323677493624e-05
4.532326544395948e-05
4.529991687703785e-05
4.486958845505463e-05
4.3443975120280994e-05
4.2390035992736676e-05
4.175564946193206e-05
3.931026070102112e-05
3.5233247644507534e-05
3.202916032213543e-05
3.0340613927353417e-05
2.9894985441027968e-05
2.9931806535419128e-05
2.853258688651928e-05
2.64419277327373e-05
2.4494485694000196e-05
2.2974747816343125e-05
2.09082284006194e-05
1.9128855968985027e-05
1.729673616637403e-05
1.5908870323198e-05
1.4995523564630477e-05
1.4244734059532073e-05
1.3596030524819299e-05
1.3074874822742134e-05
1.2712150512351077e-05
1.250721405615259e-05
1.2370784791050781e-05
1.2402923282895005e-05
1.3049629083486819e-05
1.3926472132533475e-05
1.4482423204188986e-05
