0.00011787533146133184
4.778509672291403e-05
5.233910592055485e-05
5.28589923609016e-05
5.385194683612104e-05
5.477944047193735e-05
5.576065262466873e-05
5.7983260657368516e-05
6.189111456894559e-05
6.574836693784614e-05
7.031097653662118e-05
7.514879378805627e-05
8.007243581353188e-05
8.542258844558127e-05
8.91816826858338e-05
9.062029272609767e-05
9.183235618466208e-05
9.316565827211431e-05
9.444165402804033e-05
9.563112392931429e-05
9.672904826653717e-05
9.765325049410987e-05
9.85814932617043e-05
9.955091004523055e-05
0.00010047032164894174
0.00010131114153498168
0.0001020334578491022
0.00010284758113235834
0.00010355205268275613
0.00010385737256162573
0.00010405259539683216
0.00010415310778263521
0.00010427297923872154
0.00010440725626126325
0.00010446292330897301
0.00010441946996290497
0.00010156990610741148
9.805886056140866e-05
9.437372813382802e-05
9.032366530824701e-05
8.592953978021983e-05
8.149280059239266e-05
7.711165671919629e-05
7.28178973892808e-05
6.861583280887924e-05
6.486629191153047e-05
6.138944579430921e-05
5.8050050594521304e-05
5.4802704642324065e-05
5.163775813382408e-05
5.0135268301936705e-05
4.966580913903425e-05
4.9479054317200184e-05
4.9610429928660226e-05
4.9412654375771005e-05
4.913678231190574e-05
4.9010344825991654e-05
4.9185055127525325e-05
4.9672119224833803e-05
5.0413783330150765e-05
5.130463180248508e-05
5.231126439947171e-05
5.34176920853906e-05
5.4645002134640374e-05
5.608249179564627e-05
5.771692475103521e-05
5.950967250694952e-05
6.136589903779022e-05
6.298192305662431e-05
6.187352876278785e-05
5.571747101769134e-05
5.6917880693109244e-05
5.179740913352419e-05
5.316642728181446e-05
4.926924522969196e-05
5.003284307925038e-05
4.974505181993667e-05
5.085278732573296e-05
5.231747158360799e-05
5.388656979795378e-05
5.553467321955099e-05
5.7256931593953166e-05
5.9060381657724325e-05
6.0943064792505226e-05
6.291263688022713e-05
6.48358141178507e-05
6.551485836962144e-05
6.60147453055391e-05
6.64996585313996e-05
6.72541599656229e-05
6.813857510776296e-05
6.977322420984475e-05
7.309887610834539e-05
7.655372786303254e-05
7.943720984998046e-05
8.278622975630731e-05
8.671194466549637e-05
9.086645505659234e-05
9.452706324978156e-05
9.873275370655111e-05
0.00010263286026579801
0.00010658064823234925
0.00011018236482393591
0.00011068561999552519
0.00011002855763122754
0.0001090841417089988
0.00010811633529413173
0.00010660745696946814
0.00010472834942445999
0.00010272426586246448
0.00010082438821100618
9.956971095740084e-05
9.886575126410486e-05
9.797562090782353e-05
9.762519118951865e-05
9.729212316513959e-05
9.678578321646133e-05
9.612255668947915e-05
9.538656560435947e-05
9.431850073681829e-05
9.309810673787643e-05
9.115216813688149e-05
8.870801709257974e-05
8.630352701495303e-05
8.399150512455746e-05
8.175176071832947e-05
7.958814613504077e-05
7.749153251612555e-05
7.546660831958803e-05
7.351068328731865e-05
7.162349289052774e-05
6.931018619929428e-05
6.744273778191935e-05
6.598912359765686e-05
6.500073162806157e-05
6.38671506882124e-05
6.268281551830075e-05
6.155173032411249e-05
6.0715582306756264e-05
5.977025156868078e-05
5.903826035376932e-05
5.853040887849698e-05
5.832078305983309e-05
5.818614945604686e-05
5.789086820404371e-05
5.713629636399906e-05
5.679471461817118e-05
5.6985272520957594e-05
5.734626502418988e-05
5.726778770979256e-05
5.68487014924959e-05
5.625275089006329e-05
5.5639326352834954e-05
5.484912593581958e-05
5.4025698589226565e-05
5.3209849508775375e-05
5.238712930107545e-05
5.125686907995961e-05
4.9979582618366275e-05
4.8745998071029545e-05
4.739436145653827e-05
4.6106804543677016e-05
4.4973183927702446e-05
4.392955973709154e-05
4.36409350283332e-05
4.488643497560739e-05
4.6322653617963574e-05
4.809390306042659e-05
5.111636370595143e-05
5.4200240107236105e-05
5.748003522482012e-05
6.089685286018644e-05
6.366342057501134e-05
6.679539839453158e-05
6.99167339864395e-05
7.316722016384003e-05
7.61020687519204e-05
7.932200200767567e-05
8.27805530300542e-05
8.649660512079023e-05
9.001376112085873e-05
9.297850781667538e-05
9.622831681005821e-05
9.966858660107553e-05
0.00010328240722895605
0.00010699760063552754
0.00011114767376541218
0.00011547825365888569
0.00011998567634122022
0.00012468509934622152
0.00012957316725339084
0.0001346460395664861
0.00013991465175983609
0.00014540792771429242
0.0001489196537798105
0.00015138744743495175
0.0001542625357598436
0.00015723945733757123
0.0001598034951822867
0.00016072515991376982
0.0001607815194418667
0.00016068156103997931
0.00016056798787346838
0.00016048750805410536
0.00016048133011226621
0.00016086823157806986
0.000161795538440029
0.00016311778314363184
0.0001646012508286118
0.00016616387550464544
0.00016779788648750948
0.0001694410090238268
0.00017086081942899162
0.0001722331886426501
0.00017416908948274685
0.00017771002173468844
0.00018244629194676514
0.0001860974644406977
0.00018883982658051877
0.0001911714753278752
0.00019334729148957395
0.00019553458174822964
0.0001975754876097801
0.00019849993521808324
0.00019939750535014517
0.00020035340325005505
0.00020134222231391107
0.00020236523070702025
0.000203398378976777
0.00020425577377297414
0.00020526711861781484
0.00020816762165749156
0.00021104667730253342
0.0002133396788277438
0.0002155938263974226
0.00021821029575590044
0.0002211046916409732
0.0002240955313158347
0.0002271427428468058
0.00023009942077713524
0.00023282823727644735
0.000235921381301265
0.0002368446915737834
0.0002331762060784123
0.00022893979044585818
0.00022461011780637355
0.00022044802569152062
0.0002168129591461683
0.00021538707711138926
0.00021521273767559636
0.0002160585118827971
0.00021754993696160917
0.00021950843193871002
0.00022183718206659247
0.00022445939329207075
0.0002272600786572137
0.00023017650031661934
0.00023319986183823285
0.0002386504594807544
0.0002460553811274491
0.0002525756554061649
0.00025773286809925187
0.00025916369042763794
0.00025941785454147405
0.00025944708012824556
0.00025963657137091563
0.0002598514040116202
0.0002631200566343017
0.0002671449322501276
0.0002710153016771902
0.00027475802679208483
0.00027843287963979493
0.00028154248428757155
0.00028076078993620295
0.0002776655400804595
0.00027518687302467004
0.0002733989573937299
0.000269388409399692
0.000265428402459612
0.0002616612279595347
0.000257973753980137
0.00025432485978253515
0.00025072066079577553
0.0002471551767801531
0.00024362273989791874
0.00024011495784417695
0.00023660705176630395
0.0002331814170712526
0.00022981187613778666
0.00022647406502065848
0.00022316526712434767
0.0002198754195264249
0.00021660510849239346
0.00021330983984393177
0.00020997679524801215
0.00020697448446824453
0.00020471850480768478
0.00020249982716719926
0.00020061456710753238
0.0001988366618213953
0.00019729722999563433
0.00019558958202012779
0.00019350263904611186
0.00019129104490007024
0.0001890075783718457
0.0001863342749139298
0.0001835154663440946
0.0001805959732857136
0.00017745845167656938
0.00017431753490434982
0.00017117941202367525
0.00016803451432044256
0.00016523680414685265
0.00016284226996806208
0.00016049862325455996
0.0001574820900696023
0.00015331042557950751
0.00014867384164599174
0.0001445696151644415
0.0001405217961119581
0.0001373918930067728
0.00013441702777543612
0.0001317763968272129
0.00012996598069275688
0.00012817110265859409
0.0001276531566059132
0.00012767005008207304
0.00012751671091327035
0.0001253345563233741
0.00012180993402952252
0.00011855142706279005
0.00011531408080523777
0.0001119874975763292
0.00010855264245417418
0.00010329077656709974
9.760970457807489e-05
9.421844505869575e-05
9.118503770271182e-05
8.778385594733553e-05
8.378304215425544e-05
7.887471287158937e-05
7.474237651964009e-05
7.113440486830656e-05
6.804784850761552e-05
6.501987876115824e-05
6.196473914836142e-05
5.8661665406349005e-05
5.5846126646751544e-05
5.450217847087052e-05
5.443640454962153e-05
5.368459433170349e-05
5.198689544025909e-05
4.627059347021211e-05
4.170704091303422e-05
3.844518273720749e-05
3.3644284574726216e-05
2.933836642885404e-05
2.583490168687884e-05
2.406310997323779e-05
2.196649041916578e-05
2.065689180436996e-05
2.075824604415111e-05
2.1369273477538712e-05
2.266836111627788e-05
2.5988487526214405e-05
2.8806039492385038e-05
3.2522168336184386e-05
3.590764572102121e-05
4.049695812950272e-05
4.5501594282937256e-05
4.9195574376352205e-05
5.3188120783178706e-05
5.543119517302168e-05
5.687945818499338e-05
5.8980607967843435e-05
6.187134816152609e-05
6.422226421088416e-05
6.660815791264731e-05
6.861859410979314e-05
7.089968398948614e-05
7.318892212272538e-05
7.461468672522097e-05
7.464960799514288e-05
7.46877685745778e-05
7.466857313440945e-05
7.469978371698459e-05
7.495781715705381e-05
7.51847986060831e-05
7.537182582217656e-05
7.546023242455151e-05
7.557857337417031e-05
7.588477892173781e-05
7.63121227744957e-05
7.668809717375278e-05
7.653138034700823e-05
7.65846040596479e-05
7.676158002221885e-05
7.693065369370219e-05
7.678148415875682e-05
7.714729777841048e-05
7.906876500611519e-05
8.148814842260181e-05
8.427659548518395e-05
8.746335096595098e-05
9.114514960069901e-05
9.536861706075816e-05
9.990721290449521e-05
0.00010426145160517128
0.00010847045069863832
0.00011266651428654253
0.00011691601322061162
0.0001231672612993291
0.0001299422992576269
0.00013716942234881676
0.0001445933107843661
0.00015206253985481803
0.00015988976076781403
0.0001676770817202286
0.00017401960920260305
0.00017890601145518483
0.00018357185888639565
0.00018809311857957925
0.0001922948214463653
0.00019663167892209184
0.0002006707860340088
0.00020443926785777855
0.00020793056531207487
0.00021160883981274036
0.00021487868598829376
0.0002178574941650169
0.00022049188399540345
0.00022258780948239992
0.0002243381084863721
0.0002262929731901251
0.00022816369839485787
0.00022967531951022908
0.00022876457892779427
0.00022593421442373946
0.0002189267521753535
0.0002092856679887003
0.00019940224546300008
0.00018964071726593627
0.00018103181881149198
0.0001737877767113826
0.00016685162137207042
0.00016007211678307755
0.0001537233860727768
0.00014724401052890152
0.0001445177365202163
0.0001442673151806136
0.000145056754008279
0.00014600655531777428
0.00014739842251700985
0.0001492157436150115
0.00015130075577063929
0.000153643137287677
0.00015612095265344988
0.0001552538436414001
0.00015445401824992747
0.0001537137870343522
0.00015249661633309243
0.00014920496683673578
0.00014958011857818315
0.0001456049297891392
0.00014437798726108452
0.00014207249598918804
0.00014544176144247744
0.0001451720684377478
0.00014839535558266705
0.00015187141657460937
0.00015564508815808675
0.00015944029576530074
0.00016080836249211106
0.0001617860009662108
0.00016279970628282052
0.00016424873274057154
0.00016629877367905043
0.0001684971302267493
0.00017080721034941896
0.00017187505003822252
0.00017094810582390495
0.00016980253222954503
0.00016866041607463856
0.00016861633277778895
0.00016973560749705116
0.00017049329171757454
0.00017205857178523792
0.00017363172188268087
0.00017467987068423398
0.0001757290467775049
0.00017692091344153368
0.00018035012479241888
0.0001875324778231062
0.00019449997206008558
0.00020177177834743322
0.00020661539179073484
0.00020841154740970996
0.00020840612466799686
0.00020753408353768062
0.00020649326217137375
0.00020549281904882205
0.0002041883711800337
0.000202241489022655
0.00020021250656344675
0.00019824788718166844
0.00019583655819364074
0.00019371768378557134
0.00019241876685324082
0.00019151035373439674
0.00019061976072767416
0.00019020258421913264
0.00019028065957661883
0.00019023247783230847
0.00019016118726431107
0.00018966081865596845
0.0001890378047667725
0.00018830795031802224
0.00018760296173747648
0.00018584236432250145
0.0001830465426609088
0.0001797753377368498
0.0001764715658102795
0.00017314888434816396
0.0001695085480626917
0.00016724197437207867
0.00016580539516816475
0.00016362675291814335
0.00016152436575204166
0.00015935051924043672
0.00015723205483740576
0.0001551066342418177
0.00015298468943702735
0.00015089380499458318
0.00014883779403817313
0.00014681568975188742
0.0001448204685514406
0.00014285694239640523
0.00014090949049649475
0.00013758500090391837
0.00013472560773943444
0.00013210192327642783
0.00013005502625736354
0.00012752954159792656
0.00012525953874612105
0.0001234204983089758
0.00012001118321571984
0.00011625075570357524
0.00011254095528855806
0.00010886627183044282
0.00010522858552626711
0.00010162180139365991
9.696038584143689e-05
9.236542860499046e-05
8.563400168979816e-05
7.91930831726201e-05
7.294688554505741e-05
6.730628603803702e-05
6.208035060779298e-05
5.903979439641396e-05
5.82177505738362e-05
5.854026698638592e-05
5.882356572724595e-05
6.0128659689247366e-05
6.18175877352007e-05
6.266531887657343e-05
6.268083951989942e-05
6.134915537353493e-05
5.987198598481969e-05
5.811423267750634e-05
5.783311323385633e-05
5.689305355042963e-05
5.620950499501132e-05
5.560507964618883e-05
5.514713907832059e-05
5.4869433907778895e-05
5.50035690841083e-05
5.5305604200576574e-05
5.5857561238935836e-05
5.6022077898759566e-05
5.677549777147639e-05
5.7642698322047237e-05
5.883340371040891e-05
6.0155512710138975e-05
6.175420986357997e-05
6.365899315193688e-05
6.589611516469979e-05
6.847419523307936e-05
7.143397695356898e-05
7.514341717004696e-05
7.92303605644187e-05
8.369422225845871e-05
8.788823563879934e-05
9.249722319816289e-05
9.747981705479912e-05
0.00010267351087859118
0.00010748895969714842
0.00011250104819863651
0.00011768697247721281
0.0001231598121913967
0.00012889041466725672
0.00013474842080084306
0.00013809130396658106
0.00014338105611710395
0.00014889403293344896
0.00015279838489738916
0.00015535805587509467
0.00015780303486745808
0.00015968683464151237
0.0001623691069750476
0.0001651918565876181
0.00016810161091855862
0.00017111353554370414
0.0001742120436452927
0.00017704342004790937
0.00017913361651343435
0.00018183192239619689
0.00018535980497786056
0.00018905294920089024
0.0001925125551700869
0.00019714205572234571
0.0002018665477343772
0.0002095678757020956
0.00021661741830404052
0.0002230815591424083
0.00022946855453051418
0.00023568383096365277
0.0002417933583673149
0.0002464939632963853
0.00025093552345591407
0.00025521923960678255
0.0002581061993554128
0.0002613429991674775
0.0002646821890365191
0.00026809487912994096
0.00027155236048617465
0.0002747285387879862
0.00027747667729273353
0.0002799444036121108
0.00028192124791718626
0.0002852144188585074
0.00028851726520076447
0.0002916152982405275
0.00029468460938317616
0.0002977654211455447
0.00030086444900843717
0.0003039867265566955
0.0003071212208520886
0.0003102656189153731
0.00031342006312905924
0.0003134494198375717
0.0003116287275426079
0.0003100399512471683
0.00030806340144383897
0.00030676133568532265
0.00030524485715768
0.00030370736985784624
0.00030555128815860954
0.0003110345631840618
0.0003167617006475392
0.00032210960324859875
0.0003271605271559682
0.00033206896011808105
0.0003371878138625042
0.00034738484038424164
0.0003572532043720154
0.0003652489667925845
0.00037243873320820704
0.0003794086112949198
0.00038631208807163347
0.0003882245160402461
0.00038816723883974
0.0003870174669272318
0.000384840420275375
0.00038301571673583594
0.0003816063325574136
0.0003825767095158653
0.0003856768349443794
0.0003885482729511414
0.0003913260133609478
0.0003940834418853908
0.0003973226811184083
0.0003999538519952455
0.00040033387344174905
0.0003991859227890442
0.0003955647588122791
0.00039186883859671797
0.0003881613275370137
0.00038439587669142735
0.00038055795281358477
0.00037612272904944343
0.0003696510265419721
0.00036310238745381585
0.00035659186231138166
0.0003500875007400102
0.00034358126232161243
0.00033707395886317166
0.00032947826465829085
0.0003214706224917473
0.0003135010056441246
0.00030644022341532064
0.00029961260081750826
0.0002936440672509396
0.0002878481179335202
0.00028189585363291175
0.00027509250846049463
0.0002677869948537868
0.00026035817737361013
0.0002534554723749417
0.00024722476246778145
0.00024121814866326417
0.00023516910719262644
0.00022932198917781943
0.0002235280282764076
0.00021723729014142782
0.00021088339352088586
0.00020454252906149453
0.0001982333514915039
0.00019106979761913167
0.0001833815837899324
0.00017590506222434765
0.00016865283625708545
0.00016154218469234533
0.00015410987390859107
0.00014683483268874812
0.00014051953855431985
0.00013525688453766443
0.00013029176731970906
0.00012528530133500354
0.00012104443889928547
0.00011729071330891662
0.0001135995903490767
0.00010990212932074893
0.00010619120513153429
0.00010142933196196528
9.537429525381445e-05
9.084117201586945e-05
8.668337604629629e-05
8.340940939409355e-05
8.112141767062049e-05
7.963359342429304e-05
7.950017566635572e-05
7.957444664536823e-05
7.902757636958855e-05
7.732313293109928e-05
7.500745708731771e-05
7.268588769265754e-05
7.035121589725428e-05
6.817577368328883e-05
6.636579319093114e-05
6.482624776309378e-05
6.338656274791269e-05
6.196827014655427e-05
6.0890579326620436e-05
5.886222723665331e-05
5.7078682305367856e-05
5.564563927984885e-05
5.393438381606387e-05
5.249166176858795e-05
5.109637414197874e-05
4.999044846849844e-05
4.802281276306512e-05
4.5964181476417135e-05
4.401606713424802e-05
3.980549402188308e-05
3.7778310163410156e-05
3.5111623557355276e-05
3.308347162021442e-05
3.174312555803358e-05
3.098012020880315e-05
2.9810211577462318e-05
2.9442948537583697e-05
2.9291927189333846e-05
2.9268796638491073e-05
2.866572342402679e-05
2.714318717449078e-05
2.5940929513831924e-05
2.4516762203804867e-05
2.3305819820003565e-05
2.2284563079564196e-05
2.1339269027545135e-05
2.0153985944152586e-05
1.8761573828044738e-05
1.7451552443839697e-05
1.6765878243285936e-05
1.641853044742374e-05
1.6188979499512513e-05
1.5999335265629834e-05
1.591507446935026e-05
1.589236318083792e-05
1.586935182464719e-05
1.59501689745534e-05
1.614210699640802e-05
1.6438073982483213e-05
1.6110052618219982e-05
1.5801657229331833e-05
1.5359786098918557e-05
