0.00011962444616684009
4.682621789853781e-05
5.2690524632297985e-05
5.333064365189233e-05
5.412019925612928e-05
5.692575976595179e-05
6.0684611118750416e-05
6.423876416039199e-05
6.899896379339037e-05
7.367713407525476e-05
7.927302068597557e-05
8.439412720261906e-05
8.556139723535837e-05
8.634690972050307e-05
8.734424027441084e-05
8.873271095228437e-05
9.004772715597188e-05
9.118460135646407e-05
9.220867121016111e-05
9.31504846607341e-05
9.40594344659135e-05
9.508833548219826e-05
9.62640689376887e-05
9.731181877739581e-05
9.800698755985918e-05
9.822636750756072e-05
9.828553797931767e-05
9.820153817432671e-05
9.808914378035575e-05
9.802338402980612e-05
9.80334154087386e-05
9.798251750831489e-05
9.769022092382318e-05
9.442368819295678e-05
9.056786961105652e-05
8.655354729941688e-05
8.248653873004622e-05
7.836228384561378e-05
7.364645325573486e-05
6.89562345444143e-05
6.436316969667745e-05
6.033896664240562e-05
5.654012197195472e-05
5.2897825618270465e-05
4.981304397216706e-05
4.8666707484326695e-05
4.841488840238049e-05
4.878099275958027e-05
4.9179641009116065e-05
4.9336818854094696e-05
4.8966354297994444e-05
4.875046459320585e-05
4.83089819673966e-05
4.7933920556791545e-05
4.7940695200231175e-05
4.8112823812877964e-05
4.849474566992786e-05
4.9180543155824374e-05
5.017586482923155e-05
5.1458302782769425e-05
5.2880787337576255e-05
5.443957541875691e-05
5.586488694538592e-05
5.676197226359282e-05
5.8570228898025964e-05
6.048878229340109e-05
6.232901589230656e-05
5.851974456310656e-05
5.75966595171648e-05
5.561065885696539e-05
5.416807238480518e-05
5.1783844336560245e-05
5.193589850646291e-05
5.3208348744557154e-05
5.4773383737977963e-05
5.647122566704041e-05
5.827032267366032e-05
6.016921085387304e-05
6.217213652207426e-05
6.344095737891129e-05
6.41368863649604e-05
6.460051587531297e-05
6.509456597594482e-05
6.666318123068815e-05
6.968329630372154e-05
7.290297422640529e-05
7.573199392521573e-05
7.941964335188303e-05
8.352414856065615e-05
8.753016704730811e-05
9.139516850538533e-05
9.53188445657939e-05
9.962657026090261e-05
0.00010461553041497012
0.00010764988319700172
0.0001085922749411667
0.00011083442824562729
0.0001112760981174696
0.00010960841926671531
0.00010721316259758331
0.00010450120265626903
0.00010230553673454588
0.00010073384824872445
0.00010033690878305865
9.997514474613448e-05
9.962515274702992e-05
9.923146597827504e-05
9.860664507328754e-05
9.79173428591317e-05
9.729004987563997e-05
9.667491299650247e-05
9.558926447055786e-05
9.30677765562423e-05
9.008864723291845e-05
8.73332677814043e-05
8.472126832261947e-05
8.221672820339873e-05
7.979936874957683e-05
7.74709075849569e-05
7.442335638942454e-05
7.124464583086396e-05
6.876935448489466e-05
6.609338700847948e-05
6.482759718655869e-05
6.353537985039369e-05
6.233215874811425e-05
6.116800376506817e-05
5.994900362476842e-05
5.91009647798004e-05
5.892838490924138e-05
5.893559177837167e-05
5.924453920338254e-05
5.913504228475641e-05
5.865910973142378e-05
5.7902987423205994e-05
5.7382425481251015e-05
5.696042791019783e-05
5.660760174159336e-05
5.62455527132478e-05
5.538456277569532e-05
5.4366122920600274e-05
5.335325915778756e-05
5.249869854416851e-05
5.1644780829765804e-05
4.98393219055808e-05
4.8595518114394966e-05
4.750543877190224e-05
4.621349265160034e-05
4.509100014841218e-05
4.395479926427288e-05
4.313276265834814e-05
4.301591862468347e-05
4.477462430174623e-05
4.6785338921488456e-05
4.9357215076927305e-05
5.322421481640666e-05
5.68881333295798e-05
6.02720450882705e-05
6.347848151800657e-05
6.68888981537701e-05
7.04429828221618e-05
7.379769382725815e-05
7.725358573244464e-05
8.09390366443765e-05
8.424691781364975e-05
8.795091309124713e-05
9.121407128403897e-05
9.470034231877275e-05
9.849164632469844e-05
0.0001027289276241499
0.00010705578707635892
0.00011161465343825682
0.00011638398561580287
0.00012137184043496827
0.00012657622624920117
0.00013205299327489738
0.00013794644738172963
0.00014304269541678936
0.00014612094899177635
0.00014976217677249641
0.0001535166028191274
0.00015680442424441046
0.00015880501854115083
0.0001601409676853889
0.00016028065588694578
0.00016018090751735735
0.00016007298554941815
0.00016000255936287944
0.00016156560846228646
0.00016326427954621345
0.00016487571160444888
0.00016654859040802814
0.00016824962173320264
0.00016992950628471172
0.00017132663856569586
0.00017274054106916322
0.00017442464785512906
0.00017834577496956956
0.0001837649593972913
0.00018844318169326408
0.00019331100862934167
0.00019829761261907597
0.00020284234882508354
0.00020673209272420283
0.0002090904133788775
0.00021050492269603297
0.00021168303616321554
0.0002128814073410616
0.00021411720846906853
0.00021523055550655749
0.00021637225981887775
0.00021763043381351347
0.00022062074604390776
0.00022383361074764158
0.00022644796306351783
0.00022922369751288756
0.00023253116387824584
0.00023601065715219655
0.00023956682726698178
0.00024287325681244404
0.0002466123216587686
0.0002503855471361264
0.0002491045194741457
0.0002450399747403386
0.00024059392528609513
0.00023594883064903798
0.00023210775593853093
0.00023068875714484823
0.00023277870010458176
0.00023570375039678201
0.00023874857600403437
0.00024182716374661817
0.0002450114544909972
0.00024824267344723176
0.00025155478499196425
0.00025504862244619736
0.000258163669135042
0.00026459809402444297
0.000272421489545174
0.0002796967539892325
0.0002832778450658529
0.0002837930875850202
0.0002835140819748668
0.00028306553926137507
0.0002826447986772103
0.0002855973789171093
0.0002898085871827868
0.0002924122695408157
0.00029457382350492903
0.0002966270932065714
0.00029536576719237085
0.0002924981036698335
0.00028929972329308533
0.000285416912425336
0.00028051164579682655
0.0002759258450413415
0.0002714956490928855
0.00026739541034508893
0.0002636301363935626
0.0002598303859577218
0.00025599527357122797
0.0002521904050780015
0.00024842257352581645
0.0002446875614039625
0.00024097321299248233
0.00023728366545795445
0.00023361159902890916
0.00022995517030074557
0.00022628300886848082
0.00022254974429974572
0.00021892380534659675
0.0002158679642583045
0.00021342836240867533
0.000211035887013471
0.00020888264001277048
0.00020682158981799841
0.0002050739487928075
0.00020228206560921682
0.00019912103971898978
0.00019576720084737217
0.00019203348747373709
0.00018823587622143292
0.0001844309571617758
0.00018065541147537336
0.00017687498944713755
0.00017307314660675575
0.00016924177715909946
0.00016557767961235067
0.00016141754438841105
0.0001575293046999472
0.00015319252032955534
0.00014824279987229663
0.0001436320892302917
0.0001396597035376496
0.00013594548536988933
0.00013248787932358666
0.00012966099345425877
0.0001281070336185508
0.00012722118299298563
0.0001267406893090419
0.00012537447211528993
0.00012209520208396907
0.00011772720391712709
0.00011328875421901849
0.00010905093422835949
0.00010478738625235794
9.948352728367708e-05
9.56513702706303e-05
9.213188240627591e-05
8.861593910026378e-05
8.48709549223242e-05
8.071921081595325e-05
7.623218402647263e-05
7.168551714229187e-05
6.747676964598951e-05
6.398064262714585e-05
6.0203759716632614e-05
5.650114847920236e-05
5.337760289453076e-05
5.1917327283315356e-05
5.1507610475506504e-05
5.01743102773245e-05
4.737146095013568e-05
4.33108237812054e-05
3.907266499648802e-05
3.451236339692799e-05
2.9480034078687164e-05
2.547377378258619e-05
2.3880982090197223e-05
2.1579842469273876e-05
2.0848668119823898e-05
2.0706137684957214e-05
2.086073314611178e-05
2.3496671107955547e-05
2.6636184481786205e-05
2.9935220824581582e-05
3.39793392155885e-05
3.8009336083938316e-05
4.3300003566780106e-05
4.7616135876728556e-05
5.1393937382691346e-05
5.376700884353672e-05
5.546747835790723e-05
5.900770274296041e-05
6.223996840316892e-05
6.532419875539575e-05
6.816441854216702e-05
7.06360043513009e-05
7.27019977075486e-05
7.464799141480722e-05
7.509173533216849e-05
7.497305041523167e-05
7.483902052665438e-05
7.464736813462397e-05
7.451157010502708e-05
7.460229167309676e-05
7.473675466276188e-05
7.484074002369233e-05
7.499439094036086e-05
7.539462578453643e-05
7.587728153287463e-05
7.610166831464585e-05
7.631035795781844e-05
7.668495757006362e-05
7.687503395399883e-05
7.62947931653185e-05
7.626729074312714e-05
7.83593109738182e-05
8.12467062509911e-05
8.459895549462898e-05
8.818411580980231e-05
9.168944477448376e-05
9.543027534596e-05
9.934221034248393e-05
0.00010527457409817241
0.00011244612207646092
0.00011977190236710935
0.00012725517738630118
0.00013495356519463084
0.00014313250953966802
0.0001514370907062075
0.0001604826523136966
0.0001686796546536837
0.00017644045214503217
0.0001826161594186168
0.0001884517810613746
0.00019323794673873764
0.00019778621077093898
0.00020191205830834844
0.0002059875832877868
0.00020994479424060194
0.00021387199045663216
0.00021741195501277598
0.00022060163611455018
0.00022357118132874937
0.00022543045319827897
0.00022712207434943756
0.00022914190571423883
0.00023101121437865186
0.0002274728918649949
0.00022100666902940923
0.00021228410089944454
0.00020216341943815277
0.0001920244828252757
0.00018214509640726567
0.0001725344107916457
0.000164490923402498
0.00015694548816650475
0.0001495789165782195
0.00014269241893054762
0.00014101054102496152
0.00014032123827236405
0.0001406153765114122
0.00014130774799288258
0.0001421450653952292
0.0001435397912733162
0.00014525278608769985
0.00014729949914840914
0.0001495491108817341
0.0001518472274323054
0.0001541667694247829
0.00015627857033820097
0.0001583642891376744
0.00016034475760156138
0.00015917521357791572
0.00015395280642266994
0.00015391016388295034
0.00015265911502814952
0.00015599350502476837
0.00015565214119531815
0.00015865697597713713
0.00015750336856941365
0.00015790505781417162
0.0001556269244741855
0.0001558211154449283
0.0001572772929605088
0.00015926343020765155
0.00016142510161025055
0.00016371546045565338
0.0001661290652695659
0.00016531587942427548
0.00016354702662384538
0.0001621548313427516
0.00016290241884978668
0.00016290590230944252
0.00016341798995458354
0.00016463931092185836
0.00016540581621481991
0.0001665946529239149
0.0001680166986135274
0.00017366257517495708
0.0001800368692653188
0.00018669460153862772
0.00019566761437415058
0.00020139319718582305
0.00020682232686224504
0.00020853562727907068
0.00021120640179201987
0.00021051951301416532
0.00020943802299738568
0.00020729161113642818
0.00020403510027037743
0.0002008553273275714
0.00019783033538671885
0.00019624275642122097
0.00019510591597474684
0.00019455012792935216
0.00019475536836404886
0.0001948766697344578
0.00019471596754472298
0.0001944331217816691
0.00019380892278155913
0.00019299949880416923
0.000192076820923426
0.00019108322950106175
0.00018584041299403865
0.00018107672632352762
0.00017827522775171943
0.00017551266585412873
0.00017261417338070316
0.00016904270156663047
0.00016665768940815409
0.0001637702159886314
0.00016093859911726942
0.00015871711071997397
0.00015647491435317397
0.0001542929786262564
0.00015209692476625197
0.00014991627905546989
0.0001477771584331419
0.00014552380622164426
0.00014331493238282613
0.00014080282757325055
0.00013706622337813753
0.00013297137662108296
0.00013048964455211564
0.00012868867215407473
0.00012689450217714027
0.00012500231341317736
0.00012319120078425384
0.00011920237975752033
0.00011505690631016116
0.00011098400215425752
0.00010695910557151035
0.00010297928146856072
9.86477858046891e-05
9.270756373058658e-05
8.547475805441166e-05
7.882904405016376e-05
7.294563956035484e-05
6.736763746022627e-05
6.194624627742606e-05
5.828162071025296e-05
5.8228523565218224e-05
5.8747077858588885e-05
5.979172844280206e-05
6.105692399485813e-05
6.10929330080776e-05
6.0634916424357925e-05
5.923194466617416e-05
5.6967998205871475e-05
5.501925036055922e-05
5.466382713453457e-05
5.38021441395703e-05
5.3258296164602104e-05
5.2819691767071764e-05
5.278301732114649e-05
5.3033872577561616e-05
5.355583746895851e-05
5.419858679821304e-05
5.4694399699208534e-05
5.5647716196540764e-05
5.6763602654563486e-05
5.813330739059668e-05
5.981767718860555e-05
6.187462749778659e-05
6.430771823841611e-05
6.733916543242594e-05
7.103908704074811e-05
7.518287803315717e-05
7.971006127780474e-05
8.465504893852719e-05
8.94142208372254e-05
9.460163446530729e-05
9.990552790949062e-05
0.00010395831353547861
0.00010841761469417676
0.00011421417474467026
0.00012001951694672463
0.00012614632075746017
0.00013037207212015427
0.00013493549063253653
0.00014057809529149782
0.00014653668466720754
0.00015041152782603674
0.00015299355686078386
0.00015546885063916484
0.00015805064577378435
0.00016106993844425117
0.0001641394750062811
0.0001673383214670806
0.00017065928879207585
0.00017444946051439116
0.00017929414608768845
0.0001843128360891975
0.0001888188477193316
0.00019272414656643536
0.00019784543322709888
0.00020309248188329747
0.00021056713984062936
0.0002187572958407836
0.00022636038646340026
0.00023401618840945834
0.0002418437359399256
0.0002498372352514065
0.0002579993349770827
0.0002655395331612674
0.0002708508169789579
0.00027508313056302683
0.00027900874244501223
0.0002829145921916763
0.00028682095164786085
0.00029042629558138433
0.000293616002193993
0.0002958352493234628
0.0002980397180843606
0.0003019026666354831
0.0003058895891773927
0.0003095068457694457
0.0003130582984241826
0.0003166126604852491
0.0003201964538020584
0.0003238095373830167
0.000327446838321203
0.0003310996358470332
0.0003300481255899556
0.00032817185813803886
0.0003258701154008256
0.0003246108407944312
0.000323530642506961
0.0003239918156305483
0.0003282475411013012
0.00033515124978699464
0.00034363817179250715
0.0003521636781434566
0.00035940393973005733
0.000365519466152262
0.0003703660056879081
0.0003794612693184796
0.0003889366972873529
0.00039749917181417204
0.00040549556151128383
0.0004133011556416292
0.0004178358786594211
0.0004181104659563654
0.0004158550106997623
0.000413214394410514
0.0004106004752846294
0.00040803502416053865
0.00040857118525322914
0.00041075472433910784
0.00041261152756858513
0.00041400295584207255
0.000414450374008616
0.00041439268481551563
0.0004124334456775692
0.00040871153389642574
0.00040482109838427553
0.00040087358710872643
0.00039684189594110895
0.00039271380557647905
0.00038823218702944685
0.00038098736832583376
0.00037361226009655763
0.0003663150220916902
0.0003590480421922172
0.00035177693933927817
0.00034351908666388183
0.0003345187547357689
0.0003254980480364638
0.0003172663817766618
0.0003094845966060547
0.0003024361122037219
0.00029585296145876014
0.00028923053260290283
0.0002824544638515101
0.0002746744955641114
0.0002663355988315138
0.00025773821821242256
0.0002495381661270459
0.00024217946938238818
0.0002343583725825477
0.00022643298839371392
0.00021877087730445512
0.00021137933774068233
0.00020430121189622522
0.00019730096650412903
0.0001902803648022569
0.00018102543730684064
0.0001714055062550359
0.0001621617912320226
0.00015362851324678356
0.00014532722041441892
0.0001374101601513207
0.0001310891973437904
0.00012531932899164869
0.00011977817992373503
0.00011466414655374317
0.0001099899899539649
0.00010548408237969596
0.00010107962871041905
9.702059108268095e-05
9.207040766995967e-05
8.671374719641362e-05
8.232994894016716e-05
7.879910038558799e-05
7.693968291579117e-05
7.525189348263971e-05
7.45742446445039e-05
7.40060160679403e-05
7.262664228969972e-05
7.063465558436731e-05
6.825790111531588e-05
6.59447380241905e-05
6.343898740043499e-05
6.149672618984686e-05
6.003292753388856e-05
5.874853438830853e-05
5.744725389004488e-05
5.694596612767029e-05
5.568758951366275e-05
5.4767014086623936e-05
5.3143113796980834e-05
5.1038489252684124e-05
4.920178034490926e-05
4.8188009627229556e-05
4.806108526605223e-05
4.6890177790865424e-05
4.565324690541711e-05
4.4318773664991146e-05
3.963556910889041e-05
3.726469726691715e-05
3.420977473796959e-05
3.2010826600586475e-05
3.0327847835113635e-05
2.975164950238973e-05
3.0138265659872917e-05
2.9701056457947752e-05
2.95080514175299e-05
2.7738131776544047e-05
2.6243227830380622e-05
2.4898070957715145e-05
2.343454002677927e-05
2.2251265254801997e-05
2.0818344040051672e-05
1.9340100664847675e-05
1.776527273087937e-05
1.6630201861373447e-05
1.6011851896311197e-05
1.558876388518239e-05
1.5205468646162981e-05
1.4909778557371593e-05
1.4787707240091538e-05
1.4696014713782147e-05
1.4672894473390209e-05
1.4773256412886262e-05
1.5003351483011599e-05
1.5214932626126914e-05
1.506847684164043e-05
1.5043786201385058e-05
