8.379017562091046e-05
5.1084940767712735e-05
6.082718471217133e-05
6.166053834569099e-05
6.90409207733765e-05
7.331776064717627e-05
7.630135561166127e-05
7.550686827819276e-05
7.487870594381729e-05
7.516231881224915e-05
7.566349229808936e-05
7.621062071547014e-05
7.712932018692504e-05
7.852625857685947e-05
8.011688883039015e-05
8.14286999562531e-05
8.251922723652297e-05
8.346848208863032e-05
8.432817873689673e-05
8.481383065194897e-05
8.465046030759098e-05
8.406137284769389e-05
8.321898951686874e-05
8.243531977575178e-05
8.170232255710861e-05
8.085511262143335e-05
7.738359737573234e-05
7.300634096697388e-05
6.852227890857736e-05
6.402796990572743e-05
5.955220698820397e-05
5.513578308314883e-05
5.1275962859911796e-05
5.02918594739203e-05
5.016043988829344e-05
5.01962363655271e-05
5.0260349480652496e-05
5.061994214132368e-05
5.0923752496276296e-05
5.1128745530101605e-05
5.123625978427819e-05
5.09264707739823e-05
4.9533627165357166e-05
4.782266780096583e-05
4.620056507109108e-05
4.4922153367218185e-05
4.4601804296079826e-05
4.5056750418015484e-05
4.5744380752591044e-05
4.7179195934513226e-05
4.831619941904173e-05
4.983591242877195e-05
5.1776241502579436e-05
5.381744237771621e-05
5.591493879638992e-05
5.802679654084667e-05
5.975336677325622e-05
6.197709996940219e-05
6.358272842490086e-05
5.720398700370267e-05
5.5241116044545326e-05
5.206099924026245e-05
5.091034517277915e-05
5.224689914410764e-05
5.43181609505618e-05
5.619456721041653e-05
5.8364766031685796e-05
6.103486451136397e-05
6.38883064360727e-05
6.731722433308232e-05
7.071141964585846e-05
7.478831653997975e-05
7.878819418093437e-05
8.266765282957124e-05
8.619169558469594e-05
8.975872625067505e-05
8.916448249702525e-05
8.981440730194933e-05
9.091555051688767e-05
9.171167913596708e-05
9.435822839200703e-05
9.771399953050583e-05
0.00010125949551726841
0.00010332925213386035
0.00010208787278292989
0.00010088896887515876
9.983434424266865e-05
9.891746514594847e-05
9.814688359848918e-05
9.721485238144573e-05
9.631221343158218e-05
9.405342485617886e-05
9.043686122059053e-05
8.635556695991849e-05
8.231969350902855e-05
7.853466564964359e-05
7.42425177700555e-05
7.080498734041098e-05
6.773080364150132e-05
6.469518073785584e-05
6.224804803606402e-05
6.0447730876602796e-05
5.852469668344193e-05
5.6692313543361026e-05
5.543280170447732e-05
5.376007063825024e-05
5.207228310384512e-05
5.1148125569164894e-05
5.0130045321330676e-05
4.956373510787197e-05
4.944592308606855e-05
4.9633923568228735e-05
4.869273782128244e-05
4.719462504397679e-05
4.597441887714333e-05
4.4969165645567435e-05
4.404850654194801e-05
4.3230887830873955e-05
4.217822134947085e-05
4.084368461661072e-05
4.0146263657337375e-05
4.003703164420176e-05
4.091686080566933e-05
4.38347444388997e-05
4.713591301633557e-05
5.16820305275427e-05
5.7020390988319527e-05
6.151805252184679e-05
6.632334350887867e-05
6.963083677941515e-05
7.344950495422623e-05
7.765411390691591e-05
8.240645663615997e-05
8.712441198253526e-05
9.181268575108348e-05
9.680319506768706e-05
0.00010195640423278236
0.00010743791942896967
0.00011350942447072913
0.00011992716689550382
0.0001250824030198274
0.00012893245991969627
0.00013369040809680378
0.0001384498026189398
0.0001435851529400674
0.0001472506852750746
0.00015036520869819467
0.00015172361769835008
0.00015279067705964823
0.0001550938897616921
0.0001575833856426918
0.00016026681252825141
0.00016271997011361246
0.00016429410321930793
0.00016602746814285796
0.00016819105957187032
0.00017148634817655764
0.00017471621443702142
0.00018056095088943842
0.00018594817418032383
0.0001921287680762538
0.0001987108519632433
0.0002045113422472889
0.0002090261848397118
0.0002139283549798234
0.00021892213362530364
0.00022406273868641295
0.00022905996985846618
0.0002341872365550368
0.0002395050009057887
0.0002452301302690411
0.0002510458833052331
0.0002567468485072241
0.00026302217382643547
0.00027025914097314897
0.00027721876198893546
0.00028393058878848455
0.0002883838925153819
0.00028537682174123896
0.0002841943251658032
0.0002856582869492182
0.00028897758407792307
0.0002933298362561096
0.00029844110722986966
0.0003042146993295206
0.0003103993628381469
0.0003173566878893697
0.00032487757928575917
0.0003308728104596691
0.0003340880127647932
0.00034113866089755017
0.00035195326555965744
0.00035461152523317104
0.0003536468764453111
0.0003519219099789506
0.00035009749252407123
0.0003511780606684593
0.0003555302002672692
0.00035942362288917973
0.00036229917125019865
0.0003614536681502938
0.00035473580027035943
0.00034670417426618116
0.0003388615285153774
0.0003323092562052456
0.0003258040309880368
0.00031931105999025996
0.0003128330244784537
0.0003063680733779136
0.0002999099534002738
0.00029345183777961914
0.0002869821498622589
0.00028049408891030577
0.0002739817723333737
0.0002673633020163623
0.00026038849271311625
0.0002536656577049194
0.00024843768564554073
0.00024381972263191307
0.0002390250611321515
0.0002341543706867346
0.0002295008627705803
0.00022390272120056148
0.000217697857505349
0.00021135877394626036
0.00020492587383859557
0.00019856680170172872
0.00019061992903296655
0.00018257382308329765
0.00017402449492317373
0.00016498704908153626
0.00015605901108071944
0.00014879271753706814
0.00014476443197601998
0.00013970244375431195
0.00013643750630358984
0.0001336226244355167
0.00013053421137655685
0.00012766723368488794
0.00012361454784432232
0.00011719077906756519
0.00011001540599959254
0.00010250644583398896
9.66576291470985e-05
9.24443162632545e-05
8.861138949170814e-05
8.237480945581471e-05
7.66011633019496e-05
7.08636433880464e-05
6.646328608224274e-05
6.25358682777383e-05
5.832849947850572e-05
5.3975430018076076e-05
5.045520411034663e-05
4.591281562455195e-05
4.240224153250272e-05
3.901686433533915e-05
3.445376262299289e-05
3.1714396891475e-05
3.064047149452552e-05
2.947781909082145e-05
2.4015875664709458e-05
2.105913018407544e-05
1.9802917068639826e-05
2.0670300378125053e-05
2.2164678320687275e-05
2.413669103812435e-05
2.706452739496497e-05
2.992062973129605e-05
3.33702013764328e-05
3.838971602296957e-05
4.306746937988525e-05
4.586295220606058e-05
4.731069738509814e-05
5.0632596602552374e-05
5.55345999917612e-05
6.774331559170575e-05
7.170138717907391e-05
7.654561756997612e-05
7.97482414101996e-05
8.217192004508254e-05
8.01863813305473e-05
7.935196315257097e-05
7.8110021219739e-05
7.7025377668604e-05
7.585162402596163e-05
7.450325708004416e-05
7.273343243621917e-05
7.276462533094048e-05
7.305651220231645e-05
7.31881031410531e-05
7.320043432798073e-05
7.178173348421643e-05
7.037457316894269e-05
7.029161896553899e-05
7.521105488697823e-05
8.472476025640622e-05
9.354533534453748e-05
0.00010174615490406478
0.00010930286817724112
0.0001173150767266318
0.00012561183005681885
0.0001351929451755505
0.0001456848064553883
0.00015280076479905522
0.00015834617329995042
0.0001633115344437022
0.00016822933343537468
0.0001729124304583625
0.00017739610240749998
0.00018154577757529956
0.00018582191131647668
0.00019073350070053076
0.00019557162300392424
0.00019995077910798967
0.00020388491590790945
0.00020584598139731315
0.00020640940917507176
0.00020654601887876153
0.0002009492886898947
0.00019153779449853693
0.0001813595761958751
0.00017000378431652227
0.0001582300649835812
0.0001468123226762783
0.00013739808628918554
0.00013536406728208923
0.0001360224282390995
0.0001373386036583549
0.0001381313228780944
0.0001380866369856315
0.00013790289316615922
0.00013768188950792116
0.00013810227579204217
0.00013886983175892526
0.00014016597229796798
0.00014132488617041053
0.00014197704110757427
0.0001424014715403712
0.00014632492067631058
0.00015061863889260325
0.00015473762567953488
0.00015813537837251496
0.00016092011949125597
0.00016385255450431307
0.00016704373853659654
0.00016665053859047816
0.00016072502971424402
0.00015480396784394628
0.0001494146314872039
0.00014477096156696696
0.00014077996360897262
0.00013927204851083724
0.00013817908390320894
0.0001389090247142208
0.000139074708753462
0.00013891680112293754
0.0001400003610453971
0.00014146011851373248
0.00014824924959923953
0.00015519029741743536
0.00016231260027794965
0.0001682553024935625
0.00017474605295009742
0.0001807846942267808
0.00018132595496235705
0.00018320359493356633
0.0001851873624104292
0.0001890510617368746
0.00018991579304621764
0.0001931806487772711
0.00019747200599472747
0.00020287335984781312
0.00020619869205129192
0.0002061545703856028
0.00020577722447150066
0.00020522114227054068
0.0001994469243560555
0.00019330081799151847
0.0001872181402736491
0.00018059911739158689
0.00017534504143718038
0.00017143814268191164
0.00016773538594395677
0.0001642154403392986
0.00016211609518485218
0.00015940769211305445
0.0001564158515306154
0.00015371429902433334
0.00015111611641452843
0.00014729775919795226
0.0001429476122156771
0.00013952905104424495
0.00013507389816384905
0.00013059002718391233
0.00012610015768452313
0.00012201855846402765
0.00011788095963390128
0.0001146351349469181
0.00011248569803296753
0.00011040098965318884
0.00010759378379364888
0.00010331567336941968
9.93368068667232e-05
9.34916891732844e-05
8.659134161957678e-05
7.816459842807468e-05
7.09995625134605e-05
6.466868423242114e-05
5.913765220232015e-05
5.448785462098083e-05
5.355012975428845e-05
5.4493584518204084e-05
5.4580849849415487e-05
5.494566154116501e-05
5.255730539609298e-05
5.05635920894167e-05
4.870622874304307e-05
4.667478315009864e-05
4.601299297243636e-05
4.657166009294261e-05
4.709915686465606e-05
4.813264063991676e-05
4.925612304035534e-05
5.0574351062275686e-05
5.229117307859318e-05
5.419128559824443e-05
5.6969950111753395e-05
6.0427662692873175e-05
6.44617508892684e-05
6.902880311201667e-05
7.379835059714119e-05
7.824465660977196e-05
8.3336023999068e-05
8.906936361927047e-05
9.482299889165776e-05
0.00010016981485974393
0.00010557974950200605
0.00011074979263160614
0.0001154360007570807
0.00012037232637783512
0.0001264425495331241
0.00013328471970500632
0.00013959302420852882
0.00014318097732358488
0.00014730505632859766
0.00015004175533757242
0.0001552511475888607
0.0001607647500993333
0.0001665654387938967
0.00017262789680919964
0.00017927457879674774
0.00018624968791912803
0.00019317714519989063
0.00020046702841452065
0.00020942307237864255
0.0002208170822748567
0.00023217323286888573
0.0002440056080579489
0.00025622341985566925
0.0002681588370684789
0.00027581740927632104
0.00028460474490459085
0.000293575205027116
0.0003013778483467806
0.0003092968747115479
0.0003181674504197657
0.00032706778737991946
0.00033563316214030954
0.00034490728344734473
0.00035560495061067886
0.00036430001803153164
0.0003722099976164226
0.00038016925332975043
0.0003882500293904702
0.00039526909568375705
0.00039309439575006925
0.0003939763505323343
0.0003976378315333311
0.0004033522564872626
0.00040933632130791636
0.000416226956187122
0.00042398475890875975
0.0004325034309990631
0.0004415842033529637
0.00045188061655727593
0.00046317153016206807
0.00048079873881591074
0.0004968358770712364
0.0005094377600962669
0.0005141913966606529
0.0005112914642979496
0.0005060671657812864
0.0004999422269414865
0.0004935082218282444
0.00048781874746420744
0.0004883312167528207
0.0004884083224257388
0.00048767166222832406
0.0004852777522167135
0.0004787178475951924
0.0004701882100934791
0.00046145681721194645
0.00045455475014681275
0.000444426708379825
0.00043294656684295514
0.00042032692017853824
0.0004069434074539134
0.00039275419593917194
0.00037875028128090283
0.0003658049433799374
0.00035441674787160186
0.0003434317955754975
0.0003337003016225476
0.0003245008572833238
0.0003151710824368317
0.00030539282988067496
0.0002944509701949656
0.0002826224644554622
0.0002700661268305415
0.00025601246807487944
0.00024137728173671683
0.00022763357708321222
0.00021463636002774924
0.00020222954951574617
0.00018914605257529244
0.00017653295761086937
0.00016316782502769897
0.00014909666903665256
0.0001347774693041736
0.00012287163393965
0.00011384424190277368
0.00010683017668834967
0.00010052202481535986
9.557137494438875e-05
9.078531876219424e-05
8.686106545659696e-05
8.293388863761643e-05
7.834128810957164e-05
7.291769475332149e-05
6.758881058246224e-05
6.346523400423118e-05
5.9470059157118214e-05
5.6473355783654016e-05
5.39570305837201e-05
5.1261977844051956e-05
4.8664526842900395e-05
4.613982779508382e-05
4.49827674895321e-05
4.431320608759677e-05
4.375956670282086e-05
4.302003473199289e-05
4.282385063335332e-05
4.2184763064693587e-05
4.251488607641304e-05
4.3237648978775036e-05
4.391544172539362e-05
4.2460702383419184e-05
4.086654907934205e-05
4.005243781804785e-05
3.9427957857928446e-05
3.9000862454449504e-05
3.555358585540957e-05
3.2222383979260596e-05
3.109927730615011e-05
3.033070198822605e-05
2.935826791826769e-05
2.670357337420774e-05
2.4320587314236528e-05
2.2553812257532263e-05
2.0623009888985154e-05
1.857851350815525e-05
1.6646101744927346e-05
1.526480265101453e-05
1.420899082837633e-05
1.3261683017906258e-05
1.2525235339283478e-05
1.1989104370770274e-05
1.1647740151260092e-05
1.1455687899256273e-05
1.1387936252018499e-05
1.1813343673551611e-05
1.3149022072249687e-05
1.4074562050558641e-05
