4.3652805421238135e-05
6.3626785208878e-05
7.095499284953437e-05
6.925259785163737e-05
6.615950953006766e-05
6.37393252225152e-05
6.24906532304285e-05
6.199413666421341e-05
6.248055544796362e-05
6.354440230143105e-05
6.412798490442954e-05
6.408506109596769e-05
6.391671370123939e-05
6.374617544098824e-05
6.365335746800859e-05
6.363765910622735e-05
6.417091947604388e-05
6.485465649496441e-05
6.627450713862525e-05
6.793100673363944e-05
6.513367192619891e-05
5.9568764429762874e-05
5.372163633049525e-05
4.832230036314881e-05
4.803303920218063e-05
4.944762714997572e-05
5.1027074199699354e-05
5.2715673893659265e-05
5.441491397769475e-05
5.5364152006960994e-05
5.611867554519352e-05
5.6535041346201175e-05
5.7324871829973654e-05
5.7523871829785385e-05
5.5506002808599314e-05
5.357554612216304e-05
5.195668487489546e-05
5.02678048109301e-05
5.1193511833573154e-05
5.192290726543589e-05
5.1792770986256386e-05
5.1663609233167044e-05
5.156053151803671e-05
5.134274761681397e-05
5.065020838314714e-05
5.0195183079131875e-05
5.069449616649011e-05
5.1405950591988215e-05
5.231571598051971e-05
5.453315622538167e-05
5.1480535321327504e-05
5.0409916023827766e-05
4.90086595265565e-05
4.614238153546364e-05
4.5853431444996594e-05
4.793987891909954e-05
5.176189810727028e-05
5.5778674936019536e-05
6.025029786892709e-05
6.573473124870925e-05
6.956130179692028e-05
7.236801260936883e-05
7.639699225094476e-05
7.981896550115082e-05
8.164347738800942e-05
8.451125214122862e-05
8.777785856353587e-05
9.161026611827252e-05
9.579519923775998e-05
9.98741077813246e-05
9.925734798458101e-05
9.44167934469595e-05
8.988833931805802e-05
8.580423635298512e-05
8.107044926155077e-05
7.450494215338445e-05
6.957059421433878e-05
6.54104752028009e-05
6.260983397188386e-05
5.865466635800348e-05
5.3250255925802564e-05
5.020235727315585e-05
4.78742064582362e-05
4.609823386476078e-05
4.400312560229953e-05
4.266230763989334e-05
4.1037999126951766e-05
4.0434388900026514e-05
3.869701187806866e-05
3.7441264462023355e-05
3.5787133093217235e-05
3.474654394567541e-05
3.4171950052938625e-05
3.2668991736186716e-05
3.156002666313122e-05
3.191169899036292e-05
3.306912170875274e-05
3.484273814181864e-05
3.785962024591178e-05
4.40834536940262e-05
5.051518479047548e-05
5.630760470483501e-05
6.132903417577295e-05
6.731857320755715e-05
7.363088757011293e-05
7.977292469373504e-05
8.566131798910322e-05
9.22401407446822e-05
9.917930650306873e-05
0.00010398538743409132
0.0001091397219042527
0.00011500796445235076
0.00012128073264852997
0.00012694223095028288
0.00013041627256663499
0.0001338568935645158
0.0001386363453835825
0.00014131296935926852
0.00014354724998267762
0.00014522568480870426
0.00014696610204479826
0.00014925367543381672
0.00015292377117882318
0.00015682673235420795
0.00016134588692211916
0.00016984184648261854
0.0001781127944763172
0.00018602966832568306
0.0001937535400998146
0.00020211569005416965
0.000210956006510591
0.00022029320961243354
0.00023015160137254017
0.00024003374466317838
0.0002501510672789498
0.00026215152897234587
0.0002739931592188466
0.00028765932118378254
0.00030337349230834216
0.0003207294744495226
0.0003278896731594109
0.00033206139884280446
0.0003374880060731305
0.0003438611048088247
0.00034844303238382846
0.0003531998477360678
0.00036036042954427027
0.0003697897309505345
0.0003804801147551595
0.0003914252994963173
0.00040496115186106893
0.00041755805369483124
0.0004235468318698048
0.0004226332923756039
0.0004193762309242723
0.0004204802875802545
0.00042425382029192714
0.0004237001667755317
0.00041672599203992845
0.00040575140218915485
0.0003948840938924252
0.00038401437678168643
0.00037436528388395805
0.0003649731514629402
0.00035518216081555955
0.0003456062543919514
0.00033603819705158884
0.00032643866243356207
0.0003166080385677084
0.00030445958986732234
0.0002913496504408314
0.0002796613739698327
0.00026972215683710745
0.00025989241208756943
0.0002501457363703266
0.00024049905712787017
0.00023016255042244431
0.00021499587127628544
0.0001994014851133471
0.00018382843703057506
0.00016916581968611915
0.00015496381331337925
0.00014317062986219436
0.000135282945170472
0.00013334580778448423
0.0001313062932302781
0.0001275432221200625
0.00012189185822670759
0.00011379971358159544
0.00010441901426342073
9.698250534551737e-05
9.013031124980911e-05
8.448899275197798e-05
7.866235755618129e-05
7.044774857934716e-05
6.018662534232617e-05
5.300720736356718e-05
4.637794265505995e-05
3.954725158829503e-05
3.344606946808689e-05
2.599280516107694e-05
1.9925013002090784e-05
1.5482225690822783e-05
1.2065873454493666e-05
1.044235077113085e-05
1.1306318817900103e-05
1.2784046978780302e-05
1.6192427386244844e-05
1.7618600037812067e-05
1.8030205086331796e-05
2.206280315139326e-05
2.7558024421889766e-05
3.240748857412169e-05
3.6806271807088894e-05
4.144690902809343e-05
4.481174958397169e-05
4.84801398665055e-05
5.536731113596999e-05
6.57196308642983e-05
7.391818604814027e-05
7.953579542462764e-05
8.436733728978688e-05
8.904550665285061e-05
8.730497306197213e-05
8.545911764835296e-05
8.36511189348958e-05
8.085269317799171e-05
7.736867347402204e-05
7.501776496359773e-05
7.12338226885343e-05
7.084970001343297e-05
7.570245021249271e-05
7.776608073102454e-05
8.228974991517347e-05
9.139347830486373e-05
0.00010327207720684667
0.00011118794994645618
0.00011326950365391197
0.00011594595190382465
0.00011915520459457485
0.00012282879177947484
0.0001270162884141719
0.00013187392258139172
0.0001387684072722714
0.00014648922173469004
0.0001545538935320571
0.00016216452858382028
0.00016812835944992168
0.00017312511048675662
0.000177165078573113
0.00017929715687824507
0.00017929421243586483
0.00017121221988393724
0.0001607427858424611
0.00014908769622388286
0.00014396533558035985
0.00014351062677916588
0.0001444807264743176
0.00014553860183934988
0.00014599709303691897
0.0001487284383365948
0.0001500436408020379
0.00015070721408956572
0.00015091853175768665
0.00015086206568979782
0.00014982310631137376
0.00015089627972309335
0.00015203075093158177
0.00015218539878986847
0.0001524917745642375
0.00015363444513823117
0.00015465513036056036
0.00015447413236431594
0.00015056573956094582
0.00014644518055144848
0.00014290007570226865
0.00013969744580103326
0.0001368240216248685
0.0001310881064516109
0.00012549866380635703
0.00011717624455767664
0.00010848759046808975
0.00011004729806298351
0.00011487921067632407
0.0001195759309835607
0.00012515769328833352
0.00013160977920425736
0.00013880576866324428
0.0001459093337241632
0.00015081396056473373
0.00015679517464244367
0.00016470921999734963
0.00017196959917359969
0.00017663115433990122
0.0001804217174190176
0.0001850315383681679
0.00019255633271788363
0.00019708731950410428
0.0001996292515731043
0.0002016625901149426
0.0001954402519761542
0.00018929983899169858
0.00018353845005371447
0.00017729030019827626
0.00017082287864688203
0.00016178560715119142
0.00015306713041451534
0.00014523407088299473
0.00013828538012241717
0.00013185702863264756
0.0001257835193579602
0.00011932039496471855
0.00011272678667133433
0.00010779317324866954
0.00010232448105747156
9.768912120281353e-05
9.27231004626719e-05
8.960986947748514e-05
8.418240469614725e-05
7.796944344355824e-05
7.101104144261556e-05
6.354115809230774e-05
5.776863433315238e-05
5.2393726064215943e-05
4.802430274762096e-05
4.5755804276188175e-05
4.31653607855493e-05
4.3495605578672355e-05
4.118430900457898e-05
3.945912218627526e-05
3.769805289355105e-05
3.689037420504512e-05
3.65544098763869e-05
3.883322101122159e-05
4.044807088601809e-05
4.345674017408085e-05
4.7285152489818284e-05
5.18665449673251e-05
5.586118996842375e-05
6.093703661981819e-05
6.68041346419185e-05
7.364396517391667e-05
8.127664235521879e-05
8.933273703949381e-05
9.570874632373259e-05
9.840508065609631e-05
0.00010174659228107733
0.00010683974711335256
0.00011365593108553957
0.00012154808554335035
0.00012993739104931204
0.0001382419650140814
0.0001450638754819571
0.00015215701441913251
0.00016016665237853203
0.0001682041839880584
0.00017715601001761728
0.0001866278754028684
0.0001966197866949399
0.00020811086976260226
0.0002239969825619595
0.0002396010552684157
0.0002561866192460833
0.00026924714774878133
0.0002821134969140724
0.00029612738322704383
0.00031124023043534096
0.00032600400539087835
0.0003407559400004424
0.0003553385158930254
0.00036920728721857486
0.00038399472626777104
0.0004019561243299303
0.0004201056692433514
0.0004387342266491902
0.0004521820136922276
0.00046070298650674777
0.0004722962914872682
0.00048513947085630966
0.0004948357296827246
0.0005061058495501665
0.0005191284392216626
0.0005338288001629661
0.0005484822864268949
0.0005605569124602503
0.0005774950849775275
0.0005954489595772319
0.0005988396925639794
0.000601094214100984
0.0006039095575574497
0.0006046650586594956
0.0006034904164860976
0.0006051486347172347
0.0006023367841483921
0.0005952160347296435
0.000586012506845055
0.0005751300080752244
0.0005602698803214003
0.0005384087941045105
0.000515868914231503
0.0004931720230843412
0.00047069163283671724
0.0004479186416855821
0.0004268847149149572
0.0004077704522261621
0.00038956991002127696
0.00037110477198550973
0.00034923302865093526
0.00032684458403009546
0.0003051624228045395
0.0002827124492230397
0.00025868722512486375
0.0002339538648234603
0.00020942102941742615
0.00018706455075371078
0.00016750662561726605
0.00015147340335784518
0.00013476606582775634
0.00012052485844542962
0.00010840284014710192
9.94136213100155e-05
9.118395409857694e-05
8.392044721595232e-05
7.781952769983836e-05
7.252633339741437e-05
6.649487843941823e-05
5.753733053178488e-05
4.788376523360748e-05
4.085473234940594e-05
3.664184066821758e-05
3.3483991073865896e-05
3.109318046542613e-05
3.1355716700774914e-05
3.296475877269439e-05
3.420722865148497e-05
3.408012404953189e-05
3.303034880536557e-05
3.151513673423894e-05
3.0425390339932087e-05
2.9953730177646963e-05
2.993708360817886e-05
2.970667891810355e-05
2.806095546785221e-05
2.832672747216601e-05
2.9730974623167316e-05
3.10525895409924e-05
2.7829205281358915e-05
2.359742233190925e-05
1.9496953056869458e-05
1.741789716151467e-05
1.5302813979950673e-05
1.4119590311069345e-05
1.2497528598197629e-05
1.1091402792388608e-05
1.0231559438597394e-05
9.6368685897338e-06
9.330032466499636e-06
9.331170561976565e-06
9.583998374770354e-06
1.0736460072941273e-05
