7.291229649323201e-05
5.0308344941002967e-05
6.682112717269606e-05
6.49820530582192e-05
7.452818210377553e-05
7.499509131878899e-05
7.301518320808067e-05
7.15911145273725e-05
7.106856191989002e-05
7.123398587101572e-05
7.178760483994752e-05
7.289015125671129e-05
7.463682964150744e-05
7.657868045564203e-05
7.832883846608903e-05
7.933114465099998e-05
8.013919675932518e-05
8.02744901626703e-05
8.065603053627566e-05
8.138761644125538e-05
8.081401805335492e-05
7.988629610474141e-05
7.904716225828879e-05
7.802452033862363e-05
7.525932389730721e-05
7.065777172560815e-05
6.58413675742184e-05
6.102753229007613e-05
5.625366725281271e-05
5.175502002952469e-05
4.9984734212272036e-05
5.0394416011211745e-05
5.1341299313789095e-05
5.1690608405279256e-05
5.194598385469355e-05
5.234285937923213e-05
5.252476489253543e-05
5.253578911151105e-05
5.277441949906329e-05
5.165617176789376e-05
4.933068599064973e-05
4.798793441926495e-05
4.724687857618311e-05
4.6872862444558025e-05
4.675306189261533e-05
4.694559989778023e-05
4.8642329764265366e-05
4.953773615748921e-05
5.039644231354934e-05
5.124222072338842e-05
5.214327287989473e-05
5.358519444704811e-05
5.505053327238423e-05
5.667278589297027e-05
5.8726118862585695e-05
6.0950382325839706e-05
5.782798294823441e-05
5.422897674889247e-05
5.140362732524351e-05
4.885989724425284e-05
5.0149142313658325e-05
5.282298521248711e-05
5.506880235515123e-05
5.8007632678633755e-05
6.110819871424768e-05
6.44548880216694e-05
6.808712614983601e-05
7.190702121814604e-05
7.486231933267027e-05
7.799814389615594e-05
8.143833905437743e-05
8.231063073149675e-05
8.273373021937053e-05
8.417857890980157e-05
8.674690583923188e-05
8.895126283650436e-05
9.233179428132579e-05
9.64773369250071e-05
0.00010021411850740398
0.00010380420637939278
0.00010267003220093526
0.00010134497725400196
0.0001001683768268062
9.900646571943965e-05
9.608881451596382e-05
9.310021386521361e-05
9.032627374778722e-05
8.567086704948527e-05
8.124582533741229e-05
7.716673244121238e-05
7.387866354665981e-05
7.100802063446126e-05
6.776522280353673e-05
6.495042698503889e-05
6.126975344030347e-05
5.8273706550816825e-05
5.6055707890707326e-05
5.420547913822759e-05
5.293328192236979e-05
5.0723783364286574e-05
4.912030393026993e-05
4.8098580645139696e-05
4.714133947491838e-05
4.694793886729841e-05
4.7007294295308696e-05
4.589232998511054e-05
4.427772901471406e-05
4.301079024132016e-05
4.206766489514366e-05
4.121007022010211e-05
4.025477708725969e-05
3.9070468427986115e-05
3.822718238586026e-05
3.8288031470196075e-05
3.9283834511157825e-05
4.113605623752106e-05
4.429751340878468e-05
4.8434816716443326e-05
5.417076320416573e-05
5.94630870317798e-05
6.399523722843542e-05
6.759982130875266e-05
7.164319210451595e-05
7.628485088743013e-05
8.188972783192694e-05
8.690291582027758e-05
9.220224440171777e-05
9.762706713190132e-05
0.0001032676920465038
0.00010954959744962408
0.00011617448772842465
0.00012046059823474864
0.00012479085443126497
0.00013008359584078423
0.00013535433426248696
0.00014031087880888817
0.00014408787023251156
0.00014716904670593087
0.00014826185430344212
0.0001504851114329958
0.0001529500971092941
0.00015562920571044725
0.00015810601904659073
0.00015955705786558033
0.00016123983817626397
0.00016356990293874113
0.00016697599594562426
0.00017022927439176683
0.00017592528705213944
0.0001826048514317824
0.00019063979163919806
0.00019840332068639315
0.00020352394430476437
0.00020886478697912326
0.0002145195257115349
0.00022036109279802567
0.0002262989708718457
0.0002323485336484066
0.00023828254197058102
0.00024417521116236294
0.0002521217714130265
0.0002603194309013692
0.00026888572289650184
0.0002772522990180891
0.0002847533093389022
0.00029285689737572617
0.00029674215733108264
0.00029627904608850187
0.0002984149260821815
0.00030232214689777367
0.00030723129721488604
0.00031266055506103677
0.0003179780584820063
0.000324416574587984
0.0003318806392220648
0.0003387388590734524
0.00034524853969083676
0.000352105134797686
0.0003601939073908102
0.00037330687551511354
0.0003752680284238728
0.00037610141188737793
0.00037655634126539225
0.00037671702224608046
0.00037970563071033003
0.0003846418622137893
0.0003889954280281811
0.0003898951633937669
0.0003838769077342314
0.0003748336039649586
0.00036563097912818796
0.0003568362338082242
0.00034956874324909874
0.0003421597622765859
0.00033449038212783903
0.00032675590025299354
0.0003190056397092133
0.00031122176791547246
0.0003034404545899104
0.00029566778662517385
0.00028778794898545073
0.0002797930734368905
0.00027093397213956313
0.0002622282684438148
0.00025465104871605815
0.00024686654823570655
0.0002393097098294611
0.00023264005340009548
0.00022570706570856428
0.00021889187237217128
0.00021198618381664428
0.0002049776354558829
0.00019595539130840074
0.0001865747980065382
0.00017665004761709024
0.00016657114558694708
0.00015615742510283756
0.0001471084318811713
0.0001425449106749556
0.0001384448145518405
0.00013598349649395524
0.00013264036984546014
0.00012897797032465532
0.00012560812342873984
0.00012012304358387761
0.00011277114705862749
0.00010467446135478656
9.741929230903133e-05
9.297304110096288e-05
8.860732796248623e-05
8.226094185477428e-05
7.54127142902343e-05
6.913581117693498e-05
6.406650883072023e-05
6.016595956656116e-05
5.5807575248729425e-05
5.0270786676987785e-05
4.601855225877649e-05
4.097426045630577e-05
3.7335568265834055e-05
3.3289478367014355e-05
2.901367650766321e-05
2.6422721055799252e-05
2.497429134258283e-05
2.3472007080952674e-05
1.9989690373940484e-05
1.916879369113883e-05
1.9755777531180963e-05
2.0788691792299584e-05
2.3779175985060137e-05
2.6850828167769204e-05
2.9779984846636975e-05
3.300179824062211e-05
3.701011440400965e-05
4.23383956747274e-05
4.550667939619718e-05
4.72484588077431e-05
4.917112922747588e-05
5.7469598843482535e-05
6.8823119230665e-05
7.293925517655113e-05
7.889603597833358e-05
8.268360768847187e-05
8.46194025774031e-05
8.21449087326892e-05
8.127560398173122e-05
7.964511202775657e-05
7.818730292675072e-05
7.660165860174915e-05
7.456916092716787e-05
7.325917814094339e-05
7.197636937880372e-05
7.024735763537301e-05
6.938044190352502e-05
6.788214815024173e-05
6.680523625942552e-05
7.344030773049431e-05
8.016464651402859e-05
9.007483806208282e-05
9.998430771104944e-05
0.00010899145660937717
0.0001172482091025299
0.00012633473265883478
0.00013497104513234147
0.00013994941568216463
0.00014456298731491699
0.00014957904897688865
0.00015486785243363165
0.00016000494186189853
0.00016491805275546613
0.00016964178053911787
0.00017506096194529522
0.00018081359470046475
0.00018657164560111848
0.0001923279706481993
0.00019714914009626118
0.00019947270823780387
0.00020018787524641392
0.00020044956092819496
0.0001945983525121146
0.00018421859589473472
0.00017347636671246976
0.00016163219204839437
0.00014930207949940183
0.0001387058542892184
0.00013564262854555767
0.00013560556933151971
0.00013703069121644325
0.00013887657331673517
0.00013995648989044163
0.0001400772684344189
0.0001398319087149023
0.00013962297706662224
0.00013993985712897622
0.000140451040363948
0.0001406147287246505
0.00014047965007444232
0.00014321024099317865
0.0001475979965366222
0.0001520413609224273
0.00015499522234741536
0.00015709423530515512
0.00015972153587280748
0.0001618451648396798
0.00016114027946949268
0.00015927146945234419
0.00015706583253251386
0.00014887597580199425
0.00014445348042335985
0.00013936520352970675
0.00013462908460207414
0.00013146396384366993
0.00013100605032279278
0.0001306845515604329
0.00013014235987852745
0.0001314348413555558
0.00013798620240688096
0.00014548023223652975
0.000152767507303522
0.00015767939786546503
0.00016262172138414776
0.00016870020946456522
0.00017083060272229334
0.00017230119586460088
0.00017458987051621305
0.00017727567597779578
0.00017957236271521276
0.00018536287839607298
0.00019126533328532667
0.00019787949813581315
0.0002048669192239462
0.00021126005322261377
0.00020816224020045498
0.0002018993924410788
0.00019528991541712125
0.00018875007555639052
0.00018252321170506475
0.0001762984432560371
0.0001718799357995263
0.00016781197242654415
0.00016395788437777569
0.0001617036456395769
0.0001588653234195987
0.00015554808830312507
0.00015253119900399896
0.0001482548009128024
0.00014397230297557716
0.0001385168016023813
0.00013334146442357749
0.0001290276408409924
0.00012398003505634285
0.00011958406602930947
0.00011499034668326511
0.000111593729615748
0.0001087694930740093
0.00010539980490639097
0.00010366770191468395
9.964401484530028e-05
9.451089431097322e-05
8.796338872602336e-05
8.075340876364154e-05
7.377738283078676e-05
6.672603519570927e-05
6.0535100672654934e-05
5.533333925714023e-05
5.186949624249191e-05
5.159066730753079e-05
5.179518990702408e-05
5.220346963842941e-05
4.9891334548313776e-05
4.789789141776686e-05
4.603121552757619e-05
4.4025015993252566e-05
4.312920884501104e-05
4.409903341959122e-05
4.485846256667015e-05
4.6282941763447806e-05
4.744235033330883e-05
4.950159159773735e-05
5.167431277702023e-05
5.512086619481356e-05
5.914210121497375e-05
6.344341148699466e-05
6.802196910142972e-05
7.21906546768906e-05
7.704577582880795e-05
8.259017719656957e-05
8.882943266757099e-05
9.545954323548251e-05
0.00010136474696006954
0.00010533615177146804
0.00010889165479110386
0.00011432778079998648
0.0001202105278147522
0.0001271361154300393
0.00013449336913796573
0.0001391766561485223
0.00014341262637156395
0.00014770779945552686
0.00015359467308685658
0.00015955239879298914
0.00016584146047541739
0.00017245380374234239
0.00017937609761672053
0.00018665809224750903
0.00019429044102049414
0.0002022492363918874
0.00021385469054315342
0.00022595907461140245
0.00023850587551145128
0.0002518436903723864
0.0002650232579073512
0.0002756058035734474
0.00028730032312771864
0.00029797554552591634
0.0003067326613041469
0.00031619135770232437
0.00032627711835733764
0.0003360129528625792
0.0003457761704182218
0.00035681316967275045
0.00036909917193739825
0.00038037892190174
0.00039174656031097833
0.00040198661491854356
0.00040915025897485203
0.00040841042064747193
0.00041127124417702897
0.00041855113856815833
0.00042765291481794226
0.00043548582649189667
0.00044414465553126636
0.00045360399325787565
0.0004640377076861245
0.00047584222646698126
0.0004866898606281981
0.0004984221261161744
0.0005185481864167073
0.0005362074771632516
0.0005473523358295894
0.0005472423555294426
0.000543052467418434
0.0005370148400198798
0.0005300845990168284
0.0005226568223074195
0.0005227445005669248
0.0005224563588096152
0.0005212275619844125
0.0005168174097520418
0.0005088225736008331
0.0004989324724142328
0.0004881723945059505
0.00047545220947262383
0.00046230650577784783
0.00044884626641693325
0.0004319772585984978
0.00041500676769973017
0.0003983818455182761
0.00038173192670723445
0.00036632222782987897
0.00035278511210818037
0.0003423635302445817
0.00033220640649839043
0.0003212373689056424
0.0003093362285949554
0.0002973390170050743
0.00028359741792164696
0.00026713210344365854
0.00025152400008742365
0.0002349850276012247
0.00021861871010991592
0.00020265477723911002
0.00018869007079602782
0.00017463365970582154
0.00016063169485139292
0.00014524965816376708
0.00013048702001275652
0.00011798243302154539
0.00010825609569442103
0.0001010478374295491
9.491811290938582e-05
9.035773287316995e-05
8.623136355662612e-05
8.194826748453349e-05
7.791858843019167e-05
7.27914023246308e-05
6.61858004909285e-05
6.007665008789913e-05
5.5006411267329005e-05
5.126641988338153e-05
4.851584066184287e-05
4.573824999172154e-05
4.3265282524091144e-05
4.129164698192118e-05
4.053485390489093e-05
4.023960823420386e-05
4.029052746476805e-05
4.0878351657626105e-05
4.024020710542651e-05
4.028472507178021e-05
4.088464186910898e-05
4.107767993938576e-05
4.049151360495889e-05
3.858323584512871e-05
3.778998741674415e-05
3.6898855828520646e-05
3.611069521781844e-05
3.50814865855513e-05
3.32791515617693e-05
3.174549657052908e-05
3.0550064181110205e-05
2.7588080145985244e-05
2.4565145263987087e-05
2.2293783723982404e-05
2.0397089561004542e-05
1.8225306391577768e-05
1.614006013320382e-05
1.4631314591490351e-05
1.3411947419047334e-05
1.2396144329933868e-05
1.1629030129848977e-05
1.109261733670583e-05
1.0776797633041218e-05
1.0682700610036239e-05
1.0754270423168671e-05
1.1660480667328189e-05
