3.720702564223168e-05
7.363632930516548e-05
6.93944347404931e-05
6.571855681955936e-05
6.232769434674834e-05
6.049079511921287e-05
5.967894573257846e-05
5.962824075435709e-05
6.030912550462133e-05
6.029008122962864e-05
5.93359784392462e-05
5.8940942366522464e-05
5.864819548664593e-05
5.862378299642418e-05
5.846451402204558e-05
5.887283903405784e-05
5.95133624944882e-05
6.072234937700816e-05
6.21517115334932e-05
6.10360132052255e-05
5.587521012427239e-05
4.983216735703363e-05
4.7279482898715866e-05
4.8123005280112325e-05
4.963911611275166e-05
5.1457869330137796e-05
5.392567731324727e-05
5.6538648226760504e-05
5.811565715376578e-05
5.845951962945556e-05
5.883037685034121e-05
5.98759038954918e-05
5.830035241379118e-05
5.618856147073518e-05
5.399030103732445e-05
5.2157234640635815e-05
5.320684050296553e-05
5.363575940162098e-05
5.308695008056549e-05
5.2562347125997545e-05
5.207483723199092e-05
5.1248597688459985e-05
5.011261972350965e-05
4.9168909856053076e-05
4.8930002428058426e-05
4.901113491377717e-05
5.0590468735202835e-05
5.28127843322277e-05
5.362931993894465e-05
5.002447715517778e-05
4.844509682482247e-05
4.653132099986582e-05
4.595597584426639e-05
4.794177577021062e-05
5.157881471554847e-05
5.6015217468411224e-05
6.227411257597423e-05
6.71310145950773e-05
7.021766081283538e-05
7.451861491256597e-05
7.785605007422346e-05
7.966781493913708e-05
8.15213819032904e-05
8.362194267043951e-05
8.696813493906037e-05
9.24757339969538e-05
9.670844642214254e-05
9.68202175547276e-05
9.188479282073531e-05
8.70603928625477e-05
8.156277652714207e-05
7.51890608860143e-05
6.941231402850384e-05
6.45320040120032e-05
6.124035747958782e-05
5.820063499099153e-05
5.260878115953667e-05
4.8557639645592863e-05
4.589134558017584e-05
4.3699338256229385e-05
4.1760126489636575e-05
4.074645696939492e-05
3.906216025519284e-05
3.7401144063804766e-05
3.604943160787863e-05
3.451385665673997e-05
3.29992862247035e-05
3.26721996015112e-05
3.1286239646232436e-05
2.972645581966037e-05
2.99532788168359e-05
3.085316007329625e-05
3.257782192259924e-05
3.5635720109008285e-05
4.087013601371491e-05
4.756025764575127e-05
5.390857129073242e-05
5.957158661795906e-05
6.583568387968278e-05
7.263684799836445e-05
7.942328734285946e-05
8.633306227643011e-05
9.312971771488473e-05
9.834253086167485e-05
0.00010329328606152919
0.00010922067140681769
0.00011549929303945311
0.00012203150679938017
0.0001257460530629263
0.00012931932933171885
0.0001343464510058632
0.00013824851062019697
0.00014047431157480908
0.000141697142788045
0.00014379100634423812
0.0001471951631948195
0.00015126067275649628
0.0001552524960757504
0.00016097853135440225
0.00016986282731049342
0.00017886423104989275
0.00018523444016277637
0.00019397568622480236
0.00020317412828864772
0.00021305844417553605
0.0002235380885734177
0.000234190165346828
0.000245212019177104
0.0002584346001947329
0.0002740870198043189
0.0002927483928191548
0.0003106814813001093
0.000328829854394789
0.00033597799426322053
0.00034104882222143747
0.00034719842282102597
0.00035103043836551745
0.000356179310233697
0.0003628389950008307
0.0003717030663236444
0.0003819000947244449
0.00039326023478015987
0.00040634035752469414
0.0004198251807070836
0.00042271221859339485
0.0004242479321660147
0.00042205735870030675
0.0004223834123260666
0.0004299554472955617
0.000430121942614685
0.00042275168807158605
0.00041167580356631827
0.00040033820754700115
0.00039015663353983014
0.00038148953512291017
0.00037217981918065505
0.00036213646376972395
0.0003520446071046968
0.00034178775918989327
0.000331250817472604
0.0003180499072819182
0.00030408548710021894
0.00029122348015813874
0.0002809451967974683
0.0002712604087220365
0.00026144602886828973
0.0002517850220643772
0.00024040363907001905
0.00022323076924883563
0.0002055037915953441
0.00018737847867888915
0.0001691910048426841
0.00015152697480904574
0.00013961666543833962
0.00013394331839482003
0.0001317801317808028
0.0001284986806269669
0.00012399136312633198
0.00011578893548685986
0.00010586286763967553
9.75868834139707e-05
9.048938189404866e-05
8.423430890316518e-05
7.806664124072193e-05
7.13105593431487e-05
5.9708380556925116e-05
5.068299444811149e-05
4.253955520535784e-05
3.6449807586110876e-05
3.063007091477119e-05
2.299763334307028e-05
1.6342158278857408e-05
1.169064759980675e-05
9.318727359699416e-06
8.534986114180846e-06
9.222358440204935e-06
1.170155440412968e-05
1.4654524871807562e-05
1.671934099815309e-05
1.9229860693558205e-05
2.366860662131285e-05
3.011920071877265e-05
3.584584721602116e-05
3.95735869275601e-05
4.5064865624433394e-05
4.855395615634367e-05
5.523437813268259e-05
6.480321935985019e-05
7.440901803533458e-05
7.976691442690843e-05
8.48457147420413e-05
8.98331905064213e-05
8.89877334202321e-05
8.662507364762418e-05
8.386404862134044e-05
8.074456985958768e-05
7.733521518527649e-05
7.461515998064867e-05
7.343723762276026e-05
7.828393109765867e-05
8.07121101979539e-05
8.418738036486154e-05
8.903140329702973e-05
0.00010166600522690091
0.00010597066674730197
0.0001069598793386336
0.00010934449479825779
0.00011300482946143631
0.00011686417701430257
0.00012119555092105652
0.0001270651208681522
0.0001338806039039208
0.0001421617963342718
0.0001507318674957965
0.00015730426234211324
0.00016297439330375038
0.00016834377059300504
0.000172068942574014
0.00017440738244997735
0.00016816803031808903
0.00015818702788247775
0.0001477206357279573
0.0001463069814765552
0.00014743925022435742
0.0001493084522848988
0.00015125825046489777
0.0001531522233960802
0.0001574586041059481
0.00015898627166679178
0.0001578778240862291
0.0001560960909719233
0.00015402555544364552
0.00015342102889174226
0.00015443326100949482
0.00015420324494951727
0.00015411662450714108
0.0001541139487055964
0.0001559443349240364
0.00015596728660599254
0.00015275693230280303
0.00014757093756607558
0.00014257818448524826
0.0001379192485849213
0.00013420834138582843
0.00013387298150548745
0.00012600048691845093
0.00011578969735372403
0.00010949901118525444
0.00011002266008910576
0.0001123252082888437
0.00011598226305695022
0.00012179014308914787
0.00012919740373645397
0.00013787044822694846
0.00014580431374829473
0.00015195595637056199
0.00016001441572911093
0.00016773931333540382
0.00017253175756170932
0.00017671883939335614
0.00018153615917006959
0.00018546828428455555
0.00019240093783857553
0.00019485652163031748
0.0001984834436853107
0.000200572800949951
0.0001951600599570405
0.00018940005376109664
0.00018299981986796842
0.00017244124661369345
0.00016230958196890738
0.00015162443116499363
0.00014114551258063534
0.00013372915770220624
0.00012709560155457617
0.00012087476439611176
0.0001139638331532123
0.00010748612628069836
0.00010159153564239381
9.626545333521461e-05
9.055842687423803e-05
8.536569375296078e-05
7.987533449830619e-05
7.486406307781598e-05
6.776878971149552e-05
6.04253597728444e-05
5.4293685567611615e-05
4.9038545260849554e-05
4.4798661698080735e-05
4.2648942854301505e-05
3.952757950849973e-05
4.074907524294013e-05
3.781557860534941e-05
3.6447412427514366e-05
3.533085571031928e-05
3.493171008438587e-05
3.54292129678428e-05
3.799215457275684e-05
4.090056558807348e-05
4.514634749293496e-05
4.9173130318153856e-05
5.362495033269378e-05
5.9031758666865215e-05
6.53715615252356e-05
7.301441536371333e-05
8.146670002707382e-05
9.010724328960984e-05
9.417776167003515e-05
9.770173707708245e-05
0.00010146233515630092
0.00010748514731834634
0.00011511200514984955
0.0001243424295702943
0.0001335645811184782
0.00014158766717059125
0.00014960428607314622
0.00015842877279072847
0.00016717677766863045
0.0001767793018447436
0.00018690161624206717
0.00019759118882688433
0.00020971881713320717
0.00022675626931242937
0.00024355987320038327
0.0002602671959559134
0.00027321300629984293
0.0002878726832446996
0.0003034932620091463
0.00031961962783794867
0.0003342340235429215
0.00034817826069214895
0.00036242104267279843
0.00037857445828903564
0.0003992009718170206
0.00042019106899987427
0.00044141746159372596
0.00046047857559687686
0.00047129592951543673
0.00048487423726159144
0.0004958462609732045
0.0005064821570435951
0.000518988645316658
0.0005333813265817849
0.0005472059148458305
0.0005617965353186515
0.0005742152481367973
0.0005962527538791302
0.0006071795618802462
0.0006122346392878739
0.0006162010183191323
0.0006182738432945784
0.0006117342688241592
0.0006138091771665971
0.0006133232603089435
0.000609219208909837
0.0005995068249074669
0.0005885389098130595
0.0005720652125852889
0.000550920515803886
0.000528716937010088
0.0005046489922815544
0.0004796991295628963
0.00045605951981413475
0.00043335044896621446
0.00041133471073891603
0.0003918009066785442
0.00036830328247276984
0.00034674560520953524
0.00032499755676732494
0.00030169263864319204
0.00027514412533446693
0.00024825245674730005
0.00022089455685962706
0.00019402785996050677
0.00017071855891776774
0.00015302509246826812
0.0001358096063654362
0.0001213200789678627
0.00010986607230105145
0.00010081551795032346
9.171815232549604e-05
8.251290166870346e-05
7.513051363712054e-05
6.878789185579431e-05
6.041861072175633e-05
5.061915320293054e-05
4.100425244558636e-05
3.498548676370832e-05
3.1677626960183126e-05
3.0135592352127207e-05
2.9255261290594376e-05
3.059914845979346e-05
3.2212795364713485e-05
3.21273743012903e-05
3.067392723147975e-05
2.8850256368143223e-05
2.7399234263411356e-05
2.660006582152565e-05
2.680995204777089e-05
2.620992892273862e-05
2.5915166225482955e-05
2.6402561168288286e-05
2.760656823042006e-05
2.870310951086475e-05
2.4288136676969505e-05
1.9789290627946042e-05
1.586155402149922e-05
1.4197048288148985e-05
1.24606458819687e-05
1.1692755142204429e-05
1.0800193721984441e-05
9.91435918976333e-06
9.317899357259442e-06
9.044810983495516e-06
9.135286600437527e-06
9.406643382576098e-06
