2.0073633136815368e-05
7.85193961092587e-05
5.8803123521678474e-05
5.527367191983579e-05
5.211440287546086e-05
4.997007410906189e-05
4.688161771087002e-05
4.549696300127048e-05
4.447430426850768e-05
4.337673110851992e-05
4.2251309573185106e-05
4.1490804531325564e-05
4.156792595211058e-05
4.286531789690902e-05
4.5440980225107164e-05
4.834051748049332e-05
4.507340471789101e-05
4.2745295610783924e-05
4.876475764583712e-05
5.562688833914691e-05
5.96779376566025e-05
6.294837529607144e-05
6.585303344738876e-05
6.693792802006857e-05
6.732139785499743e-05
6.607933177573739e-05
6.478780956012609e-05
6.124288486210109e-05
5.711108877148233e-05
5.608094265946807e-05
5.6859606226018365e-05
5.5975138263741824e-05
5.481201323669881e-05
5.320502642825598e-05
5.096968920812814e-05
4.8470682133424536e-05
4.8318152194526784e-05
4.9145711122011514e-05
5.0499316960581864e-05
5.198447900046496e-05
5.333400926134915e-05
5.387241384832877e-05
5.494196669743756e-05
5.770546335513502e-05
6.0638432890074614e-05
6.149005886812761e-05
6.448901772332556e-05
6.685191577831128e-05
6.62850130768139e-05
6.86078987889362e-05
7.193795598558719e-05
7.268924857915263e-05
7.521138657498504e-05
7.790077088481967e-05
7.85404307337537e-05
7.770383137410821e-05
7.748698860117238e-05
7.711269131177504e-05
7.704638886926248e-05
6.82505340475851e-05
6.231318178405971e-05
5.5338437753924626e-05
5.194548705578148e-05
4.913839921599502e-05
4.596978825991104e-05
3.947395504620536e-05
3.739419467908125e-05
3.426033017060616e-05
3.250723457620599e-05
3.006331049534309e-05
2.8451694271564754e-05
2.7521637344692433e-05
2.599946639732118e-05
2.5796623724932303e-05
2.3768526221275806e-05
2.40828845072124e-05
2.5118752443036256e-05
2.8081038785552184e-05
3.276458270713568e-05
3.735184220769931e-05
4.4952819046101624e-05
5.3200616415430904e-05
6.042717416485761e-05
6.933871511419837e-05
7.689785435445646e-05
8.327319290163306e-05
8.943525895155547e-05
9.643789682738042e-05
0.00010336847350636933
0.00010827945102004368
0.00011408822611630044
0.00011974407069254939
0.00012636953374399332
0.00013163831424944748
0.0001341549170917513
0.00013791971576580737
0.0001422726232787217
0.00014733002317394268
0.00015247813099539788
0.00016353119362043115
0.00017137307801545694
0.00018019251052344302
0.0001901654519158117
0.00020151577714145195
0.00021606499380049486
0.00023201565540961825
0.00025031499226176924
0.0002715688265247943
0.0002961939984275039
0.00032028752114973946
0.0003427069011025319
0.00034398793544985253
0.0003489554575623884
0.00035476570607589664
0.00036206313510671984
0.00037069492969960514
0.00038254440830741627
0.00038942316059774145
0.00039195394156301013
0.0003916557617055245
0.00039414339857086084
0.00039790302301502496
0.0004017610937401728
0.0004245231978942263
0.00043752597294184235
0.00043847665824153597
0.00043073717587011084
0.00042349950025094346
0.00041886688613322295
0.0004136787421634915
0.0004086241901779499
0.0004043678881459688
0.0003950237134638908
0.00038515921888854953
0.00037067697758222764
0.0003550060556568483
0.00033957247083608996
0.000324093477862697
0.00030540946283899004
0.0002795127880739478
0.0002517336916931914
0.00022315153435097283
0.00019441193590875777
0.00016880755164243308
0.00015134698177973432
0.00014081225339454607
0.00013445146456239366
0.0001282451237398471
0.00011892967843297856
0.00010853228885565971
9.866791406483165e-05
8.823939100820848e-05
7.73109867463109e-05
6.595319559672447e-05
5.617879258793859e-05
4.763279824309418e-05
3.5213830813189136e-05
2.558450149821661e-05
1.917270970818393e-05
1.4206494036274395e-05
1.214129416382653e-05
9.577380259718182e-06
6.825352351387356e-06
5.237133258071476e-06
6.459046915171725e-06
9.57393517551262e-06
1.7940072247290528e-05
2.3516611263731827e-05
2.9712997652793286e-05
4.2333559687351975e-05
5.320860168831848e-05
5.888955269050565e-05
6.549297055827061e-05
7.46059439683012e-05
8.226826802553984e-05
8.633859553335195e-05
8.997126443687189e-05
9.308285637133406e-05
8.717621054253787e-05
8.343690124178207e-05
7.98371377827895e-05
9.678173796758546e-05
9.054906809500705e-05
0.00010184436631899464
9.953944203774825e-05
9.814985967990106e-05
9.255941445143306e-05
9.003757469279287e-05
8.88181340246158e-05
9.04571850481828e-05
9.577529345184663e-05
0.00010329012293209665
0.00011272191095467532
0.0001212636715822726
0.00012785262228101447
0.00013430254998415486
0.00014194773373713286
0.0001506776094636338
0.00015803048241414268
0.00015462602626203936
0.00015523572520459656
0.00016351688296339516
0.0001750876314854409
0.00018546117571738605
0.00018868931447758093
0.00018828356287126205
0.00018621835645780705
0.00017819151137311086
0.00016998424638520676
0.00016709405645703472
0.00016526755698320134
0.00016409317544162025
0.0001625940007879266
0.0001611118306250479
0.00015896218965201692
0.0001600780459650991
0.00015424780376781485
0.00014459277143868632
0.00013778467582817915
0.00013265263635656125
0.00012894604051835496
0.0001293659810296581
0.00012911559483741157
0.00012745831389169427
0.0001274183565981696
0.0001284175968877331
0.00013253541192774198
0.00013921858614970647
0.00014294195844366018
0.0001454125300504619
0.0001509337565469566
0.00015850563824656495
0.00016519656752817625
0.00016824752276253227
0.00017154240094621878
0.00017403645807579783
0.00017239728205874143
0.0001719961015914903
0.00017689873045105675
0.00017516770078933067
0.0001719352325939933
0.00016745473418794545
0.00016359551251739625
0.000156663495838284
0.0001486775714524084
0.00014063236000155235
0.00013447437682011202
0.00012922727357994555
0.00012440402103890884
0.00011725125584802578
0.00010743276388967173
9.353253263424941e-05
8.104730472626246e-05
7.293547893630588e-05
6.250018572478881e-05
5.224667432598941e-05
4.329488813800844e-05
3.606678938262886e-05
3.090781751556861e-05
2.8685728240661974e-05
2.6518280554051476e-05
2.6222137742905576e-05
2.6191910094926593e-05
2.7326956075911232e-05
2.9335617256331303e-05
3.3576493790544185e-05
3.853050914668347e-05
4.462111564142274e-05
5.2204179768693906e-05
6.029104658097608e-05
6.97385979229789e-05
7.790107996761078e-05
8.52342809553053e-05
9.1903043262333e-05
9.700060106738681e-05
0.00010403758656065253
0.00011587865937305201
0.00013084738788231992
0.00014252675015299785
0.00015443616511282216
0.0001660138559054194
0.00017877014333294442
0.0001904627183491439
0.00020230923569805408
0.00021565573395870196
0.00023679191090132508
0.0002535751096671807
0.00026971535706670364
0.0002868265971148477
0.0003049842360882662
0.0003243751280411001
0.0003455188798936362
0.0003668203384125706
0.00038912714499136545
0.00041482301620593116
0.000444207896123429
0.0004714191417727682
0.00048632217561768833
0.0004971467648019152
0.0005077138784206813
0.0005209681178308323
0.0005369554941324537
0.000554224113480958
0.0005672984677426599
0.0005793189608833631
0.0005959117682932822
0.0005925190870390857
0.000595396933580343
0.0005963534385849382
0.0005982734388895659
0.0006144343423587315
0.000619434746413216
0.0006157561507431149
0.0006082059857171651
0.0005916963688993742
0.0005766661462387442
0.0005613467405858688
0.0005388104432475408
0.0005119871788943204
0.0004789176250689696
0.00045044891880765376
0.0004208121677460485
0.00038479132219041486
0.0003474756774333826
0.00031274554454902763
0.00028052412842469177
0.0002463729461651551
0.0002123739158909008
0.0001822474942688957
0.0001611449261290972
0.0001421393506008775
0.00012818203795121093
0.00011498454507571072
0.00010164619638162594
8.837102520616434e-05
7.429977992000183e-05
6.014592119737887e-05
4.784962370497201e-05
3.59137644165125e-05
2.936852385225806e-05
2.6939125217877934e-05
2.5538680228339698e-05
2.5792598989657008e-05
2.461508565159063e-05
2.2949192643888417e-05
2.0464965737779933e-05
1.839127356609869e-05
1.6679648853670965e-05
1.4117336101481726e-05
1.3379644957490777e-05
1.394906492066323e-05
1.5850394106010788e-05
1.6379608990061592e-05
1.4878954254961312e-05
1.3192463677950295e-05
1.0186522732991641e-05
8.228171752400045e-06
7.931343894545975e-06
7.638369659182124e-06
8.266897166884704e-06
9.031922934660522e-06
9.76665233850446e-06
1.0047192062678496e-05
1.0320599707373345e-05
