3.207145943496588e-05
7.642770394322556e-05
6.663590718961851e-05
6.21172254011567e-05
5.916762824740135e-05
5.7619610716664934e-05
5.702635633960243e-05
5.731615044830513e-05
5.6806155263823484e-05
5.583279284577864e-05
5.475432323882602e-05
5.3999676531820354e-05
5.3855183891924995e-05
5.3719028275804026e-05
5.3852971130451614e-05
5.4468400820226355e-05
5.5431458245642256e-05
5.66813988265745e-05
5.581974448638441e-05
5.244720250721207e-05
4.7046969598418586e-05
4.67573706103798e-05
4.875726614664973e-05
5.134564883402263e-05
5.410699244722671e-05
5.686968531183135e-05
5.9390959961550056e-05
6.073131212421906e-05
6.0851286902001347e-05
6.147678273623686e-05
6.138329641796715e-05
5.884207240044469e-05
5.642170845482797e-05
5.396720710934933e-05
5.408344552840948e-05
5.474065009941993e-05
5.395266635923895e-05
5.2928267511241964e-05
5.187348555642789e-05
5.042013389756771e-05
4.86990196435678e-05
4.70057049567339e-05
4.611792929110768e-05
4.68550784835835e-05
4.8539210247456446e-05
5.066299402928305e-05
5.287002681515998e-05
5.2265655005596855e-05
5.007392892824172e-05
4.925047287314861e-05
4.911016322381941e-05
4.991879339067158e-05
5.321003188774181e-05
5.920645940646411e-05
6.566986257316763e-05
6.882807386450212e-05
7.252522991302979e-05
7.599969850485721e-05
7.65970184414534e-05
7.854983133273426e-05
8.067623579151252e-05
8.307984782277109e-05
8.812334183751e-05
9.225447886166519e-05
9.394536365295105e-05
9.124901799144401e-05
8.419928913613062e-05
7.81723260165112e-05
7.139308367383855e-05
6.581528614832852e-05
6.174127219901173e-05
5.8572903796772036e-05
5.5148177647073776e-05
4.845619541002537e-05
4.508100275263275e-05
4.2263401601440185e-05
4.0209276575758546e-05
3.903824599978177e-05
3.791727907829715e-05
3.525832524434216e-05
3.4064577036351594e-05
3.250478750636068e-05
3.093469942816687e-05
3.069713610055683e-05
2.8972688807548847e-05
2.8013648976504515e-05
2.853866528075815e-05
2.9478445611359045e-05
3.1925624140191465e-05
3.588223811396738e-05
4.1923467481994425e-05
4.842112738745876e-05
5.502619532958826e-05
6.136790257599143e-05
6.820692847816546e-05
7.541242452296724e-05
8.271036965853367e-05
8.993662401130037e-05
9.494864037349398e-05
0.0001006217834682574
0.00010648058117045009
0.00011306486905410929
0.000118914125903746
0.0001224754567062846
0.00012747120172509216
0.0001326248549123141
0.00013644082262690959
0.00013773646019928475
0.0001401334406628043
0.00014321220949968484
0.00014733696104371726
0.0001515707316657062
0.000156020288580583
0.00016513414522740537
0.0001743730852177843
0.00018126570375574596
0.00018928868056655908
0.00019928628728441248
0.00020981618854337632
0.00022109839351914482
0.00023239328068961699
0.0002449240496083043
0.000260266568450258
0.0002797382521680383
0.00029907804734142693
0.0003187485928031141
0.0003360341614128726
0.0003425531383996803
0.0003481681301720639
0.00035107015623468706
0.00035584108752203495
0.000361736835277886
0.00037008368762290073
0.00038037991152742437
0.00039202246357172106
0.0004050113923108605
0.0004145241688590206
0.0004162255912303259
0.00042054042313397334
0.0004205306144110318
0.000420514335879951
0.0004287682248874234
0.0004283158156724118
0.0004239416500459045
0.00041476404959366964
0.0004052841252954591
0.0003977300187786035
0.00039013507101185385
0.0003820421065653185
0.0003736867545633803
0.0003649966201444089
0.00035408941671084685
0.00034045283864127295
0.0003264794593495514
0.00031239795223404076
0.0003004587394158506
0.00028972209633395813
0.000278850920533145
0.00026735825487790577
0.0002519881155751412
0.00023247952252752782
0.00021256365969639108
0.0001923332003047957
0.00017208594806041678
0.00015341572225406494
0.00013937952735332013
0.00013477063733404167
0.00013095847727572011
0.0001265892638734961
0.00012013754077618985
0.00010782896550890881
9.821103548646225e-05
9.059421550697524e-05
8.398025430515324e-05
7.741327187890983e-05
6.986995169919377e-05
5.877914896457063e-05
4.853188337603133e-05
4.083200533539721e-05
3.337491758004078e-05
2.75247116243278e-05
2.003114986899443e-05
1.3891715617667513e-05
9.833711525260962e-06
7.989626638377485e-06
6.888611798119075e-06
7.330921077298582e-06
1.03142323710262e-05
1.357530078088964e-05
1.6606540864137382e-05
2.1012212013977468e-05
2.5826534114484828e-05
3.326831653846099e-05
3.894756810211519e-05
4.603488923551488e-05
4.901860436670764e-05
5.467957768401881e-05
6.464166049810725e-05
7.442538085390297e-05
8.022806680919498e-05
8.544020928265175e-05
9.058790574813859e-05
9.04514081496551e-05
8.664445337168634e-05
8.431482920642231e-05
8.074892415534941e-05
7.759461853085607e-05
7.614953534247997e-05
8.121986457668293e-05
8.276255416229677e-05
8.775340655038821e-05
8.916953170554725e-05
9.75250655588335e-05
9.991400131199596e-05
0.00010084531696647776
0.0001021070339417312
0.00010629320069934409
0.00011042099705279222
0.00011533488983017602
0.00012191670315595763
0.0001291586017521661
0.00013728066712809974
0.00014493732861011165
0.00015157067123092345
0.00015768811166391462
0.00016381509425484586
0.00016718770554542624
0.00016703264415480584
0.0001579720028483261
0.0001476249490376206
0.00014808888196031378
0.00015129667491068575
0.00015487206552560663
0.00015906283013432154
0.00016296276095244413
0.00016702613505193954
0.0001658502647689983
0.00016376518082926
0.0001609355552064042
0.000157512053892752
0.00015760872478639735
0.00015712497866172086
0.0001565828148649257
0.00015613210231145354
0.00015575795778494317
0.00015757768281501446
0.0001574571723821899
0.0001515863665756688
0.00014568562001863078
0.000139424763137909
0.00013384816187485745
0.0001313603925080738
0.00012845487908579072
0.00011904007874225151
0.00011228342256867949
0.00011204628693714802
0.00011430901014784312
0.00011685271277119008
0.00012055317435348545
0.0001267616596510603
0.00013612166944496437
0.00014486453925558422
0.0001522515063038437
0.0001586358848598311
0.00016573507056326874
0.00017097437996235567
0.00017549480990951301
0.0001799436169426487
0.0001837453976887549
0.00018821479695525588
0.00019221770933672435
0.0001961181159742255
0.00020064938541456364
0.0001971183228286605
0.00018865169334420984
0.0001787644431093072
0.00016769183551950672
0.0001555815766285237
0.00014374262558196642
0.0001319623964836694
0.00012528202715312442
0.00011873848385178725
0.00011241987591110874
0.00010656497703728928
0.00010176717648342557
9.569356966444064e-05
8.92427125206251e-05
8.044999121467048e-05
7.482412704659456e-05
6.921800363849664e-05
6.087839459487927e-05
5.4168181514203015e-05
4.839361692755656e-05
4.3736944802733814e-05
4.0627450326349306e-05
3.7501002778940325e-05
3.7090008797509236e-05
3.524380160369937e-05
3.409244729690214e-05
3.355159378304182e-05
3.33195436598414e-05
3.3801555869458275e-05
3.622830701930864e-05
4.021258289812114e-05
4.432693945166114e-05
4.839449273959643e-05
5.361804281228565e-05
5.9792992298484856e-05
6.736680963173785e-05
7.566718450163452e-05
8.492531517355611e-05
9.092347178052381e-05
9.505987025569785e-05
9.860441138805309e-05
0.00010372524021183289
0.00011185964239545932
0.00012212637968844354
0.00013128787505067518
0.0001408586684012076
0.00015006756959822537
0.0001595576903448629
0.00016939176762778322
0.00017985763049638113
0.00019085782413662822
0.00020247021797192656
0.00021705574482612934
0.00023530278597154547
0.00025378382995743654
0.00026763487055698923
0.00028255733908879997
0.000298359610340755
0.00031504281027388756
0.0003291497344173492
0.0003435140797271134
0.0003594703693026095
0.00037841649583738685
0.0004001813337114057
0.00042250873494259126
0.00044542413799755624
0.00046561955839579663
0.00047744254022363646
0.0004907385833863343
0.0005001511297216951
0.0005127081703812712
0.0005265283280717498
0.0005401811114236146
0.00055514130818613
0.000568694080687601
0.0005842410948425084
0.0006052146548926954
0.0006106462653522166
0.0006182405445378277
0.000618769263038169
0.0006151843117788408
0.0006153515089029531
0.0006201616111802394
0.0006200979950768762
0.0006127764771632091
0.000603263487757001
0.0005833608020499272
0.0005607686477907658
0.000538501413577808
0.0005147327433138462
0.00048748368610673147
0.0004638855472135077
0.00043914959938511826
0.0004142988498055122
0.00038788177184120013
0.00036437662482332597
0.00034060623477474524
0.00031502306993495355
0.0002883657846163727
0.00025957899792690723
0.0002303690321490115
0.00020322264256291078
0.0001774002718921033
0.00015675635556337098
0.0001391356794622479
0.00012328923297260275
0.00011228349637073914
0.00010160566112320379
9.12702794031503e-05
8.15257098191476e-05
7.305046965245724e-05
6.419762618945372e-05
5.4358996347083366e-05
4.4141242176756496e-05
3.515085029424639e-05
3.060407989256783e-05
2.9661637091869267e-05
2.871947693111138e-05
2.863441378627812e-05
3.009959070557263e-05
3.0003785723795313e-05
2.8263165521643175e-05
2.605351694658707e-05
2.4231274765808764e-05
2.307468603768905e-05
2.272227447608667e-05
2.2451155673435347e-05
2.283614237340787e-05
2.4043684470093526e-05
2.4955043492857022e-05
2.5151898460782013e-05
2.1340203818323217e-05
1.6813256779873938e-05
1.30688418023542e-05
1.1992042533669927e-05
1.0593274319361966e-05
9.952462801300012e-06
9.42301647920623e-06
9.011624239223142e-06
8.86490132696834e-06
8.95109855326956e-06
9.216255537321502e-06
1.019620671411494e-05
