1.2205642546849348e-05
2.850385157949382e-05
4.184320636575838e-05
4.359618556192248e-05
4.089231821961398e-05
3.613634741405399e-05
3.1946964111215825e-05
2.9275782445993627e-05
2.7942191157736915e-05
2.759706663962701e-05
2.769649050911787e-05
3.708805796938192e-05
5.024989802617207e-05
6.671946243580098e-05
8.607557809670937e-05
0.00010162122693898949
0.00011586385750910235
0.00011251731429834791
0.00011681385834971899
0.00011793352279534198
0.0001173960557433684
0.0001138993834517134
0.00010355296437431649
9.735811251178103e-05
8.828142733495848e-05
7.740629988955943e-05
6.910056860275086e-05
6.294128962035589e-05
6.095363568909159e-05
6.260287918916144e-05
6.734551113311192e-05
7.327253917531927e-05
7.627701087297822e-05
7.527299360487991e-05
7.354886881102439e-05
7.280230623971727e-05
7.505290310458116e-05
7.77986235754779e-05
7.415156524523703e-05
6.196084287366879e-05
6.108540340791469e-05
6.22046567598222e-05
6.070393818182698e-05
5.083384578777175e-05
3.883399756683735e-05
2.8871903866425454e-05
2.7184544506799095e-05
2.2180250583943834e-05
2.0159500146486273e-05
1.884715500610148e-05
1.7550695578202417e-05
1.830076495622463e-05
2.1255918519657024e-05
2.8667452600021516e-05
3.8888507331454703e-05
5.169222013080617e-05
6.312113779074596e-05
6.981713686979676e-05
7.878119012014553e-05
8.486534542138664e-05
9.193873418881959e-05
9.646649201044746e-05
0.000105772137975131
0.0001156864247277883
0.00012378134159434209
0.00013450452265912087
0.0001510376947138088
0.00017214367913550167
0.0002010050044878718
0.0002302882583735824
0.0002550190555575378
0.00028066909067281484
0.00030492002110721686
0.00031447917445330027
0.0003113115708182032
0.00031540724250102276
0.00031877936199220866
0.0003214714724522823
0.00033107871985904136
0.00034059147779574454
0.0003531092527045126
0.00036880373512473996
0.00039733286769464836
0.00039296369119228957
0.0003902513150206387
0.0003782204701612655
0.0003690345482503652
0.0003550350642204093
0.0003391827179801941
0.0003216837076188472
0.0003078083903141262
0.00028845052142794357
0.0002632143363477432
0.00023652391850680733
0.00022367563813454743
0.00021598937161767102
0.0002177216114483768
0.00021704157022071693
0.00020604567727026173
0.0001799811811143932
0.00015011710663725514
0.00011352930153817877
8.543769892240815e-05
6.751452096415112e-05
6.066624780265339e-05
6.393589299754501e-05
6.0402465807018204e-05
4.814432150252225e-05
2.6378588528555795e-05
1.6459420247270007e-05
1.1184076188751022e-05
1.0743988159162385e-05
2.0646114204940418e-05
4.6062633454776664e-05
6.561446699707214e-05
7.390702720583258e-05
7.417058465803478e-05
7.808391676368662e-05
0.00010004767515432665
0.0001428639213603603
0.00015762019449011582
0.00017595566732481289
0.00013547418812937637
0.00010686962241588571
8.377161416434448e-05
7.171795591184049e-05
7.37543577552649e-05
8.154010616586746e-05
9.37565156647212e-05
0.00011069188069797356
0.0001339420616161093
0.00015599572545490445
0.0001747706933976895
0.00019379985630737438
0.000214383566649783
0.00022826954012103708
0.00023462643222897325
0.00024083308315634233
0.00024289332490871565
0.0002367004851672847
0.00022509561417990827
0.0002141350381897702
0.00020013436799471644
0.00020540706226702593
0.0002100941280825498
0.00020385044854273293
0.00019711107634722594
0.0001825748717257806
0.00017462667091441925
0.0001648976181604193
0.00016419221454694219
0.00016779496086769482
0.00017116292343963163
0.00016879428360883772
0.00016636808909786997
0.00016608992839074982
0.00016934213123325864
0.0001725113844809388
0.0001785985990967762
0.00017637167621804877
0.0001660855516844991
0.00016956411916706638
0.00016002654508925985
0.00016375797828064082
0.0001792783521165312
0.0001727379201181741
0.00013573980508891183
0.0001043319776439543
7.427951552357871e-05
7.166464253170899e-05
5.120183319667857e-05
4.12577643115431e-05
4.54356525606515e-05
4.603167606360506e-05
4.460112144584325e-05
3.707914829363308e-05
3.091054692012458e-05
2.971302079428757e-05
3.006234809356528e-05
3.1159569080092495e-05
3.964743864921986e-05
5.513837799374037e-05
6.910204255722325e-05
8.523918832977913e-05
0.00010564901038393073
0.00012524663048035084
0.0001458210494201399
0.0001646177587794127
0.00018358966085018486
0.0002049657954625035
0.00023113104331948413
0.00025854471032795323
0.00029023992370918176
0.0003208868742981733
0.00035001080785397674
0.00038172029700387733
0.00041522266618748395
0.0004491864444341999
0.00045891354792115113
0.00046548610875752424
0.00047188684299113623
0.00047801400475226083
0.00048635305702684063
0.00048381981114715305
0.0004935077912103953
0.0005125549721753195
0.0005411615564151612
0.0005736280306562855
0.0005819113447489588
0.000558023557792871
0.0005357377295858826
0.0005173885662543095
0.00049757617953903
0.0004697015810632281
0.0004444368276085982
0.00041208305669938655
0.0003644924079165082
0.00033255329343562907
0.0003130482787084311
0.0002903751910748679
0.00025480387082952097
0.0002106108801553308
0.00016987971882986415
0.00013139632715297825
0.00010148840449374814
6.518150401759765e-05
3.2648803732392425e-05
2.3746391347575442e-05
2.0254672146706795e-05
1.8761200188587958e-05
1.988095196576101e-05
1.7128493548380173e-05
1.1416998091043974e-05
9.943786168651109e-06
1.0598659240075463e-05
1.4248314756339192e-05
1.6791024698224086e-05
1.9894537420704065e-05
2.24236178400407e-05
2.7130245409609527e-05
2.4557960792622713e-05
1.533197928427746e-05
