5.4120756468068796e-06
3.599098348102912e-05
5.319654309107103e-05
4.83344181012734e-05
4.223559787037024e-05
3.8331297356086656e-05
3.4590717485988054e-05
3.1320036956156205e-05
2.9842815561605774e-05
2.8780206159471553e-05
2.8680976556388458e-05
2.8649092806138523e-05
3.794266300821518e-05
5.084719116677346e-05
6.678127943558248e-05
8.476624687604738e-05
9.998120986848205e-05
0.00011464711590902531
0.00011755439598805614
0.00011874848092970452
0.0001103204290721532
0.00010700246077826642
0.00010500575162731075
0.00010378495470147736
0.00010162076033244794
9.719873793817439e-05
8.834831341910746e-05
7.94950629252015e-05
7.228057506110252e-05
6.740422013782841e-05
6.520902742690511e-05
6.487065696140294e-05
6.568701095570941e-05
6.766902907384247e-05
6.67981640919244e-05
6.327356673035386e-05
5.9576471751388665e-05
6.05177637234815e-05
6.4124227671201e-05
6.769851282855453e-05
6.963296935096956e-05
7.151139530304056e-05
7.340196553259803e-05
7.724782830009022e-05
7.405525630892329e-05
6.534196821258079e-05
5.56571117572763e-05
4.23213586361021e-05
3.1562251412439526e-05
2.586022957614546e-05
2.1508888893695363e-05
1.8827723557110563e-05
1.8075529308298755e-05
1.6467773393125864e-05
1.7580905957142653e-05
2.017959686308399e-05
2.680940933883035e-05
3.918185470260061e-05
4.930303446739694e-05
6.316882737957977e-05
6.873930029701601e-05
7.880973631402277e-05
8.382080181274472e-05
9.212991391260346e-05
9.838872492556067e-05
0.00010425137037877792
0.0001126773936218896
0.00012063193165199136
0.00012521917013505202
0.00013489835002917356
0.00015077392644889274
0.0001701818080015542
0.00019565151891015264
0.00022556615121069069
0.0002525629218745199
0.00027637879970691823
0.00030254419850895523
0.00032492325138515945
0.00032341503326174277
0.0003246606883981097
0.0003269256321980768
0.0003294792821983394
0.00033510214765953097
0.00033805023568548204
0.00034672643989232883
0.0003615628335066268
0.0003763703077166867
0.00040605340153656823
0.0004081025190437569
0.0004055241433927688
0.00039523152308424867
0.00038659360642782263
0.00037433208607479183
0.0003571240585737588
0.00034256386430468055
0.00032620322000651323
0.0002977328012332243
0.0002775596434946726
0.0002544902999442372
0.00023072740626722233
0.0002202493855247002
0.0002082364511898349
0.0001981625785450754
0.00018759189370487467
0.00016772216553606178
0.00014156856197614738
0.00012003274134955915
9.147445327602209e-05
6.72292673386711e-05
5.306672648044281e-05
4.619487421214106e-05
4.811706165548612e-05
4.7294086989059834e-05
4.292877388430006e-05
2.840657095974803e-05
1.5597285389440575e-05
9.87810991848491e-06
8.04032869855473e-06
1.4849148626078245e-05
3.2673673421592867e-05
5.666703769044516e-05
7.001852349478937e-05
7.844439074067808e-05
8.585497771627465e-05
9.134951698188271e-05
9.476095248246971e-05
0.00013486180997871757
0.0001348556328426342
0.0001635952477963623
0.0001385171211106449
0.00011067313606857268
9.002816758452762e-05
7.584781733254872e-05
7.193920808605749e-05
7.876707916904652e-05
8.877429425240447e-05
0.00010248428384017862
0.00011956275383825983
0.00014057929170803828
0.00015702237407876714
0.00017203071339131612
0.00018696819843687856
0.00020503968262609084
0.00022032980986873987
0.0002266281279341369
0.00022947289294529191
0.00023061506416667855
0.00022607376030162426
0.00021613784909004313
0.0002064337883642475
0.00019803592759260957
0.0001933446419335471
0.00020590858569951442
0.00020871229862999026
0.00020489099992424445
0.00019405457988851924
0.00017965342241980117
0.00017089571108448015
0.0001640783464100563
0.00016224803490799306
0.00015815602159067836
0.00015194366848956907
0.00014683416750556452
0.00014348926704875752
0.0001482776351037683
0.00015406054511505653
0.00015926517969123004
0.00016682349565777765
0.00017444301666647575
0.0001826986089158109
0.0001896573480875175
0.00018422949642049716
0.00018090637332519795
0.00018244326161769798
0.00017282007115851147
0.00014526120246647492
0.0001260254995536611
0.00011116029673407572
8.748370816923633e-05
6.959178881595349e-05
5.261786271918812e-05
4.102056539466946e-05
4.1240598171520886e-05
4.168952348741879e-05
3.8520165250672836e-05
3.6386214084692445e-05
2.8151636293893834e-05
2.853941449797981e-05
2.8294738016031104e-05
2.949603061852874e-05
4.027116643831889e-05
5.1995826826944984e-05
6.474303954418207e-05
7.867574929645347e-05
9.504347153518677e-05
0.0001149616352271107
0.00013185092609894165
0.0001514841646584496
0.00016872465956435716
0.00018236962134264415
0.00020151580396090914
0.00022785520855453644
0.00025421149207366606
0.0002818509353987399
0.0003132878184569245
0.00034307113686359193
0.0003725953352729029
0.0004030564061488645
0.00043702638757734996
0.0004643555123149102
0.0004794711316562818
0.000485078404518132
0.0004918690849071497
0.0004969926160880701
0.0005045190259612427
0.000504386445874174
0.00050740205179184
0.0005206323937764797
0.0005417081730904717
0.0005833872768854353
0.0005897051324528449
0.0005871762066607557
0.0005613561792888601
0.0005408429194403368
0.0005265294914797579
0.0005064820090639149
0.00048169968074757445
0.0004564742834963616
0.00042563531142422
0.0003737266892193685
0.00032857548911108313
0.00030880659196930643
0.0002875947702573619
0.0002553824577577364
0.00021397043192719837
0.00016681604256177043
0.0001264488427235044
9.553017941332528e-05
6.623228818555555e-05
3.935097970894076e-05
2.6421050283424068e-05
2.4586033376980353e-05
2.0656082919703625e-05
1.8559709767030546e-05
1.8509857564750306e-05
1.3662436245545861e-05
9.102914432244158e-06
7.794849209401806e-06
8.895159895840683e-06
1.2142044063777485e-05
1.3053850188601698e-05
1.5537801561977577e-05
1.8644895208844946e-05
2.097102453319186e-05
2.027100580802203e-05
1.853658857684191e-05
