1.9306673957116387e-05
2.347109705466253e-05
3.22571386030515e-05
3.259985910647513e-05
3.0989442766507314e-05
3.126802533066296e-05
3.2306179390099006e-05
2.939142248480588e-05
2.7682618333754645e-05
2.7535173913964633e-05
3.5484300507501886e-05
4.895362184630554e-05
6.503374625448963e-05
8.489273240573861e-05
0.00010117947221284745
0.00011491589021894459
0.00010737137819116653
0.00011200519938164806
0.00011584252117094961
0.00011224783447797634
0.00010509626701664569
9.583946567967423e-05
9.029257601628965e-05
8.325690718537382e-05
7.571007629732168e-05
6.99297015201549e-05
6.701508087903929e-05
6.758165350139745e-05
7.434034280277724e-05
8.163472138132751e-05
8.646088292838979e-05
8.543508551027537e-05
8.299332654840951e-05
8.362129659080307e-05
8.273779012519516e-05
6.469112863463317e-05
6.363765860799023e-05
4.983824220056171e-05
5.0638489417145874e-05
5.040677802802968e-05
5.654792907659995e-05
4.928304815172992e-05
3.468224945958104e-05
2.0449841005188034e-05
1.9466988043587267e-05
1.6041278016743407e-05
1.6916572050730657e-05
1.4833944076699783e-05
1.7378811093014633e-05
1.9909446889255793e-05
2.7735640844434913e-05
3.8172912204927764e-05
4.9948113853794567e-05
6.241790916347013e-05
6.809951154511234e-05
7.720443405030784e-05
8.085246165326533e-05
8.738170906684591e-05
9.313953585172794e-05
0.00010519976768474885
0.00011497983690263999
0.00012804439497741778
0.00014022376386683575
0.00016207436007781824
0.00019064745657795205
0.00021895223151447335
0.0002421942602765271
0.0002667225016845095
0.0002921322239739567
0.0003044784004689166
0.000300728467494738
0.00030412805597749345
0.0003078200883940594
0.0003119923077898738
0.0003290566329924121
0.000337112453732968
0.00035189309471041344
0.000372283189930351
0.0003799702913924782
0.0003809554081568812
0.0003661575078345762
0.0003593484285218501
0.0003467337948927129
0.00033146793058289807
0.0003243162324093209
0.0003112342542685503
0.00029174630184301755
0.00026435480700734117
0.00023601448205071802
0.00022428468548702012
0.0002199167409458184
0.00023016105559685348
0.00023322484174677737
0.00022325143364558322
0.00020700728082661974
0.00016919827924258095
0.00012661681863807827
9.717063853268416e-05
8.073015274986464e-05
7.699299841718185e-05
8.187843755610588e-05
6.617713610362956e-05
4.33637434270073e-05
2.274915975332322e-05
1.5969332797716474e-05
1.1839254583720136e-05
1.823865142093116e-05
4.138728990471849e-05
6.354079251795892e-05
6.640331869942641e-05
6.210725676129757e-05
6.969516594989874e-05
0.00011687112944882977
0.00015935430592380257
0.0001821367223760469
0.0001635152100881915
0.0001243232865462544
9.418402138516413e-05
7.380683907957145e-05
7.126235118448825e-05
7.700035840771835e-05
9.090309960242785e-05
0.00010921091570615621
0.00013269891517495635
0.00015997404913309127
0.0001817870174463601
0.00020445230585818048
0.00022574114498959827
0.00023824087438862926
0.00024753259095258343
0.00025517187712428
0.0002552756450704164
0.0002447468878288648
0.00022822943591969255
0.00020842401731255002
0.00020772463385415358
0.00020703575983740507
0.00020327782307777203
0.0001930738939120696
0.0001787199464994028
0.0001737678299669143
0.0001716399037874595
0.0001745457602193571
0.00018108035974325861
0.00018656942418343757
0.00018399982052402208
0.00017916874957041158
0.00017277646231914784
0.0001766608797262128
0.00016221393586879563
0.00015607312063645133
0.00015623300915156528
0.00014981879524597117
0.00015381351790521845
0.00016452792603279147
0.00018008203750437913
0.00018859329525765933
0.00015939564753460807
0.00012374129589439416
8.761050006434781e-05
6.240136335835057e-05
4.143058548674238e-05
3.884139452521344e-05
4.2841881148910854e-05
4.524399955042568e-05
4.739022485737582e-05
4.1591477507990426e-05
3.1884066740197795e-05
2.902555211610117e-05
3.312425350520559e-05
3.153105280506334e-05
3.929802030007304e-05
5.825208699635475e-05
7.260774598465445e-05
9.372556387806426e-05
0.00011470047602195853
0.00013610082688656532
0.00015761141879898827
0.00017832649065091652
0.000200688160851334
0.00022508411655682944
0.0002529044438683581
0.00028813291465355756
0.0003155759106788488
0.0003466560392595771
0.00037953981439386156
0.0004152909749570707
0.0004367100071119006
0.0004461150387411025
0.00045212539675630196
0.0004580734494565245
0.0004645731365425907
0.00046275836827305145
0.00047951639356087473
0.0004986927399221093
0.0005262352593408783
0.0005624376514573887
0.0005609537396647258
0.0005297546270595293
0.0005097555162205589
0.0004913888738526151
0.0004711261066740888
0.00044115813529974426
0.0004124561828067744
0.00036598680100904675
0.00033350615555660375
0.00032223709168436524
0.0003032592087924964
0.00026787688862922734
0.00022122715436939257
0.0001785075987757247
0.00014582698272614866
0.0001119420621981126
7.17426527420539e-05
3.3892518906009714e-05
2.1301296516214636e-05
2.107693921621788e-05
1.9030489519719464e-05
2.1880687204790056e-05
2.010740096737297e-05
1.3872349392112775e-05
1.3121328807755192e-05
1.4831056379686748e-05
2.0141502206882355e-05
2.0721672724978158e-05
2.5471727097344437e-05
2.96958271279582e-05
3.275949581619568e-05
