2.857973382282386e-06
6.207578306676511e-05
5.969211755339731e-05
5.4164443244702984e-05
4.659535504569589e-05
4.082581553069126e-05
3.8685412254947505e-05
3.6522596495975295e-05
3.389523050808668e-05
3.267494855973714e-05
3.261285120078429e-05
3.2663860903213934e-05
3.072385235373289e-05
3.0593309935954644e-05
3.8246589023900584e-05
4.874415024336277e-05
6.178007920424129e-05
7.631671589411547e-05
8.916499824954458e-05
9.981462832329634e-05
0.00010121396186496767
9.884885470220757e-05
9.660525708525089e-05
9.251381183178242e-05
8.751690740052778e-05
8.30203334199879e-05
8.407469158466586e-05
8.477084063606964e-05
8.530113131788148e-05
8.406616796214551e-05
8.369381103091442e-05
7.834715847635537e-05
7.4813059871866e-05
6.985347069931955e-05
6.769716839301005e-05
6.73126945677428e-05
6.736554133895625e-05
6.770052232385065e-05
6.351728751445636e-05
6.00803937044066e-05
5.922527635685783e-05
5.8161543521674805e-05
5.838611516013233e-05
5.6375156938780915e-05
5.481060253303143e-05
5.446655885624838e-05
5.573584534367298e-05
5.897062921604302e-05
6.554186137562159e-05
6.609867402614344e-05
6.010629568207182e-05
5.1486205220353875e-05
4.4525116865223145e-05
3.5157829983464365e-05
2.797438511574832e-05
2.4545656738080682e-05
2.1100340756613134e-05
1.8254519784247617e-05
1.7007742851262543e-05
1.5655654362444592e-05
1.4325594044690272e-05
1.7852804684010707e-05
2.188867591728188e-05
2.8176278142429572e-05
3.77685470325518e-05
4.685717831450123e-05
5.8823653168528964e-05
6.708585546937723e-05
7.456956549295092e-05
8.181031776823389e-05
8.833686976401456e-05
9.639727761491407e-05
0.00010462331915101327
0.00011076281819303381
0.00011732702958154081
0.0001236452574981831
0.00012791551143003977
0.00013155009653370152
0.00013709317396702202
0.00014618551368385867
0.00015856855745446862
0.00017550473720905646
0.00019616615810716083
0.00022019295313909027
0.0002467218790962221
0.0002756321383892123
0.00029918720172546264
0.00032295031269234214
0.00033855407169580394
0.0003424659103234691
0.00034797281569664
0.0003477968236731641
0.0003495285691211099
0.000353213334497038
0.0003582558209938495
0.000353554675632718
0.0003638468406474411
0.00038022027128293754
0.0004026720526004837
0.0004224392917717983
0.00042542180977633837
0.00041776368315492687
0.000416205454658924
0.0004142181532938965
0.00040902278302678527
0.00040409118845002363
0.0003864620797401318
0.0003743809770496264
0.00035843668568480934
0.0003357872537655237
0.00030589627713466136
0.0002627970274355914
0.0002241642474389427
0.00018708951369889905
0.00016088900486608046
0.00014355744113510752
0.00013138494131799194
0.00012149441234050984
0.000106624768766899
8.807946613525722e-05
7.295109719318464e-05
6.6728972067055e-05
6.131517796129505e-05
5.2215163620779605e-05
3.876854676218111e-05
3.096938331448188e-05
3.027615166328015e-05
3.0784811169891865e-05
2.737087114519139e-05
2.0293933678927925e-05
1.0900271792293794e-05
6.751121526692093e-06
6.260018274035331e-06
1.183622467122132e-05
2.3090886420383022e-05
4.023845375151878e-05
5.792999902305908e-05
7.215686449314672e-05
8.307500563484998e-05
8.450686860971219e-05
9.004778597556023e-05
9.249274268902139e-05
9.534429237128394e-05
0.00010272368288091872
0.00011320353915354667
0.00012657712983770518
0.0001294107269166584
0.00011374255253168944
9.726067207271486e-05
8.474817749914426e-05
7.890873548761302e-05
7.777583755459077e-05
8.254308754106885e-05
9.18088850555849e-05
0.00010692121570793996
0.00011910926950168148
0.00013121874649918409
0.00014710005086281951
0.000159878517280157
0.00017022263305120215
0.00018092886825496222
0.00019421081674852073
0.00020821149457357524
0.0002134222801399914
0.00021399657956168374
0.00021304737985410556
0.0002079503512160028
0.0002014072388172454
0.00019190256361603083
0.00018524692495063553
0.00018227699466298017
0.0001796590587129751
0.00017798457439791563
0.0001743966449688033
0.0001758367267712078
0.0001762230752804506
0.0001772527977929614
0.0001752493633495795
0.00016802364988185005
0.0001617280286926925
0.00015778141365187692
0.00015116515813474416
0.00014730751053538884
0.00014113990022192378
0.00014054293665501517
0.00014107283089449886
0.00013986973518641818
0.00013998243229110076
0.00013934612357748637
0.00014415568876372184
0.00015048099621497367
0.00015953006295304811
0.00016771385234298701
0.0001763931252663073
0.00018765219113913998
0.0001971136654261383
0.00019703739586173028
0.00018188090829923957
0.0001645489407445443
0.00014087223656768921
0.00011764180267394191
9.578526721429087e-05
8.121074418081469e-05
6.750051095719303e-05
5.4086663299036075e-05
4.3251082383169625e-05
3.778390806219871e-05
3.601132711665973e-05
3.159861876791562e-05
2.6813734058692204e-05
2.539125709276922e-05
2.6001283661175214e-05
2.6174773175426017e-05
2.7255113109584123e-05
3.893085694832257e-05
4.7909720511598326e-05
5.642314820203285e-05
6.752649555758804e-05
7.864438815853347e-05
9.03000137860465e-05
0.00010652864030454438
0.00012156684493233747
0.00013521158228571443
0.00015224720415672264
0.00016993490143121982
0.00018199899158048222
0.00019458285890331672
0.0002079407073667835
0.0002306729244597871
0.00025423915108279413
0.00027959300310192797
0.00030693467090934124
0.0003342552305862802
0.0003638808555446231
0.00039503595203183603
0.0004232368197923026
0.0004520216380659659
0.0004763731617704889
0.0004903502222179698
0.0005057216871127293
0.0005235438555651903
0.0005350215239560986
0.0005398513481940032
0.000544343286674546
0.000542311342236743
0.0005435937047327438
0.0005449045994154842
0.0005482008147991924
0.0005881420220132602
0.0006105800934564375
0.0006178379661063778
0.0006044866860799096
0.0005920572891864417
0.0005690137317172343
0.0005526109231834597
0.0005289737530162816
0.0005008509892024961
0.0004742826383575716
0.0004406759566696072
0.00039945939246586613
0.00034888187249666747
0.0003049136929190405
0.0002694066427510278
0.000245174045396135
0.00021764214135944562
0.0001845254274254469
0.0001487888777803338
0.00011579541544505455
8.410040317697404e-05
5.956177028856893e-05
4.324294285529439e-05
3.505310268811468e-05
3.034114499472047e-05
2.750431403299846e-05
2.3788601586424942e-05
1.998362993576684e-05
1.7203117543941704e-05
1.4935733849262979e-05
1.0327477578687547e-05
7.872771403490911e-06
7.1387072209054616e-06
7.511440997451009e-06
9.14824297959125e-06
1.0216094518580856e-05
8.882914350785333e-06
9.992320544725266e-06
1.2701993749626832e-05
1.308188949100174e-05
1.3943955017822192e-05
1.5569839720016147e-05
