8.384739499968788e-06
3.1280266357634617e-05
4.7079749846610464e-05
4.7582029796507546e-05
4.18412033801778e-05
3.7451717864596154e-05
3.326190441735868e-05
3.0451442040526528e-05
2.858857040121645e-05
2.7554262400421864e-05
2.6590602243809206e-05
3.23764159564063e-05
4.390084457461781e-05
5.8477199965432575e-05
7.613254632787779e-05
9.33982055392742e-05
0.00010852645556895906
0.00011721198121258159
0.00011588116438200337
0.00011726695338635837
0.00011399585580578303
0.00011128899858756178
0.00011004113260763387
0.00010564841444115373
9.872524924836828e-05
8.865614814698181e-05
7.894397115249773e-05
7.100485841433667e-05
6.525151870884061e-05
6.215187575150534e-05
6.228733322069487e-05
6.375455997453957e-05
6.877637425186761e-05
7.105379473992841e-05
7.008076225823309e-05
6.700799173850781e-05
6.669287776220868e-05
6.960696652693365e-05
7.281512404447836e-05
7.435681392829488e-05
7.476649908863238e-05
6.31029785334381e-05
7.302867559061133e-05
6.416776006740082e-05
6.003337586257025e-05
4.496466370560947e-05
3.6132636882587466e-05
3.008217614472258e-05
2.463654137475429e-05
2.068031516186277e-05
1.8676163729933673e-05
1.7478247629083906e-05
1.7243660034774144e-05
1.9068442477849192e-05
2.377563534735064e-05
3.380651317854707e-05
4.511307201237131e-05
5.7851128060823026e-05
6.630764258914651e-05
7.48674896308661e-05
8.159962122695783e-05
8.866935161094118e-05
9.538454354343808e-05
0.00010040170162290581
0.00010998363639610042
0.00011878677640100213
0.00012512288032848836
0.00013548248385790448
0.00015221904115830895
0.0001726020461038733
0.00019998742583402242
0.0002295613592195336
0.0002549247782150351
0.0002806481799804573
0.00030624082476538494
0.00032159752994081813
0.0003166058756189807
0.0003200888434522233
0.00032297543508086454
0.00032575070808599796
0.0003322775992183793
0.00033972383984884314
0.00035200975573158877
0.0003658775694969831
0.0003906954320320341
0.0004021241132773667
0.0004007874116162187
0.00039074289099656236
0.000382053917581481
0.000370379992443324
0.0003546796328143902
0.00033975438013326325
0.00032254583933402794
0.0003010073651318149
0.0002804571415151347
0.0002563752172749089
0.00023099485607507486
0.00022204772814673416
0.00021295833401131586
0.00021088913706099503
0.00020439258123851537
0.00018543851068861798
0.00015852646682295243
0.00013181205921295914
9.860437289425972e-05
7.427109855560952e-05
5.859020371932138e-05
5.2909649797672e-05
5.7054503736007984e-05
5.265914182497304e-05
4.534620935714085e-05
2.488625490806854e-05
1.546343339388872e-05
1.0113850109654508e-05
9.697352964061925e-06
1.8296075615458403e-05
4.132557033181517e-05
6.247271289890574e-05
7.310178954357503e-05
7.901390920503107e-05
8.219528013627772e-05
9.013334602063378e-05
0.00012172759245867407
0.00015174687021615407
0.00014971299303600377
0.0001534677789730334
0.00011937943516713831
9.469593892936846e-05
7.657237438558133e-05
7.061635150000425e-05
7.66096105967888e-05
8.593816634645525e-05
9.947476203970023e-05
0.00011768313459921013
0.00013884514892689194
0.0001588387165895146
0.0001752198530188491
0.000192707244323544
0.00021183937354571052
0.00022521117185353605
0.00023088170029772706
0.00023519152846369524
0.00023635843572550216
0.00023029838609229188
0.00021929635868489638
0.00020920590469317954
0.00020039798810612305
0.00020084192302839064
0.0002102204560963822
0.00020621583120944233
0.00020029496888442446
0.00018619235106174828
0.00017628953569058474
0.00016670530599701062
0.00016301066507241118
0.00016059573019387013
0.00016259595921265827
0.00016171663801854973
0.00015926396115639805
0.00015764576760550229
0.00015990987164329342
0.00016432349312081097
0.00017058230147843717
0.0001781786779017641
0.00018620868620348338
0.00017222070134715424
0.000180687571559139
0.00016351694802659248
0.00017724339441134803
0.00018053080199149625
0.00015410477630788968
0.00012038329004751456
9.848416779135346e-05
8.641273161982826e-05
6.729217485233161e-05
4.990698519173202e-05
4.0590137967433725e-05
4.369505039894984e-05
4.342750180458431e-05
4.101457428682571e-05
3.707451443346017e-05
2.8973633012771197e-05
2.9248669447145903e-05
2.890224057110211e-05
3.0941610181363065e-05
4.2383331997641256e-05
5.4411013856741666e-05
6.91843155925834e-05
8.401827569543102e-05
0.00010263789492444481
0.00012320306831613685
0.00014189784440497114
0.00016213808831491364
0.0001747043750226879
0.00019653468846014046
0.0002206958333502905
0.00024740324834057726
0.0002753940407815943
0.00030689464739419906
0.0003373791329070125
0.0003661438474146442
0.00039805287549473495
0.00043226017719027906
0.0004598831349538772
0.00047018869325751624
0.0004763868118563083
0.00048248115029553735
0.0004886250608962623
0.0004967020629882021
0.0004944330104098824
0.0005014656046247074
0.0005202229724588393
0.0005496472192377058
0.0005799346877497465
0.000587587435360954
0.0005685187875383195
0.0005436175174178128
0.0005294227921633968
0.0005101189722918161
0.00048354003699672293
0.0004585059149067619
0.00043358620560862867
0.0003837579314108612
0.00034198529467867843
0.00031938267131163177
0.00029584520064959653
0.0002663920405280976
0.0002274876038560253
0.00018359036198929961
0.00014007070871014743
0.0001081084012363714
7.754090372354223e-05
4.543730422824209e-05
2.6606523513230212e-05
2.5384333406895912e-05
1.9703213576196206e-05
1.845631564968284e-05
1.9196543607980808e-05
1.4478438496255105e-05
9.939072962093238e-06
8.532602164926934e-06
1.0017436003051687e-05
1.3741375845508984e-05
1.4564664719299228e-05
1.8202122988251127e-05
2.1396730989223016e-05
2.3464397215098027e-05
2.2398833825140866e-05
