1.558025863109141e-05
2.5931221379584257e-05
3.691909871278694e-05
3.796744465837298e-05
3.6186147371932205e-05
3.465617434067255e-05
3.165421564960694e-05
2.9456278011406926e-05
2.7714720769632983e-05
2.811442371415256e-05
3.1594409093351245e-05
4.279299746347207e-05
5.7259771711432606e-05
7.551564529620625e-05
9.426988259476309e-05
0.00010904563018714117
0.00011338257721511928
0.00011254415897233727
0.00011613857701731574
0.00011781981556139854
0.00011285103226228211
0.00010432204023509277
9.602286888779137e-05
8.923821858415412e-05
7.80013011532113e-05
7.083355956068837e-05
6.590692437068544e-05
6.357454544823414e-05
6.558979303610542e-05
7.176797268768419e-05
7.807870019591032e-05
8.143811706674356e-05
8.023337314848438e-05
7.729790985245742e-05
7.951595941599801e-05
8.067857494702494e-05
7.707114358896492e-05
6.359483286395799e-05
5.9360558546547976e-05
5.2235277849254906e-05
5.803908809244639e-05
5.3623966794000107e-05
4.487175111169876e-05
3.2476021807772993e-05
2.4133625688331374e-05
2.294946471676323e-05
1.8723272896698894e-05
1.9428231119854782e-05
1.7304813261262362e-05
1.791882818333599e-05
1.915141392887496e-05
2.4040295778825233e-05
3.380437308338164e-05
4.451545167921981e-05
5.8504997784755434e-05
6.561118403399458e-05
7.435994436482367e-05
8.052344906067852e-05
8.770527965913061e-05
9.109454623498002e-05
0.00010045355669181737
0.00011093918622657778
0.0001200138542202035
0.00013228743678573483
0.00014697658856769458
0.00016877744406137507
0.00019795569592140182
0.00022763932335767966
0.00025087390014991276
0.0002749150274296638
0.00029970906065126813
0.0003090409530626089
0.0003058118713131053
0.00031055627830538495
0.00031327129631668853
0.00031716058305890924
0.0003304416193156177
0.00033922473339433035
0.0003535669056423941
0.0003705293746734547
0.00039022146631410214
0.0003880078444653464
0.0003768161205985054
0.00036831209863416505
0.000357251244506446
0.00034167083513596464
0.0003251402839916172
0.0003164392532533861
0.0002985266746465626
0.00027505969578432466
0.00024766713879456755
0.000227044579740403
0.00021901305137048924
0.00021982226129118733
0.00022585812726991206
0.00022262274111133139
0.00020425739444660345
0.0001766598344014473
0.00013700147820716813
0.00010175150063080388
8.027685467634662e-05
6.949677495597529e-05
7.029755866501023e-05
7.257466479628488e-05
5.316955977213383e-05
3.1507800859863453e-05
1.9029058768002506e-05
1.3174143033691619e-05
1.0900822441421377e-05
2.0525135665970134e-05
4.63254632583696e-05
6.523251722331477e-05
7.042299679110328e-05
6.78360795708236e-05
7.329455514187041e-05
0.00011219175552581369
0.00015312741364528992
0.00017136209341063515
0.0001660707046531996
0.00012731887598355733
9.832298065119784e-05
7.671925438900577e-05
7.123352856804084e-05
7.572417529719562e-05
8.546981668918022e-05
0.00010116908373667429
0.00012410217426001772
0.00014674432079170405
0.00017023435865915761
0.00019006085484095386
0.00021213070712379256
0.00022950156484222582
0.00023762606662141534
0.0002449597859473429
0.00025011811223472674
0.00024509127644298424
0.00023345666575212888
0.00022013628380812162
0.00020248995476561372
0.00020709010630790223
0.00020833916448897015
0.00020304841319421427
0.00019617077658820305
0.00017817070837654306
0.00017285488129580536
0.00016815913383110798
0.00017092846451522765
0.00017624662995606482
0.0001794608085439607
0.00017689267072536192
0.00017242397957171712
0.0001691021305877054
0.00017465657145329975
0.00017572092421919638
0.00016555287661590513
0.00016630353257525218
0.0001566076310830532
0.0001601250454478443
0.0001592132021377427
0.00017385000558396043
0.00018417636806132247
0.00016182760689958153
0.0001257431413877503
9.226106018069921e-05
6.589337652421612e-05
5.3891696573907675e-05
4.3033755954012624e-05
4.564423708596453e-05
4.516079530728973e-05
4.1685253888189184e-05
4.042416848561212e-05
3.273654022039361e-05
2.679168448231513e-05
3.1194573863272975e-05
3.1005543102386596e-05
3.218812605947777e-05
5.331567933935195e-05
6.184997703415894e-05
8.358899898117285e-05
0.00010157971248959935
0.00012331925617304788
0.000143441755683818
0.00016334349193948832
0.00018439795835180833
0.0002068842885842095
0.00023147119907121017
0.00026057600826878295
0.0002937715637184677
0.00032268479433009595
0.00035235859800791087
0.0003854853408837727
0.00041994331026448087
0.0004447162549372451
0.0004534877736145742
0.0004599167598579673
0.00046528715135156333
0.000473124277489465
0.000474117509507084
0.00047905623291560434
0.0004992279671301867
0.0005177423490948775
0.0005610301282175464
0.0005727523985781359
0.000557657778273291
0.0005274242770256644
0.0005120947546306373
0.0004914640537077883
0.0004655955218770607
0.00043896514967960056
0.00040647181364139855
0.00035886072700735917
0.000332150980281217
0.0003163010360762812
0.00029259476240550973
0.0002544227650501713
0.00020868732770644677
0.0001688994761360531
0.00013356377525306173
0.00010162488515386665
6.245874109744286e-05
2.9700236092860794e-05
2.2285799833330116e-05
1.9306059714080175e-05
1.9004585152828864e-05
2.1507715743299592e-05
1.8262515253752126e-05
1.2291400847138493e-05
1.1214492738075895e-05
1.3108873284746036e-05
1.781247902635942e-05
1.822440565850304e-05
2.318583497446453e-05
2.6733865641823985e-05
2.9513508971821558e-05
