4.83751216504702e-05
1.3278756590668961e-05
1.788901439067553e-05
1.797505788717071e-05
1.7844245578856378e-05
2.0177153106750883e-05
2.294912577643907e-05
2.745512862956365e-05
3.494903394718766e-05
4.7918528099109545e-05
6.54436170600811e-05
8.410202314101194e-05
9.892992387944475e-05
9.537977032355124e-05
9.366489090109198e-05
0.00010377804637306092
0.00010057732464084129
0.00010373978479417901
0.00010637893509410583
0.00010618239410429422
9.99730575242913e-05
9.239415075132304e-05
8.713594363366464e-05
8.570358386989352e-05
8.937889851779987e-05
9.779720700889492e-05
0.0001048580730041343
9.721413188576675e-05
7.771775187948385e-05
6.685597615507494e-05
5.103165620148865e-05
5.5628250461297234e-05
6.045601221351018e-05
6.264899242996654e-05
6.603638237001888e-05
7.10437447326717e-05
7.741764762567007e-05
5.843957950404087e-05
3.252122887114501e-05
2.060367709337718e-05
1.4730527649447463e-05
1.382985651774201e-05
1.4597221853293155e-05
1.7434244229772927e-05
2.70668288654224e-05
4.165578653136688e-05
5.673213590898659e-05
6.327973526524718e-05
6.386410257299198e-05
6.803826532775236e-05
7.06381272008656e-05
7.935226647075721e-05
8.874411092548259e-05
0.00010583931945870836
0.00011596624012453233
0.00013569349675440895
0.00016661967135922842
0.00019174821409393203
0.0002172302425365405
0.00024399071770748762
0.0002713455480183557
0.00027575659868129523
0.00027241736560693286
0.0002728584693101272
0.000290401663275834
0.0003147882416491514
0.00032018606400588276
0.0003211690097485549
0.00033598068555190506
0.0003518611979721137
0.0003425746230836696
0.00034244424437401177
0.00034500864413454963
0.00033850501644362675
0.0003276537731457087
0.0003150421724110462
0.00029551995286750967
0.00026138093899237807
0.0002463856642526223
0.00023951917385468582
0.00026200767293827815
0.0002717649589833854
0.0002670470442117415
0.00023806631099723165
0.00019918657417627352
0.00015885712833946404
0.00013717818751393584
0.00012536688916817677
0.00012364984984230637
0.00012360893272722156
8.235488601284856e-05
3.8803181217948824e-05
2.6845728217582984e-05
2.046344915954972e-05
2.62098110874493e-05
4.571143692175294e-05
4.775236104371595e-05
3.953939388133219e-05
7.32802624635552e-05
0.00013077863659084114
0.00016923207072093349
0.00016357765819542225
0.00012394407802404905
8.496361745720768e-05
6.350417872158233e-05
5.973510465845436e-05
7.027647963733906e-05
8.993687996818811e-05
0.00011494489527695068
0.00014370153011735896
0.00017355862180888447
0.0002083386911362419
0.00024047536244752748
0.00026767782401441656
0.00028330310229486604
0.0002897453445043101
0.0002753756371835319
0.00024643151200270203
0.00021951412083454178
0.0002139329116652787
0.00019512108430793715
0.00018812058748292562
0.00018532640986737632
0.00018213467136881032
0.00018094199328643428
0.00018732092064539162
0.00020075907203001968
0.0002079976917055402
0.00020563245671118647
0.00016834044505390346
0.00014656994455327626
0.00011897611325567159
0.00012170084901847693
0.00013567261418427555
0.0001522405842293122
0.00017311549871326076
0.0001923274146021973
0.00019064977135475772
0.00020063515956429942
0.00017331338313443217
0.0001322111866981465
9.251260806571247e-05
6.181650996512448e-05
5.028387390421934e-05
6.70046805939703e-05
6.575763569748219e-05
6.307924901259937e-05
5.368269059248141e-05
4.4770707532892795e-05
4.2135646730354494e-05
3.81657360323206e-05
3.4612810584322835e-05
4.516809979432226e-05
6.511502139300641e-05
8.349218369948215e-05
0.00010990773786614281
0.00013308366830187157
0.00016739122205224895
0.00018655271923857157
0.00020403845778856744
0.00023868259278218788
0.000266957365282515
0.0002986523046846418
0.00033548465279762633
0.0003722845990845545
0.000399277636620492
0.0004102466285346404
0.00041499564103741557
0.00041778385238016745
0.00042979537683336276
0.0004451056629636888
0.0004658081953780797
0.0004822978293306091
0.0005101728632679755
0.0004973866661534597
0.0004765652159345159
0.000452213636410078
0.00042699301137334614
0.0003925220112771299
0.00035721734637078834
0.0003192900824485154
0.00030386298411276617
0.0003041641451786953
0.0002919152086601302
0.0002465159177745868
0.00019818452003585207
0.0001629362592521918
0.00011888136759426776
7.948070816461204e-05
4.010073817584166e-05
2.360042431317543e-05
2.4410590083037617e-05
2.442553319104756e-05
2.5452068957434814e-05
2.026270880852877e-05
1.7986684582840885e-05
2.1146914730050512e-05
3.13281854895759e-05
3.2684553651003143e-05
3.8352540971344104e-05
4.607323383625885e-05
1.9544250288163067e-05
