8.641934812448017e-05
2.637703548116835e-06
1.0486705526682558e-05
1.0248656561672176e-05
1.1259522114369202e-05
1.393855132962802e-05
2.1010072092797888e-05
3.3368058171201745e-05
5.3063832417708734e-05
7.361698977139686e-05
8.490309289777335e-05
7.763491832644051e-05
8.215595796562355e-05
8.641816992363592e-05
0.00010957308058840138
0.00012431826896267518
0.00013058215602371258
0.00013122215972543759
0.00012381882424556504
0.00011315712283223347
0.0001070300605986431
9.912667051736982e-05
9.43560010388902e-05
8.694094329294245e-05
7.621515542633828e-05
6.89607109716409e-05
7.127412981153413e-05
7.325372124818819e-05
6.670457321546917e-05
7.498995404389587e-05
8.365585448983833e-05
8.644569712738474e-05
8.923541683274331e-05
7.641338250062257e-05
4.67752662311316e-05
2.3132935436580174e-05
1.4561108240635547e-05
1.4210867839353185e-05
1.6585109565346258e-05
2.6417336198817654e-05
4.3235287394944365e-05
5.825041510857007e-05
6.505375507013981e-05
6.297494176078924e-05
6.133283030603893e-05
5.9771462049273714e-05
7.211257201617544e-05
8.855015259343012e-05
0.00010742712001799092
0.00012236940058814641
0.0001465557030266428
0.0001713759977101219
0.0001966007914150539
0.00022712668367605644
0.00024170088395789757
0.00023455215803924533
0.00024239611720190213
0.00027639906066574633
0.0002907153491402193
0.0002878844932532871
0.0002958759305329163
0.0003163340394941908
0.0003429856255315734
0.00035671333353787975
0.0003683131115644141
0.00036763109497481766
0.0003542056609226773
0.00034214691301012246
0.0003158599472505531
0.00029291542384344833
0.0002877194028348362
0.00030128758396421066
0.00031211982511521386
0.00030548086357346475
0.00026931338236327426
0.00023250086942546672
0.00020864671473607362
0.00018742342237003382
0.0001839729004348136
0.00018681861360116288
0.00019008923948830462
0.00012015673327849582
4.870206313089649e-05
2.8225557881861877e-05
2.928367597761376e-05
3.476045929251454e-05
3.082427983237937e-05
3.9657214485333564e-05
9.638971089051621e-05
0.0001210641314444649
0.00012239521766873479
9.743775369198726e-05
6.74768304273192e-05
5.325215434415969e-05
4.629379516995371e-05
5.654043762286041e-05
7.564656929893694e-05
9.98829791678126e-05
0.00013858825698165355
0.00018267105142584603
0.0002296001472236394
0.00027795673550273076
0.00029916469734176244
0.00030468472813917086
0.0002544299793046671
0.0002266857227757642
0.00020624543406169116
0.00021165275422762808
0.00020967037232045042
0.00020214477630365143
0.00019775010389411522
0.0001981336224327794
0.00020474941648016053
0.00021222636676353383
0.0001695102821192876
0.00015580601002520328
0.00014053048703811905
0.00014285031199376172
0.00013811903102630893
0.00014029987605592762
0.00015888430748845647
0.0001813748086876507
0.00019609064483697898
0.00019076264481558737
0.0002036705294904271
0.0001556467670148935
0.00012016186177942778
8.996182112962049e-05
5.5556814564963435e-05
6.286150614585946e-05
7.076510937229839e-05
6.80514833874451e-05
5.954037470434155e-05
5.1770100870153566e-05
5.0877782007131584e-05
4.393990817776815e-05
4.2236480254142966e-05
5.025163146436541e-05
7.543788363278375e-05
0.00010140573563226144
0.00014349303399426112
0.0001776175933929618
0.0001925321742241519
0.00020817057849865076
0.0002349082055244617
0.0002668191165880571
0.00030203870376518314
0.0003436279420840435
0.0003592060892316987
0.00036227391921236246
0.00037818515206407527
0.0004102541224939661
0.00042108108317817996
0.00043024078886453015
0.00044231103335417535
0.00046542799556307314
0.00044665606044855233
0.0004125392041965921
0.00039056657548028383
0.0003682739945066977
0.00034523797679259687
0.00032325853845920267
0.0003269993483304362
0.0003241239822323979
0.00031169687794166927
0.00028693190217088084
0.00023931863284046268
0.000165442136558002
0.00010518987896194855
6.687510849367925e-05
5.0499536009465185e-05
4.706451895028497e-05
3.6961779204723735e-05
2.5001797117767873e-05
1.7569493485077892e-05
2.225795102421606e-05
3.356033431754707e-05
4.622015252764359e-05
5.4616061819585245e-05
3.7960946562829396e-05
