6.810052103598877e-05
5.440890974370724e-06
1.1692160993595199e-05
1.198924705552781e-05
1.2742688354823313e-05
1.513858358966273e-05
2.017425686259831e-05
2.809247776654073e-05
4.4737587601200534e-05
6.530653285574756e-05
8.204602498703511e-05
8.793636122148203e-05
8.39879128214233e-05
8.850001157086198e-05
9.40392658367814e-05
0.0001068792061673617
0.00011638509137083419
0.00011946501927461936
0.00011887680872139847
0.00011039152230133313
0.00010130696364414946
9.756754846534693e-05
9.97107503075415e-05
0.00010886513357631357
9.484816802161405e-05
8.549883536974491e-05
7.090795771704287e-05
6.295643741286695e-05
6.412922402493461e-05
6.168448517031832e-05
6.895345221603886e-05
7.463233660655498e-05
7.806398432520342e-05
8.030045497570319e-05
8.136862287114635e-05
5.778458681689704e-05
2.750013179317921e-05
1.773670448817909e-05
1.4375895196336252e-05
1.5339231345160097e-05
1.790398196638138e-05
2.829329746096623e-05
4.470773883739301e-05
5.8644683144891075e-05
6.697172797208922e-05
6.5157686158173e-05
5.96369906506635e-05
6.824563153086572e-05
6.916157520272777e-05
9.42386272177013e-05
0.00010399544847610799
0.00012036127467007294
0.00014967864917282686
0.00017278735816645237
0.00019764326310349172
0.0002276486097433456
0.0002531945829642239
0.00025356410782946466
0.00024886893838641465
0.0002623138364832056
0.00029321162091048815
0.00030498545041810225
0.00029903905845155953
0.0003095901274174617
0.0003313103582244299
0.00034376186110087473
0.00035092026623258227
0.00035851327921207347
0.00035444594160090093
0.0003399295962071051
0.00032730890085001427
0.00030054499484453556
0.00027092592132007913
0.00026612865663661544
0.0002757370585031374
0.00029381888106250816
0.00030077809190424954
0.00026942770943500074
0.0002321681395397079
0.00019840881092910074
0.00017080805474941187
0.00016042798552890738
0.00015838142105048547
0.00015696501180161138
0.00013679861374472089
6.52907218635906e-05
3.03585316868592e-05
2.4954149049429983e-05
3.0134302592587614e-05
3.898696476449278e-05
3.464725608366619e-05
4.9111997966417564e-05
0.00010272612255578605
0.00013628553512964314
0.00013765554063928522
0.0001102821814697766
7.853107987015992e-05
5.9255426295144585e-05
5.1044480447371247e-05
5.933569459668578e-05
7.851228811635652e-05
9.921384228003287e-05
0.00013300729957881307
0.00017238915526682124
0.0002148267537730898
0.00025672200184549763
0.0002885474799491061
0.0003029526357580145
0.00029413516393142285
0.0002478038898602466
0.00022262832879387637
0.00020581198182707076
0.00020357006921878734
0.00019837413625823898
0.00019248194043318184
0.00019131284781031798
0.00019032651418534143
0.00019835838515691525
0.00021108830346182808
0.00020251986748184384
0.00015732020001171836
0.0001457629595000077
0.00013347311112692743
0.0001280618005783001
0.00013399054522542867
0.00015148549331962926
0.00017162945779417466
0.0001947889030247022
0.00019112499609160862
0.00019865719586814197
0.00018040001103469998
0.00013138760018604069
9.977076196494279e-05
6.915571104225034e-05
5.689718667919911e-05
7.117360405961081e-05
6.72767132572946e-05
6.193296127675513e-05
5.318625948057756e-05
4.833046667031367e-05
4.46765921721278e-05
4.030063683515997e-05
3.991687606540669e-05
5.9807435867141227e-05
7.693909511203448e-05
0.00010475952628276218
0.00013973010544423724
0.00017393579040519947
0.0001912379801149171
0.0002049510945709479
0.0002388848252272392
0.0002667982506026089
0.00030226926017542935
0.00034034317568964925
0.00037379725849344734
0.00037850713182307116
0.00038680189721085215
0.0003960823242415783
0.00042171032266481956
0.00043761075109563475
0.0004479487168414893
0.0004696145083398086
0.0004768074212178918
0.0004621687389323905
0.0004304759910426222
0.00040098805730994446
0.00037501267287013676
0.00034543940710561485
0.00031921571241830943
0.0003138220712948091
0.000317635878209934
0.00030567346362051905
0.00027351655659013684
0.0002331289456047108
0.00016138791951464022
0.0001111479203707259
7.131948627714451e-05
4.248673967626688e-05
3.4894733602253714e-05
3.4206342205402637e-05
2.7016354498572302e-05
2.245815652950875e-05
1.924952788082867e-05
2.2794551369387714e-05
3.5626512460171656e-05
4.17447117854111e-05
4.829907121445798e-05
3.674941287616058e-05
