4.190706342990397e-05
1.510261679848783e-05
1.99411044311256e-05
2.0291456484318582e-05
2.0004989858938855e-05
2.2053436716945783e-05
2.4776533636639822e-05
2.8258409472772166e-05
3.092057176308961e-05
4.25151872850829e-05
5.869704960965434e-05
7.710450162742415e-05
9.60167115089503e-05
0.00010063385134845873
9.601525957928519e-05
0.00010115617780807797
0.00010659920316054382
0.00010044601986830062
0.00010273181904528212
0.0001029929043594941
0.00010159812232698682
9.220342476776371e-05
8.611993634358031e-05
8.250885912858706e-05
8.178251888258307e-05
8.79887442985805e-05
9.661442566709816e-05
0.00010012659517625192
9.733892020515696e-05
7.757784190965326e-05
6.492677815175617e-05
5.1325486109320325e-05
5.480721967472933e-05
5.7638272058821644e-05
5.967649055022457e-05
6.30587546617212e-05
7.046753127424517e-05
7.138524937075473e-05
5.3146822251135116e-05
2.8244186465657106e-05
1.8837211695270782e-05
1.4426674234180052e-05
1.3410019611046611e-05
1.4091184413665302e-05
1.6775139173994023e-05
2.5597205679208825e-05
3.926257518710576e-05
5.381339767618137e-05
6.216525565423715e-05
6.544173360961372e-05
6.835702851906668e-05
7.305338402483043e-05
8.065374589681513e-05
8.877386942370962e-05
0.00010332332989590435
0.00011576868362448668
0.00012911631504274312
0.0001582387761667269
0.00018751654010422934
0.0002108882763795979
0.00023614842224228691
0.00026407464898308943
0.00028304248183162484
0.00027885428675785226
0.00027905731258924033
0.00028195593173582615
0.00030365227823459504
0.00031974341512045254
0.0003288173840671399
0.00032999536664201013
0.00035587274673319576
0.00035369993264825665
0.0003461874850383284
0.00034006391163422984
0.00034022982567869463
0.00033430751914010736
0.0003238893468765162
0.0003111669729632433
0.0002884585148940253
0.00025515221122727333
0.00024006490523082174
0.00023394969527892212
0.00025451753865979695
0.0002624280049200443
0.0002595796561739183
0.00023343410766993476
0.00019369925205230153
0.00015193892181958343
0.0001288030667053768
0.00011557483789342561
0.00011353128961630687
0.00011359231078884357
7.913476687957177e-05
3.789261688329763e-05
2.6461014330682938e-05
1.9418251781364163e-05
2.058307793714304e-05
4.190118578072063e-05
5.2543569130477136e-05
4.545065249512417e-05
5.511949391100008e-05
0.00010957098499160886
0.00016247388230595383
0.00018251714104141676
0.0001492473871587096
0.00010978504236660455
7.652398634317928e-05
6.127104070038782e-05
6.648867790736934e-05
8.145577156789136e-05
0.00010430912923445763
0.00012795131251908134
0.000154578840159995
0.00018516369315062638
0.00021977604941454822
0.0002488844518940515
0.0002667044320156727
0.0002788945355993362
0.00028326988400660875
0.0002673046826497195
0.00023989642638502743
0.00021863378753341614
0.0002132838663325505
0.00019701921790761222
0.00018749595171407577
0.0001835841885859116
0.0001795537895540214
0.0001789699373904257
0.0001853423484648999
0.00019644093329478288
0.00020327652947847158
0.00020246485593124796
0.000190315477808779
0.00014755324919589317
0.00013474438455134266
0.00012030869743682394
0.0001321827324749531
0.00014736950166054622
0.00016605953349946203
0.0001842436033127473
0.0001898871729540771
0.00019708486610501303
0.00018853614198750696
0.00014230838928380233
0.00010009165198884812
6.982150051370085e-05
4.950076941666682e-05
5.243638218592574e-05
6.555202358151727e-05
6.266192242081297e-05
5.766852944237501e-05
4.7905934384850203e-05
4.055339474610597e-05
3.9881018459592395e-05
3.373856886336968e-05
3.5633126165939386e-05
5.63520192651689e-05
7.082176989813666e-05
9.577249620367533e-05
0.00011688921498161546
0.00014360149623078705
0.00017188364698624275
0.00018972918348946378
0.0002145924092253552
0.00024895127424380466
0.0002766222469150896
0.00030948981263772765
0.00034564775693654164
0.00038071819398491434
0.00040832956649893123
0.00041933251936433535
0.00042409469510763456
0.0004269715151271431
0.0004321604360150109
0.00044839495111704034
0.0004678927720505154
0.0004882514543983594
0.0005259129581288861
0.0005071619609075323
0.0004913775982623926
0.00046692345797765027
0.0004442331979012089
0.0004160796601819363
0.0003790695452622246
0.0003371009627784607
0.00030338342556463643
0.0003037613824871425
0.00030184508216736506
0.000264356323050178
0.00021288581321648916
0.0001771080716191936
0.00013755284799867097
9.677965989131877e-05
5.820153561343672e-05
2.691896767207357e-05
2.1358150495365926e-05
2.2035160073960822e-05
2.3690010375302853e-05
2.4705773423716735e-05
1.7822545839528084e-05
1.8019675213796718e-05
2.262872942856215e-05
3.125479510333748e-05
3.1850650194560344e-05
3.6861947690037276e-05
4.524072300917892e-05
