2.976632928998818e-05
1.819164601314109e-05
2.4339483243186815e-05
2.5072972455377844e-05
2.5011476093176796e-05
2.6575147264070105e-05
2.8643130469792654e-05
2.9499068290881254e-05
2.887608405747678e-05
3.3663318394081383e-05
4.623061065940873e-05
6.245247721355977e-05
8.188471356499502e-05
9.934490309982215e-05
0.00010970542305155586
0.0001012281623596097
0.0001065315153897708
0.00011218649679746718
0.00010441721359451893
9.761918454814914e-05
9.597363267756187e-05
9.492736786298762e-05
8.705286111810172e-05
8.007520898682766e-05
7.548709288713863e-05
7.341979333166772e-05
7.744124829131973e-05
8.531766815157225e-05
9.33887953212009e-05
9.187393524444648e-05
9.009635263944621e-05
8.933070131158435e-05
6.139482459820659e-05
6.33871610392692e-05
5.1027516372380684e-05
5.069542279960859e-05
5.32110488667262e-05
5.681067507676979e-05
6.592518887628858e-05
6.075774884903823e-05
4.301281873627953e-05
2.364293279498011e-05
1.6992980007003963e-05
1.4013100143172373e-05
1.2824535091997114e-05
1.302336319330851e-05
1.5589059727306586e-05
2.261365713158129e-05
3.418258936660233e-05
4.6820022908016523e-05
5.880690126848822e-05
6.74264610789454e-05
6.847785617900351e-05
7.776511322405644e-05
7.922809873699274e-05
8.91700018250985e-05
9.882626673273143e-05
0.00011232788873166901
0.00012333432527499092
0.0001377820383043589
0.0001645709518113814
0.0001947349137938111
0.00021899926194540094
0.00024283341593798867
0.0002690075810946865
0.0002910014796235277
0.00029139707793723467
0.0002899572685609573
0.0002950449838117306
0.0002977374101186062
0.00032375667717499725
0.00032829588170713443
0.00034367613268610256
0.0003496865986862959
0.0003703215222887022
0.0003647471636151439
0.00035266157234033305
0.0003438138923979182
0.0003359992838224648
0.0003301231785800017
0.00032027894887307886
0.0003061824982393922
0.0002835321904260259
0.00025252215715051144
0.00023183329382490215
0.00022600174794076039
0.0002368051456622757
0.00024862817355169757
0.00024559451394191666
0.000227081033251858
0.00019683540854852403
0.000150532950421823
0.00011877360914473609
0.00010126207477186204
9.366734992469096e-05
9.55545251773904e-05
8.440594881315931e-05
4.6702569523785684e-05
2.5553598351186728e-05
1.9610626886670165e-05
1.473957445657349e-05
2.4486914087350275e-05
4.984682438959656e-05
5.9979618287150105e-05
5.431012462862522e-05
5.3266480189380996e-05
0.00010377436526608483
0.0001465004380925068
0.0001940512056208393
0.0001693978642882792
0.0001329784096576502
9.911808155399563e-05
7.527598366519399e-05
7.017970439379657e-05
8.146793120794146e-05
9.521783411924157e-05
0.00011489478632434344
0.00013762356709698262
0.00016499393439415287
0.00019408880890635529
0.00022342081010458885
0.0002438749301763469
0.00025508005464572493
0.00026547645449040387
0.00027016042429784943
0.00026112571490230984
0.00023801224605567644
0.00021612079885200658
0.0002121768892548612
0.00020661933733292454
0.00019522389239862346
0.000184917128430271
0.00017897235060461582
0.0001751908259460598
0.0001773618392125213
0.00018393713831478485
0.00019149357967634218
0.00019507622603885587
0.00019136633137096303
0.00018452892238045188
0.0001649568709487624
0.00014474229108299942
0.00014024196166508146
0.0001362669359486475
0.00014569528174295204
0.0001594990933892656
0.0001727398396542849
0.0001827000071381798
0.00019182196027887866
0.0001804498133098152
0.0001387732111177767
9.922288534487043e-05
6.957316383513919e-05
4.563700279226431e-05
3.994460013166262e-05
5.1065374878923686e-05
5.73430472862279e-05
5.5395235901808986e-05
4.6047464189620384e-05
3.57696972626328e-05
3.44346520612513e-05
3.260381725705528e-05
3.261354624673301e-05
4.358718543796299e-05
6.255621356598002e-05
8.069494043126849e-05
0.00010404819455052318
0.00012470798898129337
0.0001471190900216035
0.00017304634531939653
0.00019361298720190837
0.0002191042207595301
0.0002478425415085757
0.00028266391051646035
0.0003103073181936423
0.0003421552328203804
0.0003780983088103893
0.0004136510957051735
0.0004267832439410752
0.00043613666037736217
0.0004394080692196922
0.000444830985956752
0.0004428089098917436
0.0004638672268589664
0.00048215762954527446
0.0005066587646371087
0.0005480261063402666
0.0005293783583847796
0.0005114762052366678
0.0004874590079644278
0.0004690111731591591
0.0004443778968737835
0.0004138289422804246
0.0003770856426244181
0.00032629823223134525
0.00031855899096653993
0.00031285142889847213
0.00029065876444405147
0.0002418752583340721
0.00019390720163660628
0.00016056945661914668
0.00012332424161377848
8.425425657412528e-05
4.379316126574834e-05
2.2989581160826497e-05
2.1343939144934782e-05
1.9805039203405602e-05
2.3112141569608716e-05
2.2640870688507292e-05
1.6899847968615784e-05
1.6194561584250932e-05
1.935225429877886e-05
2.5809347219321135e-05
2.6887197636867994e-05
3.082513291585834e-05
3.735021905972789e-05
