3.5597400397936925e-05
1.6594318743464434e-05
2.206098827670706e-05
2.269666418885431e-05
2.238338251285943e-05
2.4338456880979965e-05
2.6647266738166688e-05
2.9388536284376204e-05
2.9514085269049805e-05
3.796722020495425e-05
5.232054802706865e-05
6.954578253053953e-05
8.964524056978377e-05
0.00010489958300402414
0.00010200633669158523
9.979498068610664e-05
0.00010927602492926223
0.00010611697730010835
9.930720585530771e-05
9.930617402098625e-05
9.899715411162765e-05
9.317458186586232e-05
8.564003043689729e-05
8.077478152359654e-05
7.770524714433554e-05
7.930338326842861e-05
8.691559388894834e-05
9.537988119043516e-05
9.571034154765793e-05
9.335409165199262e-05
8.237895250853785e-05
6.150043287311188e-05
5.60035655676439e-05
5.271702667190981e-05
5.414577720380409e-05
5.652354986781492e-05
6.004300804459665e-05
6.893415312835087e-05
6.641517374153104e-05
4.824570428745517e-05
2.580101632627861e-05
1.7807696865137577e-05
1.4207938031417222e-05
1.309446563997779e-05
1.351769072903212e-05
1.5939304721061543e-05
2.4187670052486495e-05
3.653976510752849e-05
5.048919326584451e-05
6.066623340461773e-05
6.673173364492131e-05
6.856775624513342e-05
7.511550014043744e-05
8.01934134808388e-05
9.017068658868083e-05
9.993515245470368e-05
0.00011530111781298817
0.0001254156089973621
0.00014732421914615224
0.0001782980150678934
0.00020470589232940583
0.00022764292444786492
0.0002536193710346378
0.00028099647010116507
0.0002875893369867048
0.00028414453943670424
0.0002873408531574237
0.00029020706273084055
0.0003167080658313472
0.0003238828019738434
0.00033723967896826657
0.00033976585115581083
0.00036432146123135245
0.00036010420354404445
0.00034835185015428594
0.0003387963325385668
0.00033817542375768315
0.0003317770026577511
0.00032153945669813425
0.00030810548417783154
0.000284560478723083
0.000251945070133281
0.00023507738804170043
0.00022923630775429125
0.0002463194052884594
0.00025626796232003764
0.00025152242594160166
0.00022868079007947487
0.00019269437563314523
0.0001486946629354941
0.00012289455258006972
0.00010715588239757328
0.000102859872473151
0.00010403995383440481
8.10787323235302e-05
4.002870962463803e-05
2.5295568707233132e-05
1.9020762382777328e-05
1.6859968609664588e-05
3.33825074487022e-05
5.580904580622226e-05
5.3415193630406836e-05
4.714178458875521e-05
8.146506974352844e-05
0.0001317030643720962
0.00018832970175346257
0.0001742698757314694
0.0001370746703080865
0.00010123285605768749
7.390361609930748e-05
6.54118939249818e-05
7.477302257506829e-05
9.25718022745309e-05
0.0001125906885872025
0.00013397271061484648
0.00016137629564310182
0.00019171500913299638
0.0002252646212225694
0.0002486852057120333
0.00026246030045992436
0.00027285864792831756
0.00027624920235855656
0.00026350409564140616
0.00023707004391018127
0.00021872149115708645
0.00021373989630272332
0.000201130408757405
0.00018808612945428246
0.00018346179606653203
0.00017865701530447796
0.00017703692646444568
0.00018185192371185765
0.00019062217996875208
0.00019770335285912883
0.0001989850127971965
0.00019253868933267606
0.00017394042171713908
0.00013789369478549765
0.00013939691828743445
0.0001271442089579816
0.0001402825801145116
0.00015634535691865493
0.0001726038300555577
0.00018605199218565456
0.00018934828592272247
0.000204429331532775
0.00015793200901186605
0.00011899992595695315
8.058050353987431e-05
5.0259969383660373e-05
4.234929426132784e-05
5.493595033427238e-05
6.193989811923997e-05
6.016211570157724e-05
5.1748236596985e-05
4.060457486696286e-05
3.668233796036006e-05
3.56215618692245e-05
3.12274720719884e-05
4.1606313604853275e-05
5.992320124584737e-05
7.777404990979203e-05
0.00010267162122487744
0.00012170435097221482
0.00014902733755733412
0.00017310470925962509
0.0001939525305944359
0.00021913609646542846
0.00025201704972138727
0.00028190186616212204
0.00031380250661154716
0.0003468815326482681
0.0003829471716137772
0.0004132341370052692
0.00042363344042475247
0.0004306142164388717
0.0004345387266723521
0.0004374167690711087
0.00044707476914492385
0.00046691199755743014
0.00048765408240186866
0.0005268981971840005
0.0005226857495360696
0.0005109514942637362
0.0004850963707761969
0.0004665596433741834
0.00044124962454158794
0.00041119938328435614
0.0003752252984067999
0.0003236224253518186
0.00031259664990194243
0.0003076885918263722
0.0002957989910628597
0.00024740497516392954
0.00019828010581816497
0.0001646312374730788
0.00012481067917185528
8.556061191799502e-05
4.564018907768775e-05
2.364077990086884e-05
2.16903385538644e-05
2.104226605254293e-05
2.353853458507562e-05
2.3146121910960644e-05
1.7139205218716986e-05
1.7444022346881616e-05
2.179239467137798e-05
2.8795323015983357e-05
2.981507906775668e-05
3.4303641807082754e-05
4.201732846217466e-05
1.6914797426469598e-05
