0.0001109835619922167
2.293042901578299e-06
8.718609804301593e-06
1.0067323465196143e-05
1.0847085701671403e-05
1.5168937654053207e-05
2.3183837258622064e-05
4.0892186870512094e-05
6.250962704689669e-05
8.213024236520581e-05
7.419349991449106e-05
7.767668236863685e-05
7.94016019000591e-05
0.00010456642600389606
0.00012853874795216565
0.00014095782241818055
0.00014231039750500776
0.00013496570383396905
0.00012153860828601637
0.00010472285699310601
8.489938770267689e-05
8.659780654205481e-05
7.827786686074368e-05
7.312275281429629e-05
7.716385084299741e-05
8.194084409904605e-05
8.190769394407354e-05
7.180966848517393e-05
8.070670092807929e-05
9.339762924855742e-05
9.352299426411736e-05
9.731961318212009e-05
7.369499306564028e-05
3.7301191494632164e-05
1.9123631862952714e-05
1.2783865703203445e-05
1.537307139858375e-05
2.283298727536225e-05
3.867210011306864e-05
5.7439761289339365e-05
6.32561041433714e-05
6.695079741408954e-05
5.8278734660101905e-05
5.6908861298128174e-05
6.820361381405652e-05
8.517362172282244e-05
0.00010642652059867027
0.0001266468507246246
0.00013795701008786833
0.0001659299555371238
0.00019058553867878252
0.0002199513016310723
0.00022698420154482245
0.00022170928529890654
0.0002486644562417204
0.0002748123612551709
0.00027564816501757065
0.0002820470756594467
0.0002947177373532713
0.00033220831823428003
0.000358219316997217
0.00037706726366521615
0.00038420722289166033
0.0003740110918988393
0.00036176377340799186
0.0003475692163000682
0.0003279173602187464
0.0003175853913093973
0.00031644754847941805
0.0003210676109520914
0.00031493019028600933
0.00027789888469111984
0.0002443959828497272
0.0002251996597080932
0.00020910554719969795
0.00021208520907268095
0.00021669266283710613
0.00022491315249287763
0.00012208215306602126
4.687171837699449e-05
2.9786381465781254e-05
3.292764656385182e-05
3.098242957603712e-05
2.3816454717849837e-05
7.965486151960935e-05
0.00010322103039516327
0.00011071365507981157
0.00010137881383372725
6.673211378955061e-05
4.825700124630918e-05
4.456784383241204e-05
5.2860017348701074e-05
6.91339803420828e-05
9.359588638466117e-05
0.00013391285389883036
0.00017975160583544864
0.0002334208267282176
0.0002777717334127058
0.0002995406049220173
0.00028086437814184826
0.00023773879949866018
0.00021298020921339892
0.00021511936260403263
0.00022095707859395156
0.00021456389081052452
0.00020799689864825125
0.00020545800299608642
0.00020727207818060125
0.00019414804647866445
0.00016970421587805863
0.0001472126661089933
0.00014857852511347108
0.00015428068042715293
0.00015228523000260325
0.00014495267759070498
0.00015914785120171187
0.00018094681597175455
0.0001940151916220169
0.00019390529071459782
0.00020394654561588476
0.00016444129923521748
0.00012109189612475891
9.17781718519815e-05
5.368507320234346e-05
7.095235460886528e-05
7.368826562835218e-05
6.715695817848544e-05
6.0718560902651525e-05
5.579900918675876e-05
5.1524095359992455e-05
4.4816592988304665e-05
4.185469335249511e-05
5.942699355536641e-05
8.524256764361085e-05
0.0001217379211081498
0.0001669727739936992
0.00018804480750253414
0.00020453278249963204
0.00021610249199054146
0.00025071850045598637
0.0002842851969354983
0.0003268870507957604
0.0003401693790352215
0.00034870948840105777
0.0003746911235949915
0.000402628801056193
0.00040475082093559234
0.000420676784845677
0.00043362134495697106
0.000448781417155956
0.0004226975105431336
0.00039644693098891406
0.000378603101376241
0.0003572909026863841
0.0003374796849257859
0.00033668142797396705
0.0003340872351678542
0.00032973172783516615
0.0003110736385797909
0.00027611576972122454
0.0002102173205946616
0.0001334036764408509
8.314941985737527e-05
6.54947299709736e-05
6.046743274121513e-05
4.203243773184867e-05
2.8722979406087258e-05
1.7643867651318577e-05
2.38861470451354e-05
3.8805827961805906e-05
5.298395417909397e-05
6.320137202934114e-05
