0.00022293844481330668
1.3368064665843276e-05
1.6423371556062303e-06
1.41276086809082e-06
7.074194147431718e-06
1.9055380617320505e-05
4.3196105553756414e-05
6.586483863627408e-05
6.13246700571631e-05
6.0900741071244636e-05
7.632614951354614e-05
0.00010760349388533591
0.00014109654955420033
0.0001538576299283185
0.0001535969110664013
9.707893334808643e-05
7.51135348821922e-05
5.938741322978179e-05
6.637500190218096e-05
8.65376033893175e-05
0.00010458648319976693
0.00011825944821416256
0.0001278431332521985
0.00011851664307534496
0.0001001536972881078
0.00010403106365073027
0.00012568967207250893
0.0001334080314798375
0.00011649953312349654
5.2826069503723495e-05
2.337187749337792e-05
1.7085890488342908e-05
2.2161547660883806e-05
4.4948695954735875e-05
6.45087972983673e-05
7.271232379231341e-05
6.362326459931122e-05
5.74479199715252e-05
5.537808943587427e-05
6.422025033369505e-05
9.001270048119462e-05
0.00011524761876824665
0.0001307642022105118
0.0001487459747708409
0.00017127957675028402
0.00018567788441527163
0.0001907161982270787
0.00020954054308632984
0.0002306498892174617
0.00024090224291708446
0.0002702206696104472
0.0003180522166318536
0.0003691367158037684
0.00042220278780424013
0.00044271170239841584
0.00043340130706131857
0.0004590141607888573
0.0004618212769838593
0.00042808411993728663
0.0003813184729466468
0.00036227076346133884
0.0003384696802242576
0.0002976214686109864
0.0002968199003141606
0.0002877468731795766
0.0002962110858045386
0.0003264131939724541
0.0003205665449325432
0.0002608983021960338
0.00010463256941834598
3.803433878644739e-05
3.3798030645656494e-05
2.3309936116862395e-05
6.299908752394645e-05
6.286449740492469e-05
7.630759772135562e-05
7.892437649173467e-05
6.162865453352292e-05
4.0155603288570736e-05
3.460748963287901e-05
4.532138602968601e-05
6.903063957428562e-05
0.00011740928775045426
0.0001687074517752881
0.000218748390264539
0.00026471795412733403
0.000253844193146011
0.00021573244488762078
0.00020571224929496904
0.0002340718208316246
0.0002598228045019119
0.0002603027607175083
0.00023850074229999924
0.0001782928393809609
0.00014633859476612077
0.00014079593628570772
0.00016255303127111586
0.00018031707497393604
0.0002022836118572662
0.00020021751607968846
0.00018927515708893448
0.00018557726286710807
0.00019071299568517277
0.00020847562243254302
0.00021610151924569078
0.00021654949784175308
0.00014864643683675226
0.00010172796313152914
5.724478171672378e-05
8.424093811610001e-05
8.217909140271667e-05
8.780543241824938e-05
8.401085295787427e-05
7.452331458831149e-05
5.323866662899328e-05
4.5398299365579263e-05
5.052140156805313e-05
9.473080281964058e-05
0.0001307287271934865
0.00016886417399196985
0.0001960314276953333
0.0002136030427467059
0.00022586251523507922
0.0002615087683630316
0.0002870089326971124
0.0003069320101925912
0.00034221082895665323
0.00035825143428487344
0.00037089888268920334
0.000369925456787944
0.0004247886730325546
0.0004238716300797909
0.0003988297741229548
0.0003879675718541499
0.00038090802388907513
0.0003720048675642778
0.0003428951659068586
0.0003271991624085585
0.0003357261844812553
0.0003288049413460901
0.000299708809616149
0.0002275310081613528
0.0001651885923206138
0.0001252711287788121
9.209014865840031e-05
5.665416373364615e-05
2.7683163991646084e-05
2.3777186020673182e-05
5.067047374538492e-05
7.715233162053611e-05
4.847786498910427e-05
1.1360555532103674e-05
