0.00026999703992289253
1.932452689072158e-05
3.1517684029313995e-06
1.3217187050653083e-06
6.66277821171456e-06
2.280590314979382e-05
4.920157896412278e-05
5.81616860221886e-05
5.776267633590287e-05
6.531535769352186e-05
8.970496367805976e-05
0.0001259880486537283
0.00015297766915615453
0.00015770964403480695
0.0001097683421571112
7.135431467520912e-05
5.826174590943825e-05
6.442532988876392e-05
8.617908012168762e-05
0.00011116491436897228
0.00012721742027028824
0.00014061538800467697
0.00013419214112268807
0.00011378660260186278
0.00010970674999579181
0.00013822914294691482
0.00014937548206295063
0.00013392253616232463
6.140784828396745e-05
2.711909262071995e-05
1.9545583945155915e-05
2.656970107603894e-05
5.342852366023326e-05
7.259406470772264e-05
7.921653005436684e-05
6.264324827440813e-05
5.4574086772996763e-05
5.402167496687584e-05
6.98698693342734e-05
9.522839208366133e-05
0.00011827713487254519
0.0001360018363887591
0.00015478315661537635
0.00017543638676601492
0.00017823915120079457
0.0001923407025738977
0.00021281347919756695
0.00022795886239095943
0.00025818593140331664
0.0003084275954686842
0.00036368446772468263
0.0004312737590171162
0.0004565838814115186
0.0004623654980102375
0.0004926593109183928
0.0004926091536557975
0.00044559577501482116
0.0003940617595508103
0.0003756187400461387
0.0003453033551799514
0.00029900692550529365
0.00030848502662075123
0.00030773628328062007
0.00033025822624349014
0.00034386380871404123
0.000328316772747161
0.0001849670671280983
8.440521966054276e-05
3.299420284935075e-05
3.1528215681049105e-05
2.7170456955547415e-05
5.647313836427695e-05
6.121284004273692e-05
7.123128278260405e-05
5.911353445865069e-05
3.511339780323904e-05
2.454853427086909e-05
3.019662925348164e-05
5.220280685099952e-05
0.0001048011092279208
0.00015392392556997617
0.0002022794556729937
0.00025307986111853
0.0002422811395714258
0.00020673444623787006
0.00020654146408220395
0.0002445490523969613
0.0002715757769912874
0.0002632522247195091
0.00021715621032094459
0.00015271668390663462
0.00013025219639732952
0.00015015425809198883
0.00017569375573736926
0.00019781820703285266
0.0002194456865120065
0.00021047997509941857
0.00020801238895353324
0.00020075197926451414
0.00021822906845669112
0.00023762295706538988
0.0002404989172967855
0.00019920825627000541
0.00011810253148813944
6.901333574030165e-05
8.384571629725549e-05
9.849452996813328e-05
0.00011893339528389278
0.00011886959052478404
0.00010264470385123913
7.105323890627275e-05
4.9977673570926675e-05
5.2159889622674294e-05
8.935096055330053e-05
0.00012542212436528088
0.00016400992184597679
0.00019246695226819683
0.00021307265443920592
0.000227271385586054
0.0002590250232127295
0.0002783687725366102
0.0003080540331482314
0.00034219115699528043
0.0003513818269449681
0.00035641848762174913
0.00039363125666991153
0.0004280569016821361
0.0004086526952283236
0.0004002531289701379
0.0003970861201834895
0.00038274235859894783
0.0003511359448916229
0.00033322110410928204
0.00033848442272226014
0.00034366693374821857
0.00032946783327163204
0.00026585230800136455
0.00020925296302997905
0.00015624932297275874
0.00011046800300630008
6.693124379763705e-05
2.9449525808703817e-05
2.644462173751715e-05
5.801636769105889e-05
8.674783048292893e-05
3.2782534216961946e-05
