0.00015341531848639162
5.393508484887265e-06
2.5542597327276922e-06
7.184643782436716e-06
1.119256854219888e-05
1.693392125259503e-05
3.12900981927748e-05
5.287425328484371e-05
7.387251835107722e-05
7.017418602012104e-05
6.658293128809228e-05
7.246173484650596e-05
0.00010469076476663135
0.0001348709469204762
0.0001466284017612091
0.00014887864789527226
0.00014026073013002037
0.00010016388088229896
8.339817024474418e-05
7.072610652843489e-05
7.41723465032645e-05
7.99494056107841e-05
8.851913424012338e-05
9.73575561612156e-05
0.00010182497850714667
9.237226991331777e-05
8.186302521100765e-05
9.830338866802804e-05
0.00010489204735362929
0.00010687464725144631
9.624298034014742e-05
5.0127281731400256e-05
2.2589423465204454e-05
1.310465307823604e-05
1.5068414912906091e-05
2.715398896021746e-05
4.816884572684682e-05
6.286968803456759e-05
6.609676079999323e-05
6.392471359567675e-05
5.3150359441409285e-05
6.038972740800399e-05
7.261234161080342e-05
9.401069530257618e-05
0.00012134726630992792
0.0001322946690348143
0.00014783175304354987
0.00017608060728580471
0.00020028583508245213
0.00020735639460007097
0.0002112296089287308
0.000241782040172836
0.000254390126461969
0.00026425006124969016
0.0002731095051411497
0.00031338216383536033
0.00035111636280083365
0.00038811802681315544
0.00040653769766172494
0.00040260184593745327
0.0003892300492857073
0.00039858453736739283
0.0003830026593807474
0.000362689815395402
0.00034193455425277227
0.00033025011972341475
0.0003171029379640068
0.0002865350399165821
0.00026691810434255954
0.0002488696581990781
0.00024427308334889694
0.0002601831778985732
0.0002742884205962781
0.00026797140418721786
0.00010992047437564601
3.9679574368433875e-05
3.375329204129302e-05
3.086584478355415e-05
2.070225093337612e-05
6.990035923686061e-05
8.335401588680072e-05
9.591687841292224e-05
8.993318152276985e-05
6.0770080827319206e-05
4.378934831735128e-05
3.991057229658471e-05
5.299882422416152e-05
6.732610609933383e-05
0.00010374934912899145
0.00014895481991391955
0.00020253197233591067
0.0002557216659326414
0.0002895831243220158
0.0002668842216210914
0.00022847000158963225
0.000209112632562281
0.00022596809981219277
0.00023582660703713097
0.00023273375104175903
0.0002239880793570377
0.00021973885786904206
0.00018200574201759844
0.00016040833853853758
0.00014790564820856377
0.00015633415188023308
0.00017028252776223884
0.00017605969214433808
0.0001666789953687743
0.00016114744314138632
0.0001773190853268636
0.00019024550822903548
0.00019842117609065093
0.00020425545122882807
0.00018783679088131035
0.00013679716521601125
0.00010018802711040341
5.575768880428828e-05
7.707846382772282e-05
7.746076288196849e-05
6.991288785847228e-05
6.338663165746019e-05
5.8951924553427454e-05
5.329178959172786e-05
4.4141777194019045e-05
4.372265110485207e-05
6.724970091364222e-05
0.00010184640850782602
0.00014531094104553062
0.0001807921887284183
0.0001968743692375216
0.0002124018280641963
0.00022768201420944096
0.00026893366300097076
0.00030539123648710195
0.0003184283813686216
0.00033502456550989397
0.00037639409415263155
0.000379257927668961
0.00039555792880998595
0.0003959231271680734
0.0004297955325722584
0.00042777303706802985
0.000398591956175746
0.0003803074023138157
0.0003666813908821295
0.00034992006958044225
0.00035232032397562057
0.00034516373094309685
0.000333493683183725
0.00032459530227626826
0.00029068220199856924
0.00023475759416694724
0.00015877518764308927
0.00011070955065616283
8.688283295626497e-05
7.191670388415143e-05
4.3308660792887265e-05
2.5347820919743583e-05
2.1293957958607436e-05
3.5278847102129155e-05
6.211678728661104e-05
6.895853484100391e-05
