0.00018583786144033834
8.710296259665618e-06
1.201664504829974e-06
3.3042544873518296e-06
9.569291936329997e-06
1.8116511165656326e-05
3.698464861502277e-05
5.990197280782264e-05
6.84569803339354e-05
6.147354021382441e-05
6.891705856332847e-05
9.065434008585187e-05
0.0001278572996054958
0.00014656798335272987
0.00015202633216857375
0.00014916029838745994
9.365610459424701e-05
8.019463021675796e-05
6.170003034927185e-05
6.873944083887192e-05
8.35171061944726e-05
9.692064155771105e-05
0.00010810591620278818
0.00011442105917345508
0.00010456338567258037
8.899463189049777e-05
0.00010128882942285213
0.00011409303884434417
0.00011914084724504588
0.00010494217969961162
4.960369992680467e-05
2.2957570699643255e-05
1.4354253976504824e-05
1.7122080093619816e-05
3.4627055376473784e-05
5.6953263299497854e-05
6.69933710412114e-05
6.656636381269948e-05
5.936532305063443e-05
5.275350179547536e-05
6.27517381048163e-05
8.11181947069554e-05
0.00010647463894503589
0.00012606383061581196
0.00014203306687815995
0.00016048401021114133
0.00018730295227384604
0.00019720802311324134
0.00020249398894055625
0.0002259129150851821
0.00024380695541716336
0.0002532723771656912
0.0002744834592068655
0.00031648325899489714
0.0003652115450063685
0.0004074504624446523
0.00042464533505831624
0.0004151587962437837
0.00042258772526431257
0.00042726594246820593
0.0004078287434986731
0.00037223209404214073
0.0003509085728387535
0.00033425495573396173
0.0003079352566047344
0.0002837611686449562
0.0002792144070152318
0.00027102990492605986
0.0002822108595058246
0.00030479212935769975
0.00033007187351200614
0.00016275833083650773
6.350320015957874e-05
3.253714195074008e-05
3.11507678725695e-05
2.0519251794465288e-05
6.450882176140419e-05
7.104972570544084e-05
8.689439338672635e-05
8.372852110032436e-05
5.779453782591645e-05
4.1082964789605375e-05
3.75925056687351e-05
5.115700541385347e-05
7.073573837644676e-05
0.00011458345573440526
0.00016531470025453335
0.00021852032055856191
0.00026705559705956394
0.00027510138491308066
0.00023463278796953215
0.0002072735465896998
0.0002199775716252387
0.000245049533565255
0.00024972805422829336
0.00023839334885315366
0.0002314539778084142
0.0001663035846856982
0.00015501387375715323
0.00014843992079011358
0.00016216873998076917
0.00017882136805669313
0.0001914212237489397
0.00018104829459898662
0.00017368106152443222
0.00018235043760932122
0.00019092740496467613
0.00020193526501900556
0.00020678519233330113
0.0001897790658747189
0.00013421412426396109
9.60569457611201e-05
5.7116788026686826e-05
8.109922282578769e-05
7.737296184804384e-05
7.046996299915566e-05
6.45159742191823e-05
6.173520221776455e-05
4.8783091680824076e-05
4.4665215378026334e-05
4.80060551516565e-05
8.703882013378367e-05
0.0001235643839943077
0.0001649182465447176
0.0001901285129062823
0.00020887333212341557
0.00022014067078081093
0.00025028297535999546
0.0002881772550649367
0.0003044877483267104
0.00032781149001118604
0.00036431897088373086
0.0003689523042958009
0.0003832504051569137
0.0003813695625514243
0.00043227381594056213
0.0004189696148568572
0.0003944156568130053
0.00038011829051081363
0.00036884775831154946
0.0003556619045971837
0.00035118731336144696
0.0003316732949056206
0.0003308367468441993
0.0003187079439900432
0.000287074271422436
0.000222949099275957
0.00014951000755691646
0.00011571059512760468
8.983671541364072e-05
5.849510883242298e-05
3.28770523020074e-05
1.9350558368064397e-05
3.374363205617456e-05
6.672742741310369e-05
7.410142174558344e-05
