0.00016932452634485826
6.8404051975692645e-06
1.642123660353821e-06
5.028108489380581e-06
1.1482141004385708e-05
1.761823747010803e-05
3.4230649497760515e-05
5.659579727653499e-05
7.1583531909216e-05
6.589095553643433e-05
6.781085643235222e-05
8.123590310488042e-05
0.00011839046004035158
0.0001407262001245917
0.0001502103063322151
0.00014904888609957695
0.00012693056095155786
8.158921264465757e-05
7.705822450216673e-05
6.5494646053971e-05
7.371607165215952e-05
8.742114590469519e-05
9.778298398506904e-05
0.00010651017806765793
0.00010511078322109215
9.073157669355956e-05
9.011678786470425e-05
0.0001092352349658155
0.00011146689190969659
0.00011559482290806574
7.944251226536666e-05
3.274857034287743e-05
1.6427547402937768e-05
1.3528323302998615e-05
2.2288941421161466e-05
4.184166053888051e-05
6.019368773832008e-05
6.646091691913845e-05
6.452067626103137e-05
5.731106973091674e-05
5.829088883230061e-05
6.56008464907275e-05
8.93485798566182e-05
0.00011437828408345361
0.0001297109223824577
0.0001444194964708698
0.000169651952058088
0.00019348157517946576
0.00020218470932120719
0.00020738532370847586
0.00023389949103030694
0.00024897167183258345
0.0002591883861625732
0.00027460990179118305
0.00031541228338245226
0.0003593025297301451
0.00039810449537042023
0.0004153744294545776
0.00040934786643304327
0.0004041510899679118
0.00041226508106235793
0.0003971283528780701
0.0003682160129276304
0.0003457513326590354
0.0003329205290277016
0.0003136222169911889
0.00028192667349481227
0.000274943960820196
0.00026051756576488897
0.000263602152116702
0.00028307071131029903
0.0003014849435677006
0.00020930192873630407
8.486510145662122e-05
3.344667709920221e-05
3.314484447596083e-05
2.4120241175113507e-05
3.540888966076914e-05
6.647376993712438e-05
8.303671301619404e-05
8.858306664432434e-05
7.617861727994947e-05
4.793968344283999e-05
3.9623652060154024e-05
4.408280441265162e-05
5.965796816410269e-05
8.825986995874917e-05
0.0001340573923785284
0.00018503748821353637
0.00024016920531326895
0.00028188636001811424
0.0002705080148567273
0.00022905666279202704
0.00020695727251130542
0.000224295569183204
0.00024060634258444072
0.00024134921420355517
0.00023083088219844723
0.00022569506819093357
0.00017114032824527457
0.00015739148419960784
0.00014850757750973202
0.0001596697877648592
0.00017618445244418454
0.0001834757000243311
0.00017341139563542717
0.00016705443701224047
0.00018031121428246715
0.0001907001576195978
0.00020030954487833846
0.0002058635233128865
0.0001863725020790324
0.00013334377300744108
9.742110364408319e-05
5.5086480803669835e-05
7.979097180925787e-05
7.733416355518098e-05
7.001536504344446e-05
6.37670074193661e-05
6.023961168738194e-05
5.054581061500771e-05
4.431092726057597e-05
4.5006931882667355e-05
7.834329504260624e-05
0.00011416794286903806
0.00015900403913805263
0.00018575067919420957
0.00020399227343683931
0.00021604697883169998
0.00023951098939846522
0.0002814335718508927
0.00030822748854922137
0.0003168168920624565
0.00035738728120769333
0.0003739762294059469
0.00038251814648318164
0.0003862412421130291
0.00040772537590873334
0.00043328550230919277
0.000405281678267876
0.0003854891821142093
0.00037362328839977434
0.00035933552157778076
0.0003559243786995164
0.0003464035413066595
0.0003314434490006294
0.00032964272349353044
0.00030442051110139435
0.00026114240705470566
0.00018700026269200985
0.00012862533394711738
9.912107383006145e-05
7.883426396992095e-05
4.902725902179799e-05
2.8394126753527074e-05
2.0693985138485565e-05
3.596549857812107e-05
6.524012328174364e-05
7.105842849098478e-05
1.9572284384835473e-05
