0.0001242762084555629
3.067841925544092e-06
5.953424718717129e-06
9.81586251609805e-06
1.0824647734097133e-05
1.5706607610496587e-05
2.5398461152339273e-05
4.463187767279971e-05
6.635836159900782e-05
7.880008383778562e-05
7.063171277560953e-05
7.550141418459296e-05
8.403372816840186e-05
0.00011732129103467478
0.00013826520004649463
0.00014596482644751004
0.00014325017844856312
0.0001312267098870588
0.00011316531413904228
8.604351156471855e-05
8.18764092735367e-05
7.880171590950738e-05
7.564365169481475e-05
7.950481417115879e-05
8.589402317774365e-05
8.986536685840876e-05
8.17940614945811e-05
7.834520717678797e-05
9.225311714331204e-05
9.774247024583125e-05
9.611092236466385e-05
8.818051709880721e-05
5.452208413321115e-05
2.3085006963614283e-05
1.3670861732528196e-05
1.4058199164135984e-05
1.9930196343693976e-05
3.501797579585558e-05
5.542620644776922e-05
6.273876008284819e-05
6.633880158782892e-05
5.927859223926519e-05
5.8030867163876233e-05
6.266829677069986e-05
8.51183428618826e-05
0.00010260173086486837
0.0001273059132467489
0.00013597751340855727
0.0001610514109496358
0.00018516672689631761
0.00021405826133104815
0.00021950338025295251
0.0002168931523803244
0.0002498677121804567
0.00026738488420800273
0.00027220084431254615
0.00027838389296057223
0.0003020454396873905
0.00033756257448341116
0.00036791607787570456
0.00039010842289329375
0.0003944162775145441
0.0003803475356556205
0.0003663099587543347
0.0003541868117176429
0.0003426622510329541
0.000326854031442882
0.00032167445726240235
0.0003253912693767965
0.00030471743393875714
0.0002678584065909841
0.00024765256760993335
0.0002277358136105395
0.00022097545844034536
0.00023046524511508788
0.00023837041044047665
0.00020490107727665996
8.320523591380809e-05
3.234907250583989e-05
3.2276159103180474e-05
3.248243930623927e-05
2.3676934568287127e-05
5.1975157343552564e-05
8.70512662022028e-05
0.00010465772229926795
9.955547321189955e-05
7.185988153317906e-05
4.863465895922715e-05
4.343336803343599e-05
4.9245821271414326e-05
6.45147751312645e-05
8.574941346723412e-05
0.0001263184441558969
0.00017240494421432156
0.00022789740785188515
0.0002740093699178391
0.0002979743746369835
0.00027324398249191015
0.00023353814909734364
0.00020932729450368902
0.00021901479606819722
0.00022559105507421125
0.0002193795458751658
0.00021267497076024106
0.0002094133018999232
0.000212760958462534
0.0001703200877719195
0.00016855225133500243
0.00014970872535765182
0.00015633926933154274
0.00016263310880230012
0.00015616300765153914
0.0001501845119354646
0.00016648048059503812
0.00018705571080860194
0.00019594767586440069
0.0001968380945922141
0.0002133401477097591
0.00015557301280731862
0.0001108456545868093
7.648373696730406e-05
5.6632630749025244e-05
7.447105756476305e-05
7.36125316015739e-05
6.468225719921633e-05
5.958674780929933e-05
5.5609769749510635e-05
4.846094540020062e-05
4.258754801315945e-05
4.386073722407377e-05
7.540315178367971e-05
0.00010311171863966391
0.00015141766337863056
0.00018401022814731242
0.00019683993440179642
0.00021143234163867403
0.00023416000690452553
0.0002707672506755288
0.00031102779765942177
0.0003323015588567183
0.00033848985401234406
0.0003675337167373823
0.00039749047979355267
0.00039624591970794125
0.0004132294886539438
0.000423399044662415
0.0004424189043211766
0.0004194356764082373
0.00039453213365431343
0.00037682491944416506
0.0003579592009019727
0.0003388740190030467
0.0003429949833284093
0.00033813134125551476
0.00032981336910806083
0.0003169640567522665
0.000276136019175325
0.00020720441243966288
0.00013119274518930731
8.603558414250762e-05
7.232998529286934e-05
6.5157445671387e-05
4.12210221537e-05
2.521644705556198e-05
1.8715986713146163e-05
2.700838034732256e-05
5.0700310138008413e-05
5.8718226529083444e-05
5.693986175979409e-05
1.3635047856800392e-05
