0.00037998475387862607
3.6175562849598524e-05
6.979715261123668e-06
3.2230729316783716e-06
1.0822508423975939e-05
3.093978368572408e-05
4.359943707848772e-05
5.470232005783617e-05
6.031269158789468e-05
8.807872708454094e-05
0.00012156799479003597
0.00015585680170986655
0.0001451109113338656
8.381473766494536e-05
5.604108841888135e-05
6.412024934898395e-05
8.09177227155308e-05
0.0001045961679274812
0.0001298623315536829
0.00015174900014292253
0.0001600541772105562
0.00014934441813301626
0.00014127912173683498
0.00015833349085962606
0.00018197690058807694
0.0001787523863770091
0.00010149386982529817
4.362292520944798e-05
2.58721454570915e-05
3.0334192200884282e-05
5.697131338985763e-05
8.151711159330843e-05
8.97247196742728e-05
6.435519220620901e-05
5.605570188238493e-05
4.8653578845768555e-05
8.237031160953341e-05
9.656981785384635e-05
0.0001182441159549468
0.00013619310822496577
0.00016351981706549392
0.00016319253815073976
0.0001741241980518959
0.00019942419634582162
0.00022513427823363583
0.000265859181281641
0.00033185634798645617
0.0004063595062782222
0.00047317000010885224
0.0005075287169789026
0.000546391090393805
0.0005615474715347041
0.0004991142120621297
0.0004329790115501851
0.00040996295115468945
0.00037824167284761766
0.00032245638087447025
0.00032911073836456965
0.000358390497776283
0.000405573984002573
0.00029960490310908147
0.00034782678052010566
0.0001424082418300039
5.979120558426821e-05
3.503986902973855e-05
3.183413827158944e-05
4.95399367824727e-05
4.9080676236329965e-05
4.884955136894318e-05
3.9751018018831117e-05
2.2201694792208653e-05
8.879299607285664e-06
1.336523579637671e-05
4.682545611422563e-05
0.00010753300073326054
0.00015224442144682059
0.00020116246048789864
0.0002387296157624109
0.00019995880685734667
0.00020621803261756198
0.0002457405245875524
0.00028516392767498496
0.00028125806513337715
0.00019446229688117092
0.00014451251113550479
0.00013160669356993644
0.00015709792872563717
0.00019067754908084686
0.00022187548621247915
0.0002439477583632479
0.00025209755521213805
0.00025704686691704995
0.000251376072854345
0.0002716893811416821
0.0002705006353360762
0.0002781747528794854
0.00019731231585256518
0.00010522127919502872
8.342787629031653e-05
0.0001283749698076321
0.0001417155424498427
0.00013503928993640577
0.00012246934965037543
0.00010497328621766366
7.07469982607622e-05
5.8419022751945894e-05
8.585987090027947e-05
0.00011728593312390681
0.00015430902213121013
0.00018602543779618644
0.00021349825481938977
0.00023250846111684344
0.00025751013445899485
0.0002814065535139675
0.0003172981771742005
0.00033654623456312637
0.00036010977270990263
0.0003911971359221388
0.0004224168975638988
0.0004199899507180029
0.00041810883545021025
0.0004260929804374899
0.0004065266599401839
0.00037362733805218186
0.0003598513671178615
0.0003703015327405202
0.00038228935927999433
0.00034950464620265784
0.00029616613208959
0.0002320582013667143
0.00015051270244198273
9.596290739084226e-05
3.913937185125643e-05
3.41408280626274e-05
7.964085739491748e-05
0.00010285081779279296
