0.0003508277550890186
3.241621911508134e-05
5.9877170359956825e-06
2.553201137839469e-06
9.186687918171942e-06
2.8689932866043526e-05
4.6688117475244726e-05
5.254654215564696e-05
6.143138345544406e-05
8.267304992803203e-05
0.00011221236907244921
0.0001490246304614037
0.00016364324891270153
9.640788573231776e-05
6.624893987159304e-05
6.006114470459301e-05
7.214690955256728e-05
9.378670293643699e-05
0.00012045383271702507
0.00014100335728832434
0.00015723903649304425
0.00014971423702541455
0.00013526873496642604
0.0001364607503217534
0.00016533735434361228
0.00017204323059699688
0.00013109484929022447
5.2816998092373985e-05
2.5917999306714613e-05
2.1462800493669898e-05
4.2594930700261046e-05
6.875907751575282e-05
8.814821166833325e-05
7.538263129979448e-05
5.771835666863183e-05
5.065026840231395e-05
6.202199172946623e-05
8.488502959849069e-05
0.00011296138587416844
0.0001267422275324244
0.00015109135180953428
0.0001641589297727311
0.00016837738546713178
0.0001834103058271082
0.0002112357767467688
0.00023455905073531616
0.00027929090749122997
0.0003378110880134261
0.00042118764918159537
0.0004703534107495294
0.0004974474095536766
0.0005342865236932369
0.0005446884849091952
0.00048223985238310044
0.00042121581350733394
0.0004004220033632135
0.0003667959020352443
0.00031299387762038784
0.0003238873592572746
0.00034639423062358585
0.00038689203207012944
0.0003055408524986614
0.00034579624907347234
0.00014488846264758205
6.403223616926563e-05
3.4266299688577706e-05
3.0638789441017054e-05
5.212406462395315e-05
5.1440145851240315e-05
5.502286718724446e-05
4.704951693745748e-05
2.9873393304287813e-05
1.3168676588681194e-05
1.4518142124002868e-05
3.790989373794493e-05
9.753628905057933e-05
0.00014218978292428717
0.00018759768746238843
0.00023853305864748184
0.00021749044586724114
0.00019866577576912686
0.00022519184793270804
0.00026858025877228076
0.0002807893490344007
0.00025385989474092306
0.00015371049710742723
0.00012941660163731983
0.00014241471383059383
0.00017742238457588803
0.00020407755040552676
0.00023268974820752516
0.00023334616213639952
0.0002451549844819362
0.00024183199313666795
0.0002524749744333191
0.0002668491251175083
0.00026680440271566067
0.00023436915036018034
0.0001393230669868988
7.070914919061456e-05
9.062343902023555e-05
0.00013946157373145315
0.00013780289416637044
0.00013034239987117765
0.00012101531909738478
8.576443035961478e-05
6.151732587639752e-05
5.640051883968712e-05
0.00010850424614948319
0.00012950096303296474
0.0001665098379390625
0.00020129693963509256
0.0002178486493577383
0.0002396433314537552
0.0002609657939052104
0.0002935667877013872
0.0003256510578868704
0.00034093489148277116
0.00036156127456401447
0.00039800588769186467
0.0004235267996534922
0.00041633197935764526
0.00041203431864568707
0.00041813985220237506
0.00039524405177343276
0.00036429288092868737
0.00034994274961956207
0.00036195731179950927
0.0003707205486845721
0.0003355966624051309
0.00028286034752639515
0.00022194335707196114
0.00014635580791678488
9.600768969482339e-05
4.2946713225340975e-05
3.061292988528579e-05
6.423444931659037e-05
9.581341426910882e-05
