0.0005593996879591203
5.8713269458795566e-05
1.8328615754400703e-05
1.3465893873337373e-05
2.7327827013899296e-05
4.480874013262195e-05
5.285533244517833e-05
6.324419342965251e-05
0.00010002520580887063
0.00013864789762230688
0.00016717682596226207
8.274190815079016e-05
6.779067567215878e-05
7.557078022984187e-05
9.728521655156692e-05
0.00012218754860149686
0.00015308921938492543
0.00017788497014493252
0.00019380851943281882
0.0001977859778674869
0.0001923336199303592
0.00020310141118584977
0.0002366836692640574
0.00022233859095531424
0.00012116269850944442
5.3885433999934606e-05
3.2500267168269804e-05
5.088064229957979e-05
7.719846001104448e-05
9.73775653216519e-05
8.031149911698881e-05
6.394149633701305e-05
5.033925995696031e-05
6.10616445665973e-05
7.429337119979752e-05
9.28109343580655e-05
0.00012740344581687178
0.00016143151883601324
0.00016059660473418375
0.00019222360318186437
0.00022829543279557672
0.00027796124008501975
0.000353645869257983
0.00046026611957294413
0.0005756651591696871
0.0006322908687268806
0.0006449050918521733
0.0005739160853951084
0.0005002250714588636
0.00045580476381163176
0.00040894458367491987
0.0003664286032605083
0.00037894419442420166
0.0004541140640630919
0.0003415125740466944
0.0003348876369926796
0.000271394626372114
0.00013560894182971367
4.073969600473276e-05
4.6914261714722504e-05
4.452239643938851e-05
3.335504929329638e-05
2.059273461251033e-05
1.3137136935941981e-05
4.26102749413959e-06
2.1823963332449655e-06
2.4486781797133598e-05
8.886038687736277e-05
0.00014565076777084483
0.0002054847811277596
0.00023256631166239454
0.00019816912776411376
0.00023867391430644865
0.0002826804201546908
0.00030117931995723816
0.00022652605191884935
0.00014064266592929487
0.00014012942350149945
0.00016417843447037912
0.00020357073749449503
0.00023718541468129242
0.00028602194873708403
0.00032075252680584834
0.00034156067677456144
0.0003490255797326108
0.000363050357726578
0.00034519256126085986
0.0003227312497937792
0.00019979654041730636
9.602734803668605e-05
0.00014593345183910265
0.0001575784161554152
0.00014370147371186995
0.00012893087067217365
0.00012688597464101124
0.0001110828997814849
8.182650586765987e-05
5.908515269798457e-05
0.000125132905437277
0.0001319253772742742
0.0001880998689601674
0.00021621959015584132
0.00023820425300297182
0.00026010236853613624
0.0003071500296514251
0.000340666154331118
0.00036328234314999413
0.000409314919262009
0.00044296031305589474
0.0004687681791631606
0.00050250030651652
0.00048109509725034175
0.0004403505241519008
0.0004419390209437552
0.0004773505488012933
0.0004768928973634442
0.000441031314696246
0.00040920021745974983
0.0003238198269575822
0.00019669316133057212
0.00010210241258892648
4.372198278513905e-05
8.143215717519895e-05
0.00011998067417524048
