0.0004912284547901919
5.15614275192016e-05
1.4600366458088232e-05
9.243931509552032e-06
2.0748835262956597e-05
4.200662059227914e-05
4.884309584299645e-05
5.6998798396358587e-05
8.61981668775416e-05
0.00011939661269311703
0.00015558799482252297
0.000126343456063285
7.357266773287716e-05
6.359774784229042e-05
7.929626644959959e-05
9.981713749702753e-05
0.0001268691559985707
0.0001534096775748789
0.00017877903361704933
0.00018232912783868436
0.00017792563975001753
0.00017413692494543285
0.0002129775117606388
0.00021740087721733138
0.0001764087602694504
8.20978161633841e-05
3.723840811814127e-05
3.170447205469395e-05
5.433988988652998e-05
8.026992588898283e-05
9.35985634172302e-05
7.538574911836891e-05
5.936403359638218e-05
4.907231461088777e-05
7.193685588784711e-05
7.968050595796007e-05
0.0001050008452145585
0.000127805144305248
0.00015861026229415834
0.00015878940418134158
0.0001831091031047827
0.0002181435582374486
0.0002572298582937081
0.0003273888346883658
0.0004148918731496962
0.0005169048412677947
0.0005767833077734538
0.0006147448193082367
0.000603029402573517
0.0005140276057258549
0.00046177151195141006
0.0004272927476575493
0.0003704638389757218
0.000346556691116113
0.00037959909662699275
0.0004491940563591511
0.000323512514749977
0.00035226387996423354
0.00018917292736280624
9.583097938582868e-05
3.8520178830593106e-05
3.402145148641272e-05
4.719156164206708e-05
3.6790762419933026e-05
2.778044793222308e-05
1.8308595093764988e-05
5.874427067059303e-06
2.506497724938996e-06
2.1796602459004592e-05
8.302862865066584e-05
0.00013746439851936034
0.00019034095190470913
0.00022678377024258926
0.00020166040492754824
0.00021845279461667495
0.00026491420216692257
0.000287590806290453
0.00028902134547080033
0.00015432526403614635
0.0001333615769673471
0.0001446250770590497
0.00017793853533832265
0.0002118305907659279
0.0002519086876638308
0.000282685700817122
0.00030599379283752866
0.0003217435567531638
0.00033157420699923737
0.0003179650602101519
0.00032625365491320763
0.00026545782456820373
0.00014032174165776518
8.769772770843787e-05
0.00015347223887335305
0.00015071427940118224
0.00013851192975082203
0.00012442556200859572
0.00011852025839440374
9.564745183597245e-05
6.630144401658212e-05
7.395392013768721e-05
0.00012752825078210257
0.00014477436127932687
0.00019345079029701176
0.00021647528666509757
0.0002420758935644335
0.0002587264819602118
0.0003042877922263727
0.0003365404944420478
0.00036394656579508296
0.0003924116478191608
0.0004262934080763413
0.00043748697208708537
0.00046193301938849914
0.0004709978769355277
0.0004345485656036998
0.00040324612336437097
0.00042210561114305515
0.0004448991951133935
0.00042821942282791203
0.00038505515075035223
0.00035342607552246773
0.00021046247188802753
0.00013517220135769563
6.039523019224083e-05
3.9594078232899326e-05
8.936373986032416e-05
7.425986645494734e-05
