0.0007879816236466837
7.372202797291761e-05
2.8526221668754208e-05
2.507055943091913e-05
4.341406580768793e-05
5.2596665887840184e-05
6.087890142114008e-05
0.00010175469170787262
0.00013959475101062274
0.00014719042401914345
8.396245811218246e-05
8.296339880586089e-05
9.558712463925053e-05
0.00011703171093946872
0.00014935583895668073
0.00018582809295867033
0.0002225894978106646
0.00024328882444574136
0.0002441918263143156
0.00023648988553961296
0.0002744870833052348
0.0002573636130037667
0.00022384250709494224
0.00010535846735932117
4.1000611651762524e-05
5.420925040610657e-05
7.829422312878275e-05
0.00010182211353581674
9.411940916844466e-05
6.863659112433524e-05
4.880619191491088e-05
5.035333557466452e-05
6.036201811404641e-05
9.217259044550354e-05
0.00014513371885180304
0.0001802918113948509
0.0001979667485156608
0.00022904584604691583
0.0002748923690876321
0.00036693031421974887
0.0005087265261209989
0.0006209066697143767
0.0006645558532583432
0.0006330695188760977
0.0005544096848748889
0.0004992856437295045
0.00045997381880047834
0.00041550284919239766
0.00042504457659040543
0.0004995757677885736
0.0004236101747124507
0.00035804192593510444
0.0003536643873283725
0.00018447745790752215
6.064429525429421e-05
3.65801166833262e-05
4.2985460193314034e-05
1.6018635622421282e-05
1.0281202215466603e-05
1.0089372654626671e-05
6.356884583085597e-06
1.548070849133503e-05
7.495709323119197e-05
0.00014533723717232526
0.00021404689868208281
0.000249844392127499
0.00021781027541913536
0.00027260114225740196
0.0003083117488529563
0.0003148840540843735
0.00017700315150736418
0.00015262093349580603
0.0001665978775772248
0.00020615976630543426
0.0002488152120134811
0.00031555211768322274
0.00037173575098125433
0.00038636141243962786
0.0004056137445264855
0.00044207869513716175
0.00043613115662603547
0.00042234162150480933
0.0002695035069409461
0.00014834968318832453
0.00016492056818844143
0.00015831218759565125
0.0001473598359761736
0.00012737808635662312
0.00013011345784797032
0.00010294586176651631
7.358491130005014e-05
6.96048804219833e-05
0.00012229956370117317
0.0001607943919865253
0.0002167342862051915
0.00024307468873138933
0.0002640954638893472
0.00031580798514454426
0.0003504024190336529
0.00037961308602519554
0.00044080193509862006
0.0005138041410130076
0.0005705606647937394
0.0005638099066631585
0.0005155478003784863
0.000536087904353016
0.0005948241964697208
0.000588263259082802
0.0005459314653382486
0.0005493196552053627
0.0004485019535075738
0.00022334815967059711
9.911689431187505e-05
6.598690364974287e-05
0.00012381568441490623
5.3610060706661374e-05
