0.0009929751314940503
9.129425244425879e-05
4.009628980661818e-05
3.856227714648115e-05
5.004582947345825e-05
5.770361397905028e-05
9.059367836071499e-05
0.00013142813195948856
0.0001658773131549414
9.862221913935946e-05
9.375098432469305e-05
0.00011038194656789755
0.00013331029239706016
0.0001628067065105871
0.00021712930219978734
0.00026487820636804914
0.00028547966513417755
0.0002881277259326797
0.0002775196951830699
0.0003144136782706296
0.00029081923520919733
0.00024354630993248381
0.00011784578738488561
5.361720704218861e-05
6.899489658341306e-05
9.627245442056769e-05
0.00012712943521716886
9.688966609782275e-05
6.439753963304841e-05
4.3560037377046075e-05
4.888986469743072e-05
7.278756152061243e-05
0.00013790996118651924
0.00018475604757409547
0.0002190640454516747
0.00024088715307384436
0.00028167966117260615
0.00037401239366617015
0.0005579611983756801
0.0006446943833335787
0.0006655906613183618
0.0006123426183541384
0.0005185277131121049
0.000486921602001816
0.00046553556706749506
0.0004487155773229782
0.0005167270156876149
0.0005123356436349609
0.00044844670489076064
0.0004523728310819472
0.00024970106157006856
0.00010944268878431341
3.906254069665924e-05
4.298200671652866e-05
1.2571096828805745e-05
1.2552198146340579e-05
1.8032829515229177e-05
1.741378229744859e-05
4.0739539628609325e-05
0.00011517576903460356
0.00018327169140208648
0.0002496242298196127
0.00024156256743407527
0.00027240203401873177
0.00031212208285485093
0.0003326777304404415
0.0002014620148721082
0.000178993023159995
0.00018779498500224307
0.00022546280629214972
0.0002856798240675031
0.0003752752625600112
0.00043405841901679893
0.00044017032518506836
0.00045784599857591913
0.0004933546655036371
0.0004913850096830276
0.000458009502574314
0.0002671252247566665
0.00018879826977658617
0.0001895621907773541
0.00016011594607709314
0.00014202031991178272
0.00012908013218912537
0.00011074713652755776
8.878002021150622e-05
6.0834266400561937e-05
0.00010126769417896857
0.0001535804529600249
0.0002219130703307075
0.00026117840586051223
0.0002743805797427023
0.00031979172322012527
0.0003534138350732491
0.0003991846737968483
0.00047496419938587167
0.0005976550646064132
0.0006298557925728538
0.0006002343458068972
0.0006031898720423213
0.0006711002097607076
0.0007031370540697047
0.0006524402692923683
0.0006434174027862966
0.0006340039383147758
0.000323282816395529
0.00014511508038914485
9.415790842996256e-05
0.0001420179327679037
6.819365922941555e-05
