0.0005955183252677554
6.432769446891526e-05
2.0620686719349245e-05
1.5787895023243273e-05
3.0324037662132818e-05
4.661952961886797e-05
5.550392822009531e-05
6.812297769920901e-05
0.000107840372968182
0.00014663717610095993
0.0001449609097591198
7.510202148588741e-05
7.122228021789189e-05
8.346843079218762e-05
0.00010608049859573767
0.00013421949570480285
0.00016381531782703627
0.00019011539867840846
0.00020544942959669152
0.00020608101893932108
0.00019988456801582453
0.0002317329954920665
0.00023727386876488214
0.0002048627456431278
9.797972872098968e-05
4.245921459837084e-05
4.0567076980575255e-05
6.244449082898945e-05
8.686634860715774e-05
9.02886957199869e-05
7.54087253047314e-05
5.6667026170889516e-05
4.662237832400463e-05
7.44404195756907e-05
6.972463430085367e-05
0.0001101030941928071
0.000148801735442905
0.00016083403245265571
0.0001765031281253372
0.00021698262464511195
0.0002560557437586595
0.0003264098696445073
0.00042124172424032455
0.0005538916646633753
0.0006248771462146684
0.0006520037889816265
0.0006085989231587462
0.000524121384684409
0.0004717660342505259
0.00042784466578669545
0.000379317458329273
0.0003839684288083156
0.00045085853587227017
0.00037837824237465834
0.00032659910564960555
0.00034973911687056044
0.00016168646708492583
4.53142678309669e-05
4.869927788344412e-05
4.369659159402142e-05
3.4440174254903186e-05
1.8140814663551634e-05
1.1991872257805575e-05
4.636663637577022e-06
2.1290555289699164e-06
2.4273633651771363e-05
8.977032908535385e-05
0.00014835108115564703
0.0002106043264772688
0.0002371207123986318
0.0002040686246834836
0.00024947831729453843
0.00028893781716116763
0.000307111969629358
0.0002032084009629977
0.0001422501031663048
0.0001456143312938702
0.0001738109802137499
0.00021326109497361802
0.0002493386341509034
0.00030291032681207045
0.0003299102353006272
0.000353431399837397
0.00036326504848011785
0.0003646122524234707
0.00035914005837469113
0.0003098877645831867
0.00017178806938665276
0.00010763709257509033
0.00016306463215078542
0.0001549944808879963
0.00014111318861491086
0.0001268566748341416
0.0001226901095742897
0.00010690446796436263
7.13990045091631e-05
7.370124153642749e-05
0.0001268607443036701
0.00015302099975166
0.00019979807379372054
0.00023143065295066345
0.00023812629536794388
0.0002848807703235035
0.00032502968980242244
0.00035903845656416045
0.0003784288710720256
0.00043029335227160457
0.00046091159057485046
0.0005074090728874801
0.0005075341915601608
0.0004666398648130475
0.0004474663994138287
0.0004848683321075339
0.0005053352320081348
0.0004723333210835943
0.0004410323209286429
0.0004070226513540415
0.00023172367354087336
0.0001393652423570151
6.340615889556913e-05
7.591187062389352e-05
0.00012514453435607877
