0.0008427221618118517
7.7136823337163e-05
3.0643035567314405e-05
2.763773332022367e-05
4.560469930359236e-05
5.3578973795514475e-05
6.607849680162822e-05
0.00010958557545008525
0.0001468822865653305
0.0001327511987655517
7.913088954206387e-05
8.857463069903522e-05
0.00010395841806440366
0.00012576978917805626
0.00016196341026821824
0.00020359311299911531
0.00023803840181645951
0.0002575039316151884
0.000252261833798258
0.00024738178571123676
0.00028218046764246277
0.00026508638981105224
0.00019129099569978756
8.304656292113125e-05
4.5951469747820226e-05
6.412661180330671e-05
8.569855643381866e-05
0.00010677990141432273
8.960518432787059e-05
6.323180361446742e-05
4.364819593618398e-05
5.5604666966312656e-05
6.434696804178457e-05
0.00011921226051730429
0.000173770660029438
0.0001904021133668248
0.00021929999678178363
0.0002487773356654917
0.0003221672858039954
0.0004291609106877318
0.0005962122247443117
0.0006586369173187497
0.000651183528453289
0.0005866311222237181
0.0005114668419156316
0.00047601514714685936
0.00043886906703649066
0.0004249542033668656
0.0004792100873626658
0.00046892000488989324
0.00037670613706037334
0.0004357966713142783
0.00022438309052256452
8.344951801882852e-05
5.951214177105588e-05
4.2840528839486135e-05
1.938154594676597e-05
9.45465675474861e-06
1.1398954059194945e-05
9.866088995304299e-06
1.5196302065664824e-05
6.862466682726827e-05
0.00014138305688065638
0.00020873721193737235
0.00025158681736085146
0.00021987318189180502
0.0002735539828819248
0.0003112088121854634
0.0003129419996946448
0.00018137518491495334
0.00015877810822205454
0.00017175736075950474
0.0002115995059140716
0.0002571319259377398
0.0003313537929137066
0.0003861449957207322
0.00039910302068276316
0.00041804864055771214
0.0004507450082718088
0.0004500172820915724
0.0004278235394106738
0.00025733514651659197
0.00015799988165635939
0.0001767370763782078
0.00015706965546250217
0.00014549453617803304
0.00012801999082920188
0.00012197586996887706
9.858656566613861e-05
6.688225625021659e-05
8.436467949617187e-05
0.0001215061543175153
0.00017818273963563798
0.00023055156270638313
0.00025643990136644114
0.00027547267356890315
0.00032940215294725487
0.00035675154523183634
0.0004023213916739788
0.0004614411547293819
0.000558173119580118
0.0005912227803750228
0.0005617452062831978
0.0005360511836378925
0.0005825346150096979
0.0006322690904788783
0.0005911418824359853
0.000567034820634409
0.0005807703231860073
0.0003147051528663565
0.00015220889573223375
7.868888766506267e-05
0.00010031484319258666
0.00015132337856724193
