0.0008959743855040095
8.111178234681544e-05
3.328046721880879e-05
3.0978511057980644e-05
4.6790986609937056e-05
5.470146967803893e-05
7.28146815711148e-05
0.00011789456780102619
0.0001545868317904543
0.00011979331237179436
8.453373002199838e-05
9.477625580706355e-05
0.00011293834266980549
0.0001362057864050418
0.00017573445285030888
0.0002240455779280344
0.00025365915780642677
0.0002687649252675206
0.0002601378672351632
0.00026016328769832984
0.0002785353540377241
0.00028115078045474844
0.0001643330958654397
6.388838467254659e-05
5.5967550265309915e-05
7.328115299535164e-05
9.896605241056241e-05
0.00011164816911945142
7.9410650119733e-05
5.538025692495023e-05
4.192074243415298e-05
6.558342237942901e-05
7.65790301185416e-05
0.0001447973016921817
0.0001852742855274133
0.00020971955882458424
0.0002318857536143191
0.000279086901725023
0.0003725406177744516
0.0005387504440830241
0.0006337024282247867
0.0006709096413667903
0.0006227600425414077
0.0005373395922439093
0.0004878006557900477
0.0004674548460965029
0.0004277566667639767
0.0004642001031079185
0.0005085872766004296
0.00042511723998947716
0.0004104468995171105
0.0002470910861470612
0.00012438384751842292
7.118959460168271e-05
4.3056122882382074e-05
2.7201504322477255e-05
8.33363110518134e-06
1.0952982949231612e-05
1.2938780987077754e-05
1.523046948569841e-05
6.021980242226936e-05
0.00013425819276182243
0.00020135536329054789
0.0002534458292638462
0.00022002136656987806
0.00027333865990240597
0.00031164318948184944
0.00031531135089826414
0.0001870656603951778
0.00016549421852399282
0.0001776782447931188
0.0002168746375488257
0.0002663052458780327
0.00034558783513332985
0.0003993472419667524
0.0004108494827661464
0.00043040771653904484
0.00046057361747419735
0.00046393056627419435
0.0004369464257392205
0.000254527081268004
0.0001714562556456535
0.00018135013127017303
0.00015657174355181776
0.00014398419016673611
0.0001301444055255922
0.00011422038728511457
9.581930815002291e-05
6.218854960628585e-05
9.482162404375475e-05
0.00012974540673954337
0.00019234277623002397
0.00024193182753005514
0.0002615987872964723
0.00029066342972509126
0.0003383384034727447
0.0003659259284515959
0.000434003954666372
0.0005146323839822138
0.0005904966539285641
0.0006059330322747739
0.000557500296634448
0.0005722318256538564
0.0006380754913688333
0.0006420581939827306
0.0005922467372436469
0.0006015418731190816
0.0005119213504197631
0.0002530127686162433
0.00010977496437481114
7.651978662019035e-05
0.00013723396674444993
