0.0010997692314482581
0.00010319092561148245
4.378352883181002e-05
4.4278289569186465e-05
5.450896600045371e-05
6.146013639153188e-05
0.0001111507558280992
0.00014471845396155236
0.00014022274527982734
0.00010324935044215885
0.00011142233669063272
0.00013074422858255216
0.00015503975789102754
0.0002012398481404863
0.0002668978804184419
0.00030256704259354675
0.00031561601850853613
0.0003061384915297716
0.0003035093320663226
0.0003152856119840044
0.000321106733675828
0.00018079180098789444
7.062647184764991e-05
6.617923888248412e-05
9.256248840823505e-05
0.00012210073501203397
0.0001139044868799768
7.053042115024238e-05
5.1139112408626074e-05
4.295626047045575e-05
6.460642525203905e-05
0.00012219189674133652
0.000186148927878839
0.00022423966906125176
0.00025289803027559864
0.0002821905485173291
0.0003743026029797622
0.0005656096068168576
0.000653667505870384
0.0006579407272731951
0.000603849113239275
0.0005030726931393154
0.0004874575687730585
0.00046748393500735505
0.0004777242685632096
0.0005323765217482919
0.0005197673447805585
0.0004779096766503795
0.00036683436499922195
0.00020918450319197757
9.128908582602897e-05
3.883760477919917e-05
3.135498747384209e-05
1.1755858553247624e-05
1.949134430006427e-05
2.7455606671818312e-05
3.567869748398499e-05
9.443705271016814e-05
0.00016024882656049747
0.0002256090596518013
0.0002520279967310173
0.0002652102643591091
0.0003120804089286112
0.0003403746273072816
0.0002296049588312507
0.00019811489775488594
0.00020159193572889442
0.00023028636601199633
0.0002978126515057705
0.0003962801479629042
0.00047513715543121335
0.00047312976410559767
0.0004922165211280243
0.0005354985606106363
0.0005220517879014259
0.0004890666547164574
0.0002979266809135851
0.00020460123006452781
0.00020109318870493206
0.0001647962495041482
0.00014219241471296766
0.00012328505385004475
0.00010787962638322528
8.40370578282156e-05
6.254712600110706e-05
0.00010815240749379965
0.0001723291607898998
0.0002365951326600329
0.00026920140414771
0.0002873743398397417
0.0003378861275007601
0.00036840041403753165
0.0004370049710462439
0.0005665393591941446
0.0006308823233854058
0.0006442662402265543
0.0006363755504063616
0.0006878234034924313
0.0007538927421108412
0.0007270165063428902
0.000685334738269262
0.0007118354737896584
0.00046888845715875984
0.00022352792672032844
0.00012569283139235424
0.00013004893198163598
