0.0014163090644236183
0.00015612710576452967
5.892847144111285e-05
5.893011902145742e-05
6.243308118954791e-05
9.287129681108466e-05
0.00016039464273331648
0.00015132449005592988
0.0001206351447432103
0.00014049932874743348
0.00016939472317831312
0.00019357664324087638
0.00026355805086172
0.000359004036701261
0.0003974461306283624
0.0003891316373841699
0.00037719239526171376
0.00038018134040762206
0.0003742766415485691
0.0003518300262261266
0.00018765910564699036
8.036106151024258e-05
0.00011091391092351477
0.00012092815101516727
0.00013442535345678874
8.117518564743529e-05
5.678146065586817e-05
4.418056980151816e-05
6.134788479579378e-05
0.00010356023898858805
0.00018559931424774696
0.00025483272395124046
0.00028955802796045446
0.00032562522410518934
0.00042787712551062556
0.0006250382409215824
0.0006899796251230541
0.0006226319863112425
0.0005292546575125115
0.00048810235181074245
0.0004963122441580426
0.000506209184391982
0.0005887172863615813
0.0006207802581143851
0.0006504682122047006
0.00039069249939236296
0.0002309943480404539
0.00012212727750636333
3.8695199908008476e-05
3.415425950897124e-05
2.8440640170144507e-05
4.6543545989494594e-05
6.026774138866063e-05
8.488145127347822e-05
0.0001528234891612135
0.00021652582022448866
0.00027199615096169783
0.00029216318248844527
0.0003463278302074381
0.0003532166276152624
0.00023604828465215814
0.00023824445307237446
0.00025164355210750914
0.0002939566527502888
0.00040461468512868135
0.0005394444644293854
0.0005917388790952396
0.000586985005623787
0.0006216281698630271
0.000630195565164177
0.00057812478854404
0.0004518752029562615
0.00025659240956995904
0.0002414313194645488
0.00018652587840131137
0.0001616481763213533
0.00011438093196966745
0.00010796041634057157
8.164516253802322e-05
6.729989132994699e-05
0.00010333461562732548
0.00017278442630987867
0.00024044111553030043
0.0002773788895819449
0.0003303277086064682
0.00035579154286732883
0.00040718467977386306
0.0005469784845379248
0.0006513232904941503
0.0006832131618705003
0.0007148694435203805
0.000810155848388587
0.0008873853394106984
0.0008689676350806153
0.0008103921932056479
0.0008354450351315467
0.0005975648357581879
0.0003051156845650212
0.00019518872131439754
0.00021871702337597656
