0.0014895943243579456
0.00017191011399154813
6.371509058011866e-05
6.158464514980142e-05
6.439675868861786e-05
0.00010125452479419099
0.00016848491243279338
0.00014212028482636668
0.00012777710981664117
0.00015265061092759294
0.00018308621246697018
0.00020979575528071067
0.00029561424563929724
0.00038754535141705197
0.0004182293930552695
0.0004028463239692455
0.00039177799097486765
0.00040764220934475377
0.0003944432747562437
0.0003290902514799756
0.00015363287594541953
8.340360837665313e-05
0.0001144286654087026
0.00012918807557229224
0.00011643725186410647
7.395365732420917e-05
5.408085514304962e-05
4.538173823993573e-05
8.198140840111902e-05
0.00012580206949734264
0.00021694353841173746
0.000277060407866229
0.00030931119962343133
0.00035665176357627235
0.0005198736182591465
0.0006525656456730609
0.0006591380423412429
0.0005986001606365984
0.0004909511752567425
0.0004966060941781885
0.0004921129676206009
0.000573497529046955
0.0006802109044237892
0.0007080182611694048
0.0005689205993712041
0.0002664554808042479
0.00017241525935253688
5.6203477545722866e-05
4.675515229924026e-05
2.9128947908763238e-05
4.077944157253516e-05
6.30649778860863e-05
7.792360386523002e-05
0.00013765312249468682
0.00019571791798647222
0.0002724690817661877
0.0002830324888974973
0.0003503593284729854
0.0003646478144644824
0.0002598130469300415
0.0002511045443733064
0.00025801822922890387
0.0002941736965990405
0.0003948344969363463
0.0005418293006051861
0.0006195695588664121
0.0006151468515777738
0.000639947094082093
0.0006620385408253007
0.0006025562358150289
0.0004993814058299689
0.0002825326694510856
0.00024236288913863428
0.0001934998090216997
0.00016775945138957548
0.00011711396919556277
0.00010929063023959294
8.380440006425978e-05
6.853052345342409e-05
9.82587726248429e-05
0.0001677292263938117
0.00023728536801851616
0.00027806423569747533
0.0003363580369524396
0.0003593726185849754
0.00041069343440009126
0.0005648201972969146
0.0006610920805827966
0.000692375513958995
0.0007377696231126397
0.0008515649936469194
0.0009198724789377415
0.000897209451844608
0.0008461766709331551
0.0008605071381189852
0.0005659500423085418
0.0003047144191693853
0.00021059649676544525
0.000255515279200253
0.00013845646729791265
