0.0013493645856280584
0.00014246127055466253
5.4533771404477094e-05
5.6573319519224354e-05
6.0937145581556714e-05
8.506782265670878e-05
0.0001532780357666397
0.00016157968539544764
0.00012047830129263388
0.00013173675214755634
0.00015731247615558726
0.00018089085405448502
0.00023483063437619686
0.00032405797222314145
0.0003712153298319612
0.00037316324033892924
0.00036205976482176215
0.0003607730650847824
0.00036178839407975373
0.0003715709217858689
0.00021156155780656326
8.523381632463093e-05
9.601908072170152e-05
0.0001140104725120559
0.00013754462818821428
9.531005800695057e-05
6.398229335931194e-05
4.6228506162334626e-05
4.958696803652366e-05
8.708195304751455e-05
0.00015539701065849784
0.00022472308281053195
0.00027053419881482616
0.00030055817710929064
0.000360069693752068
0.0005471288668773059
0.0006575467426223632
0.0006546003656831771
0.0005971503472600635
0.0004924889442648047
0.0004934446652613917
0.00048727950074549235
0.000543074462694412
0.0006474663807738785
0.0006449439820576052
0.0005766870831847468
0.0002564371608075711
0.00016988353064385754
7.463184974300992e-05
4.436782338923073e-05
2.466455077285951e-05
2.994631376602106e-05
4.5765956325338465e-05
5.802922826304305e-05
0.00010675552533595742
0.00016688234643989772
0.00023455865157618477
0.0002662368266710443
0.00030261386643582453
0.0003382619030549065
0.00031310403356046493
0.0002301964069876516
0.0002281900728984603
0.00024541416096857355
0.0002981402996841096
0.0004091926294974096
0.00053390335766425
0.0005655172688635303
0.0005612627876691585
0.0006020126825647505
0.0006026488688365978
0.0005628428177905993
0.0004024309054209308
0.0002303571898504722
0.0002349760460857741
0.0001796046067730284
0.00015529283435421554
0.00011336995183293585
0.00010638177266728157
8.104723690744306e-05
6.64522548568791e-05
0.00010741049663049307
0.00017646329214792816
0.00024167864986433975
0.0002773344938363614
0.0003242823198375622
0.0003524163209908162
0.00040180642198754256
0.0005250960340436685
0.0006404917732623617
0.0006761967554734683
0.0006938849066188039
0.0007717511256477181
0.0008543550720230083
0.0008438682856713204
0.0007877461443198826
0.0008051537100381183
0.0006018553061808865
0.0003139479324497874
0.0001867126873681608
0.0001682588280350822
0.00010057886246323077
