0.001565585721515973
0.0001888376672712839
6.951753623542517e-05
6.608035743280288e-05
6.647973407941772e-05
0.0001102248175725698
0.00017837438962971746
0.00013633509571327613
0.00013577362560592164
0.00016546541546792013
0.0001973550928029173
0.00023506033793244845
0.00033388073789474785
0.000416960528478486
0.00043782705403103156
0.00042178012614246834
0.0004113112957103063
0.0004228126175678172
0.0004035554443070467
0.00028589953067608846
0.00012440081066529668
0.00011155727575832559
0.0001234886402434634
0.0001351286551661185
9.980916573534355e-05
6.642527224092623e-05
5.011548065171737e-05
4.951057901472629e-05
8.656663118726944e-05
0.0001634161206432462
0.00024399264872465966
0.0002942130419434607
0.00033119540340041214
0.0004154843444479102
0.0006122747285878388
0.0006873474980584482
0.0006256341718787976
0.0005339496986841724
0.0004888219664519305
0.0004979275398920472
0.0005220429589922953
0.00062458906635144
0.0006649861278877914
0.0006877953688686021
0.0003545716549344408
0.0002357132587239428
0.00012539583491569234
4.237539824805692e-05
3.9776543478249587e-05
3.969857063174864e-05
6.25718092491172e-05
7.975488560073955e-05
0.00011879618924092788
0.00018065221060937
0.0002503220069409683
0.00029568105305382707
0.00034877273634273723
0.0003764207055916737
0.0002931646926434123
0.0002598673987557317
0.00026477344736509245
0.0002976795049637465
0.00038294540906894635
0.0005309014083808522
0.0006459696082401854
0.0006442014039874022
0.000659354085981059
0.0006880960002488344
0.0006329608114368919
0.0005489092077115877
0.0003156264693296712
0.0002459788360340235
0.00020401428580100385
0.00017354076033442608
0.00012090912108648958
0.00010726158701209501
8.622206240640246e-05
7.033263424605963e-05
9.266249232622471e-05
0.00016129841451725558
0.00022928399816802067
0.0002754026000141843
0.00034121285529349637
0.00036361977076468057
0.0004130323519635006
0.0005773465001561665
0.0006693636822387799
0.0007080448076860317
0.0007642754537386165
0.0008906333875456065
0.0009507508028889815
0.0009284157167550657
0.0008619983225459333
0.0008815528270870869
0.0005452980842123854
0.0003049622894277518
0.00021914512271204792
0.00026694180164212023
