0.0011598753842707963
0.00011024209767671031
4.5275010011942504e-05
4.743666950149499e-05
5.75061688208844e-05
6.370496289531975e-05
0.00012240560046138685
0.00015306795293595733
0.00013274874191606528
0.00011021742677697549
0.00012268010320892343
0.0001429554768337574
0.00016713546505853607
0.0002268005741705909
0.00029589003366344203
0.0003206218689120499
0.00032764897440439863
0.000314078461644179
0.0003274522993073927
0.00032128086487554766
0.000301963647848062
0.0001599063580844547
6.370088831730413e-05
7.609085815738409e-05
0.00010911597774780095
0.00013378081322382678
9.224386161655427e-05
6.450420739414707e-05
4.3946555080389526e-05
4.702630809952425e-05
8.395884333261461e-05
0.00014552828499591068
0.00020357264540151333
0.0002490636434661906
0.00027172289410118226
0.0003244140724857148
0.0004576030692974968
0.0006246588519714942
0.0006863706161150511
0.000626145241946221
0.0005446049213517001
0.0004861491957485082
0.0004953360152909405
0.0004697048490417946
0.0005466558971215526
0.0005765552079372475
0.0005383750982473113
0.0005209632221324466
0.00025043395745709754
0.00013417411595548182
4.832803094655057e-05
4.105063744981263e-05
1.3738520936521314e-05
2.0701074687040546e-05
3.061906487888383e-05
3.5171392151416055e-05
8.116223047209172e-05
0.00014764770892811474
0.00021293581462081404
0.00025620374499139864
0.0002587811519091011
0.00031109207906728094
0.0003400055530405819
0.00024666445870201225
0.00020805051914915716
0.00020940259783567124
0.00023082863758801264
0.0002980813392637707
0.0004018137213235906
0.0004949340044077154
0.0004930080217589243
0.0005088715469435247
0.0005509933864605359
0.0005386133786998785
0.000512302414543347
0.0003157421164108381
0.00021145337451833747
0.0002069387507707248
0.00016756881912991387
0.00014375309023540237
0.00012029695604486016
0.00010700846343921007
8.251420340371611e-05
6.352854492647053e-05
0.000113272000800318
0.0001747911625797798
0.00023991131558058807
0.000273385851468546
0.00029820297818809657
0.00034717331257305147
0.0003773191283417658
0.0004515650916937724
0.0005955830634205334
0.0006444762877492322
0.0006399061086629796
0.0006609621645565714
0.0007391940897336002
0.0007777736018702534
0.0007395578616583128
0.0007112309296598097
0.0007112614150320574
0.00040449919271115737
0.00019572685092573958
0.0001301944683902409
0.00017412657227008427
8.815463299777064e-05
