0.0016422401473368195
0.00020600562963503366
7.636741786731509e-05
7.043372692549427e-05
6.886292999922672e-05
0.00011974331132989023
0.00018854175674759744
0.00013338243212446737
0.00014382325320711178
0.00017872698007171656
0.00021217426787066904
0.0002632294939211272
0.00037510787263866035
0.00044835825322936575
0.00045718070055506476
0.00043958999847095495
0.00043123206086404404
0.00042275910850052967
0.0004208495689973175
0.000254864081821003
0.00010391350776480231
0.00012423478409303093
0.0001310667883371938
0.00013512914849266174
8.754322844554486e-05
5.883591714943423e-05
4.770188790649943e-05
5.7496481978516864e-05
0.00010785574667298075
0.00019096074723951286
0.00027943467707785814
0.0003164398244448344
0.0003537997338395896
0.0004867545154936696
0.0006455045883365298
0.0006683026865922212
0.0006024077512334578
0.0004939163284713489
0.0004991121121349302
0.000494361369481254
0.0005970066668665354
0.0007140004169622453
0.0007743669595757633
0.000562601205462619
0.0002864664046247409
0.00019806217035795066
5.0288945358259695e-05
4.913087887102019e-05
3.729566012338686e-05
5.878642420440713e-05
8.48441733062833e-05
9.637742230682425e-05
0.00016552831209551828
0.0002278332478341127
0.0002963589383705205
0.00033505126693644165
0.00038882431103447223
0.0003382398264461595
0.0002718191332086517
0.00027858405712056263
0.0003007788529978163
0.0003680817896360906
0.0005152130915351224
0.0006565351673111779
0.0006721736903656982
0.0006819381019732832
0.0007049623834200296
0.0006672621951378917
0.0006136845414812773
0.00036181332296516216
0.00025815628797918244
0.0002219769242517176
0.00018028895138121707
0.00012940730021984953
0.00010416631343023179
8.943539451120863e-05
7.199976774646678e-05
8.675732552993433e-05
0.0001529186573057474
0.0002195297847610865
0.0002720137228774721
0.0003451127144352186
0.0003680498002905374
0.00041410342035849365
0.0005861284899966288
0.0006762761233333888
0.0007220541401175095
0.0007894327515918433
0.0009252731317123671
0.0009827313342153728
0.0009646058998221746
0.0009007547620329948
0.000930334071779487
0.0005316865383165342
0.00030731591885748365
0.0002291030766628353
