0.0012221067919677324
0.00011945935523671321
4.74913356053769e-05
5.07915774456861e-05
5.875846665717528e-05
6.921154887149377e-05
0.0001340112972203957
0.0001633663564442445
0.00012725606262387688
0.00011692803537331446
0.00013453944770414232
0.00015485435062886227
0.0001822944936154964
0.0002551165067716968
0.0003189459677778896
0.00033740866757637236
0.00033920725479837755
0.000326206408086676
0.0003629093629143232
0.00034134130960352364
0.0002761147258353444
0.00013262191729036766
6.94441130551505e-05
9.292960990435944e-05
0.00011590029796808792
0.00013293240684312995
7.860691364887949e-05
5.845592165418753e-05
4.1151068448036924e-05
6.035721805292881e-05
0.00010131219946243311
0.00017704419984177215
0.0002271248889231774
0.00026260584659729364
0.000292193528554405
0.00037060359919284123
0.0005619131506801104
0.0006586308792678993
0.0006542778755229652
0.0005982403951444151
0.0004952480172551873
0.0004901801097050137
0.000476011427514602
0.0005074499645492624
0.0005911433274240615
0.0005811604089251967
0.0005224305351056117
0.0002967078199463731
0.0001906263042789163
9.562779754461066e-05
4.251456994349081e-05
2.3834974214783273e-05
2.000511958846781e-05
3.2152677602661846e-05
3.823327002008781e-05
6.511897135027205e-05
0.00013523506361115407
0.0001992862812247028
0.0002616258122838142
0.00024936829938303147
0.0003106728958307372
0.0003351700808725136
0.00026495363255806366
0.00021796007833004832
0.00021560480645791598
0.0002330778260823105
0.0002975061819105395
0.0004061359543541659
0.0005106923864963047
0.0005159760451195049
0.0005262656695963466
0.0005659167109513778
0.0005563326677626727
0.0005407899166133619
0.0003374282677046284
0.00021752963441641374
0.0002129911786129114
0.0001709795797650686
0.0001463988438786816
0.00011742680597507258
0.00010657691526127143
8.122248126661627e-05
6.449707553519514e-05
0.00011370388395986442
0.00017770315286547123
0.00024143877833868865
0.00027628355643449554
0.00030943785748728536
0.0003487754070130996
0.00038654650167301225
0.000471771827848612
0.0006160712109846363
0.0006553148874639461
0.0006562800514800296
0.0006995751935015446
0.0007932298774177617
0.000804351259021458
0.000753853367561961
0.000757105941771285
0.0006967511325618825
0.0003618168590696567
0.00018503900459640186
0.00013941394480270383
0.0002081256003331226
