0.0017321898705517306
0.00022405439859662506
8.328378482359429e-05
7.511811578230634e-05
7.286586207588819e-05
0.00013032807322334173
0.00020066455430154458
0.00013231488302946695
0.0001512664733698885
0.00019286822381122328
0.00022899848566789317
0.0002971797157958991
0.0004201627514784451
0.0004814622452668694
0.0004808993562596982
0.00045985156717335716
0.00045143903790290937
0.00043443599314783746
0.000419764479852673
0.0002327644980521753
9.860185811715581e-05
0.00012841448824813602
0.00013781036897176111
0.00012079341873723006
7.905132952155665e-05
5.478635845426493e-05
4.743875284982092e-05
7.307281172688167e-05
0.0001308663746909659
0.00022069720895028996
0.0002959159263708041
0.00033741395020634666
0.0004040203557902218
0.0005739664386354718
0.0006848722803927691
0.0006335295445118797
0.0005455781314549786
0.00048732096286616117
0.0004998219655913304
0.0005346492923255059
0.0006535277515967487
0.0007105635070362476
0.0006840425517106929
0.0003550299175206751
0.0002560610402176066
0.00012161490651090736
4.865750121757422e-05
5.228416857778822e-05
5.308400718161667e-05
8.211744273408432e-05
9.481628587503515e-05
0.00014672070067856544
0.00020886970786342286
0.0002865366669809632
0.0003222257408043795
0.0003970779672600258
0.00040501985336771943
0.00027617425551817846
0.0002899570619008772
0.0003049435076094653
0.0003551954488821303
0.0004966666294410801
0.0006535785998410402
0.00069890345264915
0.0007058380417181097
0.0007295942250154989
0.0007119806755007071
0.0006300601812491085
0.00041866933996297274
0.0002757294799829352
0.00024979547453332233
0.00018134853639160348
0.00014738553115980674
9.868565710395875e-05
9.565675569860338e-05
7.321217280775296e-05
7.717942864448803e-05
0.00015231988804966531
0.00020509721240810782
0.00026684200824981537
0.00034712865344789
0.0003721904214363377
0.0004135832917289155
0.0005915637869713191
0.0006816894927849212
0.0007356388830217007
0.0008126063835705239
0.0009552937596284497
0.0010137347621401857
0.0010015765234376087
0.0009390552311959949
0.0009769192056191373
0.0005211039546690257
0.0003116276920501226
0.00023554428980089706
0.00017415438114346768
