0.0021689965423238025
0.00031378239338056144
0.00012337388946176853
0.00010186096173972625
0.000121489859447173
0.00021209800431217738
0.00021179397235957399
0.0001922977759694329
0.00023521266029247014
0.0003003935530155697
0.0003863165291552277
0.0005289862070384663
0.0006126794159383715
0.0006392588215135879
0.0006135089350238749
0.0005663752018554357
0.0005273627910057862
0.0004917302126411993
0.00027319050812615333
0.00013255861156282026
0.0001493330722815062
0.00013835059614445078
9.765003934582414e-05
7.308155245698516e-05
5.6023625534620124e-05
5.258998809697953e-05
0.0001130028166922478
0.00018751345183849922
0.00028938461230472863
0.0003630548559992187
0.0004237397903944023
0.0005794163541214892
0.0006835442468607298
0.0006355029829159517
0.0005364679154743861
0.0004929748290792938
0.0005003991804818255
0.0006117887656733374
0.0008180637875955952
0.0008628731609303679
0.0005939606317928675
0.00034110483627535827
0.0002796590161465015
6.661682756671145e-05
7.141860501545241e-05
7.282591769583138e-05
0.000119325158418701
0.00013590263807718102
0.00017188219416588047
0.0002456647115661096
0.0003130572209497435
0.0003845459726570901
0.000491758859157156
0.0004374665885972999
0.00035805972648919333
0.0003828449750916081
0.00041819644095851213
0.0005310082995213805
0.0007265043296939486
0.0008513648812127747
0.0008718817884693143
0.0008844375331460006
0.0008808000598858154
0.0007623257864004039
0.0005796992013244358
0.0003401217640487067
0.000302250315766604
0.00020099482991642762
0.00015633290738962686
9.890670849451697e-05
9.369222950312703e-05
7.706361413045891e-05
8.231437043883545e-05
0.0001537944647063739
0.00022238607805534906
0.0003063646418350092
0.0003864575795674094
0.00040274668525384655
0.0005573511357318128
0.0006856146537985376
0.0007678411266595004
0.0008787795743570595
0.0010559508737316738
0.0011520860001603172
0.0011925097892462907
0.001082676606701732
0.0011488632010938876
0.0006316979365786163
0.0004272721024148308
0.0003405313439755153
