0.0025854846194310133
0.0004246584105911119
0.00016497007662294796
0.00013500185828063907
0.0001884849863599887
0.0002948544759140391
0.00022044071555146793
0.0002495163338596462
0.00033591769647999567
0.0004389666446424324
0.0005640074322805722
0.0006727912885275357
0.000699097153756443
0.0007077963367618289
0.0006778294701939401
0.0006168718058684314
0.0005598278316141718
0.00034537613859164846
0.00014717430337843676
0.00016567039798985562
0.0001385262870500308
9.932755458023064e-05
7.975708739162e-05
6.136292246827794e-05
5.648866612938661e-05
0.00012798040535864642
0.0002073801248938741
0.0003156335787694545
0.0003993515739821599
0.0005124343891349331
0.0006732331552387966
0.0006550671137584252
0.000582255388865392
0.0004987781049994577
0.0005057521582215702
0.0005563968789355181
0.0008107498010867338
0.0009257119074832479
0.0008739415351010949
0.0004580204151035937
0.00040851834475763837
0.00011605687050421103
0.00010756750223609258
0.0001222553241579759
0.00016606499528937105
0.0001815327220011496
0.00021580146439081763
0.00029639223929209924
0.00036750976725222044
0.0004646518078820513
0.0005795441371622102
0.00043987740044693985
0.00043620936880328946
0.00047671560152399344
0.0005400897889467687
0.000727149537494428
0.0009264851834117939
0.0010003344377312673
0.0010143325559966233
0.0010231349270326791
0.0008825891329274163
0.0007656535412299368
0.00042317450523491484
0.00035107917871545413
0.00023874806804106047
0.00016770778751207485
0.00010832209939151703
9.853023218703134e-05
8.011481499269144e-05
8.588696746728923e-05
0.00014819342035806758
0.0002441607590632136
0.00034444020233215814
0.00039560073906729913
0.00044935203778084223
0.000644635451970621
0.0007478570194804776
0.0008781201225417981
0.0010396965295893683
0.0011968961204555048
0.001294954366176893
0.0012842201078422323
0.001200514957169412
0.00089560411002692
0.0005658274688104114
0.00040894809117920895
