0.003983589236343451
0.0006354177327279797
0.0002957532197841678
0.0003110213914865633
0.0004305083621341934
0.0003682074421191907
0.0004077377832030601
0.0004752276766596322
0.0005756360678898815
0.0006987270063203646
0.000781482513789731
0.0007517732943345025
0.0007397343168400575
0.0006895641386693277
0.0007030631002036658
0.0005842079245745918
0.00023048809869269778
0.00016231236455725186
0.00014633298709558904
0.00012131625696071016
0.00011499082199862484
9.515831732408262e-05
9.847589400404702e-05
0.0002160727801930812
0.00032482490262671375
0.0004721372874558217
0.0006319822512038712
0.0007560333841941055
0.0007093339392084031
0.0005764367427960047
0.0005294632989841023
0.0005314340682743917
0.0007875836985716421
0.0011293363571531186
0.0013292185775032773
0.0009236214197185846
0.0008056912929258196
0.00035721149679844116
0.00023534022610226856
0.0002924527385450084
0.0003221258711925356
0.0003362973258757971
0.0003820385789342643
0.00048689746647279623
0.0006313001178651832
0.0008276514145245558
0.000663860391955217
0.0006129775176418621
0.0006858149263007038
0.0008428043561410045
0.0011133123647204767
0.0011031970960811762
0.0010631926830699757
0.0011188723832676224
0.0010526538701511354
0.0009365798110112424
0.0005537700841265856
0.00040736413823543147
0.00025867640875351373
0.00016448966270081415
0.0001256744354965031
0.0001138956400274408
0.00010334507827984415
0.00012301874238372285
0.00026162090092005124
0.0004329953802048859
0.0004779487004975065
0.0006132158955451405
0.0007742782974590487
0.0008974647417675304
0.0011297844653814077
0.0013989019439633378
0.0015760696565623234
0.0016300833738610312
0.0016345177010771593
0.0011798860152404437
0.0006066742987321555
0.0005414375464216272
