0.003212000877663935
0.000553285531332213
0.0002296852144396231
0.00019905510653910616
0.0002947273965412925
0.00034274045788203775
0.0003091748757008044
0.00036459484757883203
0.00046694375356972457
0.0005809723364465566
0.0007123525734714919
0.0007274568879494271
0.0007211801200090434
0.0007187415832377934
0.0006864603471112563
0.0006454169576466254
0.0004294350289301551
0.00017314414035944403
0.00016958884881605014
0.00013584975153700616
0.00010440007493596987
9.472834237389346e-05
7.209747260078274e-05
7.22291559711648e-05
0.00016910994313249205
0.0002659410910544594
0.00037856036866846913
0.0004984135158050559
0.0006595016321600602
0.0007150061501890652
0.0006229357039172617
0.0005168242928359681
0.0005064024553036318
0.0005512542265523585
0.0008848805121483144
0.0010736426095216424
0.001074703736820263
0.0005991818470325105
0.0005884636097706492
0.0001880590394968075
0.00015216833186359967
0.00020028983904834
0.00023094667774828978
0.0002562183804927272
0.00030241569577115846
0.00038892419627643805
0.00048016327930421705
0.0006460513259916153
0.0006462928417406951
0.0005471844644862298
0.000561260142039788
0.0006173746278757606
0.0008316021809439565
0.0010365137367124655
0.0010852767105699046
0.0010929647796673173
0.0011248062250126347
0.0009779700573238088
0.0008384514673322376
0.00045690975199338
0.00038406536124912377
0.00022349323251767103
0.00015174884674186282
0.00010751547128269779
9.914916302478366e-05
8.652300372342132e-05
0.00010691316004276592
0.00020129260407611844
0.00033331358877539444
0.0004218601318402887
0.0004560006502884412
0.0006709579251642508
0.0007740188648771026
0.0009269100793649414
0.0011509354018321481
0.0013352845656334422
0.001464435657334315
0.0014689758601313793
0.0014301236554876665
0.0007787583172990261
0.0005743152325020032
0.0005001065517998499
