0.004148405049550918
0.0006720543418129664
0.00030103421753250367
0.0003334931894930015
0.00046045139462673945
0.00038607171437934765
0.0004327752862078071
0.0004900075781584105
0.0005912704729359056
0.0007218242095976276
0.0007875574136575548
0.0007567796968249567
0.0007397867301898854
0.0006839313670447141
0.0006816115631700544
0.0005117491736907928
0.00020126202262663704
0.00016433702541741437
0.00014384200504352165
0.00012266082953840812
0.0001192674559339267
9.613640014062132e-05
0.00010793326917391436
0.00024098260221284965
0.00037376548862933455
0.0005245877860541779
0.0006888995407890548
0.0007895866341669938
0.0006853716893556877
0.0005609831210893874
0.000532439788236234
0.0005746337887913528
0.0009790559044967088
0.001244151990024041
0.0013373907253090406
0.0007183495550209307
0.000819660905920425
0.00038659618868197294
0.00025559077150471085
0.0003055115107877354
0.0003590641124856508
0.00034895586845731634
0.00043490654640086334
0.0005529437904510765
0.0007650181526138954
0.0008192497407928706
0.0006618489104171209
0.000678309106833354
0.0007660412821682039
0.0009965094562805544
0.0011380324190706761
0.0010662858364133476
0.0010992535831641098
0.0011731183020090013
0.000948793204634828
0.000785791774749329
0.00040478725142075134
0.00036035731723756364
0.00019525215897587232
0.00014109320555970542
0.00012193063390406243
0.00010759946434464844
0.00011741802675345814
0.00020315196102345325
0.00038284331690429594
0.00048173499709779647
0.0005422356004367785
0.0007611961018281878
0.0008612094276533067
0.0010697110786659825
0.0013720116015814344
0.001566632851376636
0.0016427800599426957
0.0017025497125650968
0.0016011438084932894
0.0006504189308030427
0.0005006703512194005
0.00048424745241358797
