0.0033511748665538514
0.0005608870209619039
0.000247629657167042
0.0002210348883439391
0.0003199987422166967
0.0003453703800253808
0.0003269894937958243
0.00039139475859373935
0.0004929637618916505
0.0005994263650047848
0.000735304543938408
0.0007381479452326794
0.000727642802534023
0.0007148966757337319
0.0006991466197613308
0.0006504060046373507
0.00039648076457469376
0.00017081398735117133
0.00017124147888411545
0.00012844221292283032
0.00010218146229181018
9.562318751957317e-05
7.182012941479846e-05
8.730396091334453e-05
0.00020344859248411283
0.0003055526354360996
0.0004203902594846842
0.0005570166394986367
0.0007044029907078994
0.0006877495222248596
0.0005826326934504184
0.0005086182510537312
0.0005119914595201675
0.0006309828801558832
0.000967456866238379
0.0011425977628943267
0.0009687488565105659
0.0005717993444435309
0.0006202506955402374
0.00020577058687955814
0.00018820948992521544
0.00022919007663360316
0.0002766424708144716
0.0002611574295208389
0.0003520056323416805
0.000450555388887317
0.0005876567023342049
0.0007332060740082817
0.000564645519880114
0.000549800904062148
0.0005994629511349005
0.0007445494502089678
0.0009999790931437096
0.001108495338721199
0.0010701663089486525
0.0011133126026061627
0.0010787156734840373
0.0009095347606676092
0.0005704522479400489
0.0003649260797321279
0.00030507119073458705
0.00017433026957523458
0.00011840142847841512
0.00010316489436880669
8.610034675806515e-05
9.716573745763029e-05
0.00016122655801139007
0.00030571785866130406
0.0004267609153773626
0.000449147272248602
0.0006252611463362923
0.0007495152041284597
0.00088788929218664
0.0010991687146556172
0.0013168429429555792
0.0014644765085475716
0.0015086524319363657
0.0014075159229892885
0.000980971832703991
0.0006247734572863634
0.000492952217458407
0.00035426790809074633
