0.003824737006702332
0.0006054243844925956
0.0002868217264394182
0.0002882754488516057
0.00040103016727655516
0.0003584315549270027
0.00038563762877499055
0.0004602164900359051
0.0005569706131732151
0.0006730957773831179
0.0007698287127328078
0.0007498149426258441
0.0007385740726007288
0.0006997947007463145
0.0007218749391615906
0.0006327369783214787
0.0002772364494753913
0.00016642624492170418
0.00015326945322220162
0.0001246147781661023
0.00011377542725637908
9.579767617340571e-05
8.69325025085599e-05
0.00017826842161932247
0.0002850120926174832
0.0004290153289787722
0.0005722669685379484
0.0007206188581627913
0.0007158262758897914
0.0006055812599186223
0.0005271712001437909
0.0005167119629454783
0.0006470377110451879
0.0010169397076740313
0.001254819765535732
0.0010949711097626878
0.0006817870469585276
0.0006218737488553587
0.0002455158137658462
0.0002534665297094884
0.0002727172743378867
0.0003242273056437284
0.0003227290864816646
0.000422614366507306
0.0005313845784891587
0.0007339463570392479
0.0007556382782593677
0.0006204065823342824
0.0006412880477598228
0.0007285612202027838
0.0009605779123830753
0.00111984696614453
0.0010663073642282553
0.0011036649995912117
0.0011790502839432407
0.0009737773999403736
0.0007913628804730365
0.0004039797901579809
0.00036668364948470834
0.00019944677740060042
0.00013683574195742136
0.00011373532469337204
0.00010045552883149899
0.00010683595040682694
0.0001686824287876062
0.00032976658744776095
0.0004565704746475619
0.0004786318245857028
0.0006659676025174381
0.0007908437343308067
0.0009468678808691572
0.0012129006620714834
0.0014306451292583518
0.0015878031724219286
0.0016144624083387705
0.0016554300650700056
0.0008673310770429031
0.0006216073621889459
0.0006018204314077452
0.0003351598924874956
