0.0036719082461682123
0.000582560646711043
0.00027816866126268103
0.0002662374346322989
0.0003729666373564009
0.00035088799926325366
0.0003651766386154904
0.0004449939871079453
0.0005403183511218523
0.000647819201413584
0.0007532440427607502
0.0007479395088555849
0.0007358536589783055
0.0007051796512566471
0.0007165516998602414
0.0006617488912905882
0.000332527619491494
0.00016981682305558347
0.00016597192254947496
0.00012791185849812033
0.00011398259479881206
9.753633822625294e-05
7.674326142316588e-05
0.00014000365560012742
0.0002521267414840336
0.0003816184409761725
0.0005158491664315985
0.0006738557283021223
0.0007494165686028739
0.0006476973660080392
0.0005363174832671531
0.0005134451152216719
0.0005687544837187222
0.0009406017845581642
0.0011537580016773063
0.0011880960631924947
0.0006638859282703454
0.0007053611504421176
0.0002811777813751882
0.00018721573000333796
0.0002484202005542727
0.00030759948282944665
0.0002986688816282669
0.00036991312488647327
0.00046929096064627013
0.0006147386133187986
0.000784106679659447
0.0006159245110983482
0.0005820652351861429
0.0006429430798421117
0.0008050209200403916
0.001060703160296547
0.0011031459189270955
0.0010663675656427906
0.0011274740427385324
0.0010690171433908233
0.0009217400392623584
0.0005505047032488638
0.00039325312738324554
0.0002780969268273346
0.00016791257285246562
0.000120825687311691
0.0001104495948493302
9.424008900368046e-05
0.00011097965903586895
0.00020709205066037864
0.0003680920391788712
0.0004491507277030742
0.0005044471835921364
0.0007233642617143024
0.0008102395404828258
0.0010118278294801292
0.00129116448449847
0.0014672443401959323
0.0015541357195602455
0.0015457867523851125
0.001588632945288381
0.0006557223900479858
0.00055538263226061
0.0005179952091401397
