0.0045995890642003805
0.000822286635611062
0.00029986645644522887
0.000392282444638762
0.0005068970812860773
0.00047125817192395696
0.00047063727523070003
0.0004972568705988548
0.0006454591355609182
0.0007914500497675027
0.0008044226718711798
0.0007724472440028692
0.0007284362500430931
0.0006871105390930405
0.000645250374598509
0.0003871154091161031
0.00019785981805751286
0.0001890024443899541
0.00015477743509867233
0.0001451797498001465
0.00013560677487948504
0.00011998258030375026
0.00021853187017383332
0.00036382689619683027
0.000533443677337378
0.0006906021220947319
0.0008014266600307486
0.000729187982198698
0.000586635731529041
0.0005555334632794847
0.0005721776730318852
0.0009820751167708306
0.0013021815900738204
0.0015011276772351023
0.000793067455396119
0.0009550665314579746
0.00048651057881040656
0.00032504101480179107
0.00037341075889503304
0.0004123521845554131
0.0004085659420517594
0.0005091878726831535
0.0006522128099822685
0.0008949814456203999
0.0007851428114689352
0.000681966810342455
0.0007745948357484972
0.0009059603384553872
0.0011556693264906472
0.0011191162205326658
0.0010583148754245637
0.0011040925336213941
0.0010179042876807911
0.0009048539599316562
0.0005629854099312797
0.0004154673722556552
0.0002523216914458569
0.0001743779702055358
0.00014651641631643425
0.0001272666807000701
0.0001278973392415895
0.0001883458024253983
0.00037952274687967657
0.0005152168757771502
0.0005708612268287973
0.0007756425597508343
0.0008899851450212494
0.001098194099688946
0.0014323407927377128
0.0016509137951610027
0.0017042620321027317
0.001877759992640957
0.0016478391272579727
0.0006949989625988839
0.0005777785349388294
0.0004140870418114862
