0.004994959703233785
0.000957697824070085
0.00031108493383825
0.00046092910009555923
0.0005303979948723472
0.0005264036601172314
0.0004992247788952494
0.0005607425252144548
0.0006960871182263079
0.0008613265909232625
0.0008095786463277672
0.0007774972664133477
0.0007076499239900237
0.0006613975541289484
0.0005422860500469023
0.0002630149891481049
0.00020429379749669138
0.00019548387540733385
0.00016833713301673831
0.00016338834372420544
0.00014554286304494798
0.00015789699696505295
0.00035109678334550626
0.0005230101999704615
0.0006876956445213123
0.0008227799774546203
0.0007665397577537598
0.0006253972193563938
0.0005818746171923047
0.0005839264275150721
0.0009542706587326506
0.001366781495927247
0.001716163520016235
0.0008938822218256736
0.0011119043055474568
0.0005719182190404091
0.00039011690905544553
0.00045268000947738763
0.0004685744760422756
0.00047509487776032267
0.0006028315318899262
0.0007797355233945753
0.0010214074053407332
0.0008205916870335788
0.0007460717350242615
0.0008465347570828664
0.0010194627871923914
0.001225439669900504
0.0011060843928471043
0.0010742275822636551
0.001155218109023345
0.0008966171286888409
0.0008486715407956405
0.00044100880807703823
0.0003589118936584066
0.0002114193743384602
0.0001798493501404887
0.00016126074582163826
0.0001468743267246864
0.00015367124040154784
0.00032911120777676334
0.000527708360723611
0.0005798170411421478
0.0007660669746969307
0.0008937660476432117
0.0010973301504835981
0.0014584305517640454
0.0017077772133523058
0.0017445986266412137
0.002033171407352634
0.0017288381093721597
0.000767039577075611
0.0006432907946602229
0.0004292301221952622
