0.004316525098364372
0.0007122581197946378
0.0003035814567258123
0.000354392131372765
0.000489346904032146
0.00041809167066956057
0.00044984724439004316
0.00048389763273575643
0.0006098284869409564
0.0007442078367200553
0.0007936081121738303
0.0007620419852540742
0.0007398337554564497
0.0006848938982497481
0.0006586938842702526
0.0004616087004081701
0.00019618748810211153
0.0001658696269707641
0.00014527484166465028
0.00012674666678360574
0.00012391516591041862
9.800923782517934e-05
0.0001497959887856909
0.00027804490091643355
0.00042562149620874645
0.0005815897198259679
0.0007359644171848192
0.0007660049082902607
0.0006432915572809369
0.0005552795551499643
0.0005306906958688608
0.0006545092346115284
0.00106979011248256
0.0013605663366387311
0.0012482939287607382
0.000777291720424412
0.00068050887449444
0.00030417008822390353
0.00031897368354872707
0.00033532682543391864
0.00037321590309428044
0.0003961019263925167
0.0005008910351600948
0.0006454568329324138
0.000865430044957002
0.0006972184875065925
0.0006414221121294085
0.0007305484588302654
0.0008779453885328686
0.001150865079080463
0.0011070580942109773
0.0010592598841896732
0.0011106805268813911
0.0010303686136355805
0.0009361541774516017
0.0005578855593241688
0.0004125571138379467
0.00025157168535561814
0.0001653051352686769
0.00013502667836350082
0.00011925163228893674
0.00011486656946216137
0.00015634792576516845
0.0003221139401492056
0.0004833266636217042
0.0005116138366756533
0.0006911129787165927
0.0008251449934076496
0.0009905121287400967
0.0012953392949129389
0.0015285571968023418
0.0016442235565453274
0.001730824998929101
0.0017779937982756512
0.0008136633071642701
0.0006297183086136169
