0.0052607058927868385
0.0010212315823832196
0.0003337568661201768
0.0005139683835029352
0.0005399141505514383
0.0005502857910938588
0.0005010101037239073
0.000601725308558697
0.0007340920526566047
0.000864765666718235
0.0008246341709746566
0.0007636426509570526
0.0007012791341713627
0.0005986139163952125
0.000419427231764022
0.00023553699951639565
0.00022975334427081085
0.0002009041872314972
0.0001876849132579672
0.00017776504071229018
0.00016325807018489593
0.00027144149917087356
0.0004527477763858098
0.0006288919991015187
0.0007959194579653972
0.0008504930918822618
0.0007096446643014348
0.0006007985718452811
0.000576145156651843
0.000736809220434369
0.0012404325961524023
0.001703147351777702
0.001748814813999867
0.001239418001830563
0.0005886273163641645
0.000390714425151714
0.0004842707390795736
0.0005082058054491478
0.0005043541389966578
0.0006139176525985109
0.0007482332626665737
0.0010247217618801158
0.0008562730261482328
0.0007600718890933559
0.0008892158961398935
0.0010186143403585473
0.0012381035834175514
0.0011389313885552237
0.0010750232636055075
0.0011384149300958032
0.000895814776497787
0.0008540763280183506
0.0004485145235490574
0.000368543226546179
0.00022811354151216535
0.00019922767442372862
0.0001795493802071096
0.00016292399348985357
0.00017111313069906182
0.0003691327824645997
0.0005567261714360731
0.0006328366316784453
0.0008357873062882382
0.0009548574172776907
0.001191667756971622
0.0015595303583195606
0.0018185659540125023
0.0017805667906862176
0.0021604799107594118
0.0016249172702022933
0.0007683751265945637
0.0006694418445945932
