0.00512682485237558
0.0009877708834175663
0.0003212695574197122
0.00048729520763713774
0.000535449222643105
0.0005382706822475838
0.0004999178272214772
0.000583748712910591
0.0007135680563054991
0.0008657513627952242
0.0008111248986162118
0.0007725244151744246
0.0007038466265546442
0.0006286226406932118
0.0004836974526468234
0.00024066931220954857
0.0002198232872294656
0.0001967773823510437
0.0001779818155702795
0.00017014013414930489
0.00015378634999172944
0.00021764621766694984
0.0004075517982233657
0.0005776067168389203
0.0007422113499517683
0.0008449335299554946
0.0007434967631496707
0.0006059849869926966
0.0005846316193616404
0.0006322313309063274
0.001089974411467654
0.0014827614085588044
0.0017265151461740209
0.0009188278324780147
0.001049839460829893
0.00045334935069598535
0.00045291997464892594
0.0005044487489378109
0.00048464238658790456
0.0005382114527942567
0.0006589814535900739
0.0009290126422781351
0.000955696767775242
0.0007853654001507009
0.0008276687173243214
0.0009363654551199328
0.0011272792392831687
0.0011861965962375262
0.0010855999289315754
0.001091942274521407
0.001054250140576449
0.00082213446374672
0.0006128786927643885
0.0004315570990477848
0.0002814476329691261
0.00020834749236619152
0.0001800382016705089
0.00015147231111828672
0.00015204952839844823
0.0002412082926768529
0.0004781156652063943
0.000574382112698578
0.0006910750725691866
0.0008816712879752623
0.001032933818141335
0.0013382088664429367
0.0016477141490111647
0.0017817710782074905
0.0019631714002781176
0.002072460499167896
0.0011063597842081645
0.0007289255334455336
