0.00702384415068704
0.0018319185271728528
0.0005781926182819642
0.000599038092229271
0.000632404160425608
0.0006338271827413931
0.0006399148350291519
0.0007861048011495189
0.0010491199378967226
0.0010745765374916756
0.0009384644817067156
0.0007556526766791038
0.0004893078194816319
0.00034627145770310994
0.00029198813780527096
0.00032141589396514683
0.00032541400127821993
0.0002957664997141985
0.0002932624050022753
0.0003584562143012652
0.0006154299470649262
0.000817219554913196
0.0009819507402509834
0.0008347454571158896
0.0006609197290671609
0.0006445411639446939
0.0007584304254014848
0.0013919464364789125
0.002142984041108139
0.002717772867803614
0.0017335986468081806
0.0013878643908531228
0.0006043618323348372
0.0007815419062446225
0.000764352244215106
0.0007840723723081374
0.0009869978927531291
0.0013283877705632262
0.001113644709783528
0.000995151928770384
0.0011030156228818775
0.001223460326420731
0.0014839588710668927
0.0014633603769200778
0.0013306543623487564
0.0011533607143411645
0.000716067788058186
0.0005262115415372623
0.00046865376615541556
0.0003618130306088616
0.0003392345303036669
0.00029570695260825727
0.0002313512959869882
0.00023278827664265962
0.000609384543527758
0.0007580477225910573
0.0009147319476699213
0.0010923980947981295
0.001361762002233171
0.0017781744126605368
0.002094618864321257
0.002191111899027472
0.0027847911758600284
0.0018699732018078055
0.0011281697124079933
0.0005151547064593957
