0.006169949016521986
0.0013910567733272804
0.0004361017394639956
0.0005901399598182331
0.0005843386907720976
0.0006399899734385423
0.0005468270760112637
0.0007026027688917298
0.0009002206116148407
0.0009442783106824942
0.0009130695111112813
0.0007612775281955283
0.000646498106720686
0.00047382097282704506
0.0002671598003492661
0.00029904681415199373
0.0002512160887710603
0.00022971656971168785
0.0002195490931293767
0.00021404101436700934
0.0003510618407616663
0.0005813491645006808
0.000770920982697791
0.0009186712426062936
0.0008185121143968052
0.0006568523917775326
0.0006184567439732163
0.0006602171035630473
0.0011993309315780382
0.0017011296927112866
0.0022675588247743164
0.0011195159836701464
0.0014713730026812452
0.0006323254713086679
0.0006363948916321607
0.0006294299084260154
0.0006455541725544035
0.0007732261136085339
0.0009242990134818744
0.0012101400867069259
0.0009972113948992643
0.0009125931121324127
0.0010300530119333631
0.0011571328796228257
0.0013487529956671194
0.0012689490590603925
0.001183619000905762
0.0010492217952538742
0.0007408112386409908
0.0005346837851702899
0.00045268154666525524
0.00032759954342056856
0.00028723079627408234
0.0002632989998057256
0.00019917833559763963
0.00019552833774398278
0.0004352038483410609
0.0006700879422171647
0.0007656183168814985
0.0009721761774348039
0.0011270560361905054
0.0014579850726827211
0.0018395092248037895
0.00191309727847932
0.0022892775229415405
0.002221563738537725
0.0011027876855268421
0.0008832463605857756
