0.007214847350766567
0.001939297374605244
0.0006249011795818002
0.0005985405133427967
0.0006406381667557092
0.0006269429319606511
0.0006614907827719965
0.0008080182067651599
0.001075778313324653
0.0010976450105171385
0.000937195006672147
0.0007347193236065049
0.00047935819629951775
0.00030210780775296957
0.00031991410123062395
0.00033597296410232665
0.0003462459345275528
0.0003114595112555643
0.00030026663750433154
0.0004054233099907727
0.0006548426173084868
0.0008640572579216121
0.0010068917886975669
0.0008038688138881913
0.0006552068585505496
0.0006535246335692834
0.0008626188213333637
0.0015847899491865617
0.0024545287330389456
0.002525008149449803
0.002217136002191668
0.0013797061061067452
0.0007283373698400217
0.0008069712745638024
0.000749230642666079
0.0008684991588279265
0.001082495958509577
0.0013268481161708818
0.0010843449297371795
0.001058870812588929
0.0011563201933223071
0.0013005694701749917
0.0015159831388048845
0.001431071589617939
0.0013060560543532863
0.0009897874427148843
0.0006518808560822132
0.00045663374674541834
0.00043341847696336277
0.00033502259706186813
0.00033107153861565257
0.0002689831672594924
0.00022891804180111915
0.00034719336927424777
0.0007379904153001565
0.0008320713813084286
0.0010515657466791668
0.0012303013397254863
0.001577157596865232
0.002017547266035102
0.0020410817907798944
0.0026106553047870957
0.002310786089269606
0.0011581335355705432
0.0010439008492302915
0.0006087293418741433
