0.006010320370994775
0.0012863213083820035
0.0004174393180287571
0.0005870858265721545
0.0005708762673907555
0.0006249697796856414
0.0005301819869179693
0.0006888299422316155
0.0008561135948309117
0.0009182299385842674
0.0008992566600781425
0.0007559116363517986
0.0006736207399236967
0.000492649889664657
0.00028759897243276747
0.00028228673450926556
0.00025110465974272956
0.00022706399448734355
0.00021804180627988726
0.00021632672824215373
0.00029613353457394454
0.0005322363707035292
0.0007213799970773177
0.0008847522307217564
0.0008557304791039922
0.0006860310888316938
0.0006200575529663118
0.0006338270676322147
0.0009726719755852884
0.0015574038342445278
0.002186412343220284
0.0011478611566020222
0.001579897487548815
0.000790743097106772
0.0005830211671195661
0.000664812194325978
0.0006046534877496516
0.0006712227408678933
0.0008302441145296547
0.0011380110310592153
0.0009496622636677366
0.000859434975462867
0.0009883815059332785
0.0010869871026769381
0.0013039961399364185
0.0012704218198099238
0.0011756485756522195
0.0011583806877014206
0.0008368006900804672
0.0007375766662580698
0.00046673923669431376
0.00037753409883926843
0.0002773032461650579
0.00025453907903037016
0.00021316103675356998
0.00019034456645028512
0.0002660068558547874
0.0006040782057530042
0.0006860714170823973
0.0008362945555976285
0.0009952824515625089
0.001220819814684968
0.0016137768984611455
0.0019289783034094883
0.001882502526977762
0.00243010670132546
0.001920557547890586
0.0009136931815481422
0.000724570777733066
0.00047562977210458305
