0.006337381856811717
0.0015008653802067436
0.00045752214676825394
0.0005948751014094428
0.0005930658319935666
0.0006528815175630034
0.0005633836042203166
0.0007167813285238306
0.0009445501636505785
0.0009699860134629914
0.0009217544229492999
0.0007633114188842366
0.0006091716251605696
0.00044737723282441556
0.0002593135435694596
0.0003078663825859023
0.00026227136939241207
0.00023576464219044634
0.0002238328472503745
0.0002128283186665249
0.000400037271780029
0.0006215054734214882
0.0008229181685892886
0.0009461401719266993
0.0007896755647180559
0.0006396375156558088
0.0006256277478455349
0.0007322886169306537
0.001322175704464073
0.0019433151139321694
0.002345089850237081
0.0014980939311806322
0.001089335984314366
0.0005281126716009995
0.0006646251664951359
0.0006646531893411108
0.0006939084732943918
0.0008583721179257271
0.0010962045589988734
0.0010667046912679282
0.0009356874901003051
0.0009969597058651354
0.00110149372256965
0.0012710114508841179
0.0013411115824845392
0.0012510280121682698
0.0011945917003273593
0.0008792224411194022
0.0007455454454587945
0.00047273235956739085
0.0004084787362499113
0.0002942847240925126
0.00028109490768121265
0.0002368708217032878
0.00020802962791395383
0.0002407514844738577
0.0006156828816333347
0.0007106666523882246
0.0008670639614675362
0.001028390230793879
0.0012770464644068882
0.0016785639693330727
0.0020022591252168913
0.0019929697897705934
0.0025686121414794307
0.0019007946979660516
0.0009947877938055439
0.0006859071472686682
