0.006502904726495291
0.0015923119168571567
0.0004830657172838755
0.000596072640544587
0.0006020289741454125
0.0006482872392023468
0.0005806053146522095
0.0007299714585879238
0.0009814144382231744
0.0009971163201696568
0.0009296483390948575
0.0007641551594525205
0.0005704458788383062
0.00041286452622839493
0.0002667796870271813
0.0003162530986836466
0.00027706624424413405
0.00024794425069392086
0.0002320259079579177
0.00021626165124237397
0.0004714445991883956
0.0006659364083750436
0.0008750031665284881
0.0009621474132930265
0.0007557706926548032
0.0006383257513415743
0.0006351208464489303
0.0008548638580750232
0.0015150114498104572
0.0022577804654088903
0.0019979596917502544
0.0018497128131877017
0.001022529232514696
0.0006162734810790121
0.0007491532246626906
0.0006751306897345539
0.0007227287255912264
0.000908212991331158
0.0012337868165057562
0.001033236499179555
0.0009373080365939543
0.0010593853147467364
0.0011496869304594758
0.001401663946263077
0.0013651223417740044
0.001254334307684829
0.0011528676924055584
0.0007706464543903087
0.0005909625203054864
0.0004704493733403278
0.00036779290972508387
0.00030701840018149357
0.0002863876907286789
0.00021511145105496953
0.0001990005478774434
0.00042062262087354404
0.0006972795818394468
0.0007959767189578684
0.001004216661935828
0.001167467791625038
0.0015125417854879013
0.0019138706797709217
0.0019513542196056843
0.00242358687033531
0.0021785069036695495
0.0010824665396015325
0.0009025313057163882
0.00043086278529690054
