0.008251838001730473
0.0022961268963212268
0.0009610334917440095
0.0007097397935682033
0.0007731065186377496
0.0006419813641602354
0.0008015952377640635
0.0010583053555701654
0.0013129195190070206
0.0011916873416456882
0.0010089896830690489
0.0006576970237430456
0.0003904307783344269
0.00029176867103611294
0.00041762642108955026
0.0004615869905846693
0.0004601131309533642
0.0004369225471290293
0.0005090071221275179
0.0007644839643102083
0.0010089256307703504
0.001077695176940363
0.0008147080075688613
0.0006921569239183625
0.0007317933596465455
0.0011580529806605438
0.0018933048924283536
0.003028396164318322
0.0013973288982857292
0.0024487273891623694
0.0012995977246339746
0.0010754983773625698
0.0008810070629514375
0.0009486124370964412
0.0012013409530096397
0.0015819834569720174
0.001272579190021199
0.00117160293060212
0.0012472911202464933
0.0014227169957870952
0.0017242652697840013
0.0016865091413288487
0.0014765403861640555
0.0010216925037340875
0.0006433636639663991
0.00043722053130908873
0.0004249009252542709
0.00042869085336295063
0.00044016061096284394
0.00036286455676300437
0.00031142892143745736
0.0006494344284794916
0.0008526472803896731
0.0010057658311849488
0.0012416966357247069
0.0015795979469085462
0.002045953825396746
0.002184431438228314
0.002739711127137733
0.0027536697938861923
0.0013770122023275505
0.0012649283118475916
