0.007613101317047235
0.0020474948487093484
0.0007285024559017158
0.0006142978529289756
0.0006721267660189791
0.0006141403161765227
0.0007026019895974735
0.0008604109221427377
0.0011380499406183561
0.0011399692721793463
0.0009457721086671741
0.0006935282957113258
0.00047222008072428547
0.00024560640148900523
0.0003647280465321777
0.0003732072117157059
0.00037102326253487194
0.0003382519590716934
0.0003084052036132257
0.0005216528701591041
0.0007620731862203671
0.0009822081902233284
0.0009664076294800569
0.0007331412656238166
0.0006636395884222557
0.0007259245521321765
0.0012463794904780236
0.0019317225305611357
0.002817907361671635
0.0013638839111246375
0.0021267692626311444
0.0009082406292774282
0.0009157514624314211
0.0008068080209114104
0.0008398937790584828
0.00106549995026379
0.0014227698523217552
0.0011960207190279493
0.0010511372369677032
0.0011540278173922589
0.0012959387886132556
0.0015777567798056942
0.001573123025342402
0.0014086190995507978
0.0011674685392699742
0.0007183657467494918
0.0004983834261536666
0.00048770338816110306
0.00038083720012709683
0.00036969427066785906
0.0003138471882283211
0.00026222131918779076
0.0002999606119529553
0.0007334331754720541
0.0008520287449637056
0.0010643827362140517
0.0012521235226492255
0.0015888662394374746
0.002047184848372377
0.0020885236504183708
0.0026781577148618074
0.0024312092655943366
0.001225506225264331
0.0011217981850594001
