0.007411877943775041
0.001996433140982241
0.0006755938097600479
0.000600486822351035
0.00065170292002895
0.0006202303172343907
0.0006813421438195837
0.0008334714361760363
0.0011051747747009785
0.0011187930632622983
0.0009384461141039094
0.0006999836745106145
0.0004894980601625251
0.0002639986927972039
0.000338242601919677
0.00034809535054893274
0.00035586251165315515
0.00032272830731505425
0.00029943779661504194
0.0004603488075634589
0.0007055976973377473
0.0009242787451323217
0.001021189755330662
0.0007748893280011396
0.0006646653473524412
0.0006872366925343929
0.001018729566769541
0.001760783303127094
0.0027274016960212944
0.001567552992945999
0.0022190401587923415
0.0011553401727119137
0.000839331075606898
0.0007519089948058918
0.000790506624194229
0.0009983638845839791
0.001258046991119389
0.0012010653133500127
0.001017016467328836
0.0011396476299280257
0.001232647159559152
0.00141608877996254
0.0015388612125219667
0.0014098295439762558
0.0012872375935215506
0.0008475771168576226
0.0005930557108919417
0.0004890051756259446
0.000391425966780093
0.00035520004699821447
0.00033265855081512355
0.0002673161538952777
0.00024265942689688204
0.0005715300445177124
0.0007754869841924014
0.0009144231242716034
0.0011160647081573931
0.0013825771594561933
0.001805433991434676
0.0021406753983729794
0.0022697819709515715
0.002859769158834296
0.0019430013951699866
0.0012113069456029084
