0.009683929718420452
0.0031197199295443846
0.0015165083340938864
0.000869333611767527
0.00095500847889093
0.0007353350228528051
0.00100320016349254
0.0014621300473058648
0.0013751129071973456
0.00125404251131283
0.0009559920626392774
0.0005639371948017837
0.00027857311012830356
0.00046797448628515485
0.0005824427616883802
0.0006193902334640047
0.0005706334357223149
0.0006163665691401145
0.0009051547490087257
0.001147433323314182
0.0010705197902101588
0.0008029928913911511
0.0007321312908194882
0.0008861078721735705
0.0016735448236356188
0.003005338476132555
0.004327696561857858
0.0031217699363697104
0.003038389317342002
0.0010032465161536324
0.0009647835154443104
0.0010772688292408875
0.001437042685786061
0.0018373134560612098
0.0014476853899786381
0.0013254169140837057
0.0014226350970270565
0.0017038181799867973
0.002041734200974369
0.0018611059648804625
0.001567004165697008
0.0010859888642334064
0.0005812114499318341
0.0004713671016592125
0.0005094485510268921
0.0005889215522180717
0.0005656725224372358
0.0005047677732846424
0.0005968859179734237
0.000960477076030642
0.0011366274798651997
0.001290246950962621
0.0016685198007160718
0.002153393950372925
0.002336175940139557
0.0030247674368604313
0.0030934416803636428
0.0016352141263521703
