0.011378474442511369
0.004107655411319363
0.0021379939870614243
0.000915275620389414
0.00111551235115585
0.000778780123224687
0.001241429156797564
0.001532568756394125
0.001369908201135873
0.0013574092589434276
0.0009060155575282308
0.0004615448149308177
0.0005557844195662951
0.0007161534814808939
0.0007382510860067805
0.0007241342946402467
0.0006417574356754059
0.0009079280404863348
0.0011407300235628396
0.0010958838251173626
0.0008616031416596084
0.0007891701695458238
0.000982690029957957
0.001912735498242126
0.003601079551696044
0.0053184390161596425
0.004687422730612116
0.0032463228152447335
0.0013107761748972905
0.001112130562091307
0.0014039474400687803
0.0019275732722834186
0.0016468854189531188
0.0013594113671665773
0.001541359155132813
0.0018165596784571456
0.0022317934233714084
0.002168738556511785
0.0017625302391800358
0.0014384344469802997
0.0009181243325091661
0.0004308101905090185
0.000567610857260075
0.0006623706252390706
0.0006865816722503506
0.0006755721852526893
0.0007498957575093118
0.0011062999036511138
0.0013094532022628422
0.0014929175184184257
0.0019214032162651676
0.002480159492467062
0.0027897344308531933
0.003310268173226491
0.0031214103323317513
0.002044731508751902
