0.009932366773673597
0.003261041478191513
0.0016052315655567882
0.0008766763989993064
0.0009800405860721515
0.0007406411603718675
0.0010413744779917999
0.0014869846889674137
0.001378804733648227
0.0012780386947501888
0.000958610703369115
0.0005598253238459787
0.00029892019093896016
0.0004964855937571514
0.0006020403613576536
0.0006446887734553718
0.0005819244013478705
0.0006591141070437041
0.0009763859377475235
0.001164694935580393
0.0010351769191975957
0.0007818730222864516
0.0007427627898083962
0.000959961676681258
0.0018929945628874143
0.0033720952001065445
0.0042626890677711655
0.003919639883067878
0.0025033950959688564
0.0013017559189094786
0.0009848931064027967
0.0011723033571286547
0.0015406508016947572
0.0017014705337272066
0.0013439342290278871
0.0014138369858499816
0.0015450185441561921
0.0018395085734065684
0.002112105500013489
0.0017472604707873866
0.0015269733746697473
0.0009749945073505395
0.00042676309538328377
0.0004821870714145774
0.0005401170998735775
0.0006251849180713777
0.0005813414133985536
0.0004984926682128918
0.0007962541175679557
0.0010443134789925644
0.001202765575017835
0.001440192408146838
0.0018717764468566386
0.0023985080212886815
0.002671826163524514
0.0032191577536141098
0.002847216613206462
0.0018279140535207266
