0.010206456726175806
0.003409242697411526
0.0017000894195055016
0.0008815185759720997
0.0010064009731780574
0.0007416159752777218
0.0010829434453453431
0.001502184244135662
0.0013746267036243106
0.001299956696880969
0.0009611193668477509
0.00054658223835596
0.0003225973988823081
0.0005369214549187274
0.0006335803838159443
0.0006665798364157529
0.0005791045327595936
0.0006969137806817825
0.001037519447900234
0.0011653769563201664
0.0009931029279030693
0.0007690219559105339
0.0007730928227974603
0.0010965755547236017
0.0021400302327222185
0.0036877039676955405
0.0028296537388261965
0.003949380433902754
0.0021357914144714417
0.001416724628533397
0.0010204206381052348
0.0012349328946760032
0.0017503479513219888
0.0015682131499219333
0.0012557507103901256
0.0014694567231179566
0.0016666951249261765
0.0020219149344272123
0.0020809278428318566
0.0017037885839731872
0.0014205864010588827
0.0009298320320907887
0.0003821971779586792
0.00048279637459502846
0.0005701986740351043
0.0006310196482996516
0.0006038522048616515
0.0005061843615216087
0.0009157710233091852
0.00115656666474529
0.0012777998042487007
0.001639248121464718
0.002094899024274926
0.0023927196991214996
0.002933039225129106
0.003236891468440763
0.002065935292721127
0.0019152062610547694
