0.012555211861634535
0.004605484776393379
0.002570604129716802
0.0009696477865271993
0.0012292454065992834
0.000901672060119321
0.001518851928463431
0.0015841219214749274
0.001502413415401869
0.0012590458621126045
0.0009237921943738179
0.00041226327747619177
0.0006415355767641833
0.0008532030486636526
0.0009010384888823286
0.0007659003754343875
0.0009066111318159876
0.0011083001984561508
0.001116639609280822
0.0009419997360926553
0.0008362673026287041
0.0010629154809135607
0.002077706813981551
0.00407053073063433
0.006048556526236157
0.006153214890854914
0.0036549706547720226
0.0012698899979868014
0.0012935163311137553
0.0017333138067794887
0.002160485195025488
0.0018711388766224804
0.0015998127226574193
0.001786728169589781
0.00206487436487707
0.0024027767278935823
0.0019977322546459566
0.0017583644574488862
0.0012961878203152548
0.0006173616219113579
0.0006794897324830057
0.000771270102892665
0.0007961612903849993
0.0008450015842164948
0.0008116311341767669
0.0012050994862391276
0.0014677884532275226
0.0016541303916386054
0.0021074888133813746
0.0026582316455866476
0.003160213804135774
0.0036955759811226957
0.0035346278123781793
0.0028323574297528195
