0.012784552706036414
0.0048003764541395735
0.0027773409610721447
0.0010367312806560344
0.0013084705377634086
0.0009735198658738418
0.001687948172036486
0.0016165280481689078
0.0015841489892110643
0.0012595996394596453
0.0008798340165053838
0.0005406885071742438
0.0008007790926911558
0.000924619199136031
0.0009746753212351361
0.0008418930562759802
0.001029786717646159
0.0011730644998706268
0.001035100047636168
0.0008592937539707875
0.0009135865267414091
0.0014897368846201156
0.0026961524961055484
0.005090002651941117
0.003295298239952529
0.005789160870626228
0.001638045178916785
0.0013931502313521537
0.0016737428407431324
0.002301881524475581
0.001893758112659947
0.001730655993827859
0.0017361604501574452
0.0021618959074877235
0.0024514876266612355
0.002283490185863324
0.0019460982718434094
0.0014476270050565714
0.0008859799481238559
0.0007304535473153871
0.0008301977578605632
0.0008318638585684549
0.0008894649837016277
0.0008121625726535314
0.001216933783892698
0.001537462415195008
0.0017180929732472194
0.002180944449867717
0.0027364340912501366
0.0032680039143107493
0.0038317446312847152
0.0036628549784796524
0.003128394363467544
0.0021404128346208507
