0.01270831864946123
0.004732331745144625
0.0027081343467098683
0.001005503279377774
0.0012668050517886395
0.0009515424357027303
0.0016288526825709907
0.0016120238148691428
0.0015579883671563257
0.0012354244493938012
0.0008950893765438475
0.000491492899006462
0.0007267761086845623
0.0008938869577073249
0.0009454243929958323
0.0007450671364897167
0.0010039187261274272
0.001156078219625246
0.0010496317046873775
0.0008751079629752148
0.0008779153502161494
0.0012789150334035792
0.0023906450818397262
0.004677608877638415
0.0033703173587214226
0.005816102269319934
0.0023790022495970716
0.0012860507557577025
0.0014590593816330227
0.0020046379279937713
0.0018911953594182751
0.001829414450518325
0.0016207109555290411
0.002082659646170745
0.0023285687668528213
0.0023846271210042906
0.0019822240665403764
0.0015105815133315938
0.0010388081808042715
0.0005984524149473587
0.0007504567597442534
0.0008085142626129917
0.0008403043093403693
0.0007990109822208154
0.0011032387797367826
0.001468721866043028
0.0015548592661251172
0.0019668026272915634
0.002485374679308794
0.002788877210692597
0.003622609470328262
0.0037082324270047576
0.0024042234000802845
0.0016404179094638028
