0.012381689197486053
0.004488380415605951
0.0024445274030536306
0.0009475517748924831
0.0012003444717034577
0.000852162433830598
0.0014096291244571864
0.0015630013793036573
0.0014469200771026352
0.0013178341853516855
0.0009487527786948876
0.00038115405463157984
0.0006093481391386312
0.0008052220331729988
0.000856015363615934
0.0007833583960117465
0.0008023756240968806
0.0010831538033996002
0.0011673720208367046
0.00099337181785303
0.0008322186161511525
0.0009324010914092567
0.0017109310901846989
0.003100769885570471
0.005059216223508874
0.0034311664737426964
0.004591689241731166
0.0010168273734623636
0.001415587538332158
0.001593678160876325
0.002037719962757905
0.0017280294500448354
0.0015343290470355392
0.001594077454787768
0.0019509765921785491
0.0023396137898735866
0.0022722570138278293
0.0018453220088932524
0.001446838947660313
0.000943558143383749
0.0005443028991569225
0.0006616214268648944
0.00073692945795846
0.0007561971570922085
0.0007348803376080459
0.0009368128747649026
0.001291654020832149
0.0013933522513653851
0.0017057337090983392
0.0021961682792318396
0.0024884363228705715
0.00323334775744993
0.0036094177611914317
0.002472905373771296
