0.01399243745657088
0.005672261519039377
0.0033958811960225
0.0018440875224041138
0.0016571814637423676
0.0014075370972768666
0.002042134783312492
0.0018957929265247659
0.001778070213044574
0.0013406748946372085
0.0008515156482183329
0.0011386459925417012
0.0012561812651603007
0.0012936749034701644
0.0010592792124747544
0.0011179910245657648
0.0011970991514276275
0.0010137588941193892
0.0009517810461152975
0.0013419840404372036
0.0026420349217650798
0.005806161797832614
0.005609109770004311
0.008628334792304643
0.0028755240107539736
0.00166708303014203
0.0020159661501529006
0.0029069303093039863
0.0020182334796656973
0.0019453036137391181
0.0020297172589658903
0.002294069631533575
0.0026057318233315705
0.0023627151052675556
0.0019467283848379749
0.001416037918532852
0.0010027966848474054
0.0010633501579725647
0.0010441980286645149
0.0011561710628536753
0.001209483113391871
0.001506156072246537
0.001717277643463258
0.002139797613357476
0.0027347838869623336
0.0032338586955350792
0.003983903332727294
0.00448927439221236
0.0035846848287620797
0.0029262800637996586
