0.013187315425630721
0.005103196497230289
0.003079646654471495
0.0012914041094567957
0.0014536837298715097
0.0010894147387613192
0.001956945065566259
0.0017382342863564715
0.0017178136022555051
0.001306476916356194
0.0007757338788356422
0.0008220645653129366
0.0010300178452018875
0.0010784756533265276
0.0010613321171420054
0.0010047688022587304
0.0011129281454718594
0.001120050641378644
0.0009595330212347356
0.0008935196340381751
0.0012636478116722129
0.00245538527003714
0.005100738561622592
0.00459986238659889
0.006855674593864325
0.003098376540907714
0.0013228388049913453
0.0016225528937424843
0.002498084651612358
0.002062729737715012
0.00190811241825963
0.0018094349755724583
0.0021810578683974856
0.002522685732614076
0.002274657464964438
0.0019917255828606887
0.0015173613772878685
0.000811549496174562
0.0008339851318155304
0.0009255692233613231
0.0009181711685167207
0.0010244151273378025
0.0011032633886524693
0.001482299089258741
0.001589333032460911
0.0020005153379246046
0.0025428310334867214
0.0028471569530822438
0.0037672000843677004
0.004093758749830833
0.002756095714507993
0.002086474001409327
