0.013048771099346658
0.004988488507290325
0.002958005377685898
0.001180298402436949
0.001401511800729237
0.0010438275401901287
0.001877819578515026
0.0016911299423845048
0.0016706322821128906
0.0013016032797218053
0.0008400385816482261
0.0007247495942210054
0.0009843593289634617
0.0010200260571170915
0.0010645140767313165
0.0009356717832010822
0.0010921907175252207
0.0011774941139313531
0.0010065110028839941
0.0008687988386729123
0.0010962511339614742
0.0021579916584683447
0.004377733674269834
0.006900522141634689
0.007122716835538752
0.004383253619192195
0.0012004395561634738
0.0014754052163871035
0.002108401009648212
0.0019890011012987157
0.0019587589096348988
0.001691159873497472
0.002105855667290863
0.002278149577956344
0.0024692381706109337
0.002102744966228711
0.0016538785062726732
0.0011996984029690038
0.0007253106717342733
0.000868690892755039
0.0008897406118475702
0.0009220543838295578
0.0008690710475160763
0.001212605134233381
0.0016082934374804622
0.001752427695825883
0.002218642527289124
0.002810861817634362
0.00337398340696726
0.0039804527539315515
0.003914991044822566
0.003422479730951617
