0.013313172225321794
0.005159339945459012
0.003135737832670578
0.0013589827892349245
0.001481914511999861
0.0011248430556238375
0.0019848138652346727
0.0017607301570010973
0.0017140229554918045
0.0013015809840074262
0.0007322942568105798
0.0008720918109798131
0.001065210082725185
0.0011126293949910622
0.0010408208164357808
0.0010367731400495476
0.0011296197395405717
0.001084595795400896
0.0009467838266215571
0.0009379239339547351
0.0014323437236490734
0.002638741272279012
0.0054787243550942066
0.0038409085956530274
0.006847834997244084
0.0018003990922345547
0.0015726499659800442
0.0019386282224614023
0.0027201485845447285
0.0020996399229194955
0.0018157283884997135
0.001948229126610573
0.00215635179314896
0.0025704858703645035
0.002156080334974296
0.0018774082879554922
0.0014932977315024398
0.0008731215602815574
0.0008700412702123302
0.0009404391841872817
0.0009527733574722682
0.001020176727203026
0.001187186233254376
0.0016388936311399738
0.0017487565950479328
0.0022392989130051596
0.002846603510948781
0.0034249765501510095
0.00411998174078628
0.004180641880374818
