0.013704926157463791
0.005418292044014153
0.003309684073152692
0.001610833070171898
0.0015542322810363173
0.0012746185976983749
0.0020390647969424965
0.001817371649806529
0.0017639520949326649
0.001334057545506279
0.0006821709735131734
0.0009663689658229851
0.0011695075181106008
0.001213747440774194
0.0009866648282120462
0.0010817937358969425
0.0011875996009925987
0.0010537042107776542
0.0009322500359914219
0.0010807337828679829
0.002118184017480247
0.004308408450195263
0.007930753775141852
0.007462612589153903
0.0057342120093287225
0.0011090094372525738
0.001729747226627588
0.0024548386299810265
0.002016844266536541
0.0020349783794710126
0.001862336568130899
0.002211451407000787
0.0025268408855612092
0.0024635011749192873
0.0021803668298762662
0.00165078968286414
0.0009869651003040045
0.0008886280488683751
0.0009949083308677118
0.000997043423872009
0.0011144262695263708
0.0011969578908201184
0.0016371442843855725
0.0017296944019260746
0.002216314318479935
0.002795854507794328
0.0033545688735715754
0.00416532118088681
0.004369046624280022
0.0037244568126789286
