0.013116641702142811
0.005048680329935801
0.003019971845057869
0.0012315274882952782
0.0014267079887018887
0.0010661609181383998
0.0019266143801813993
0.0017166403902661874
0.0016983343747824366
0.0013047214281581615
0.0008107222897571057
0.0007693401599618737
0.0010026063827104047
0.0010487212248171149
0.0010733227215932234
0.0009692574330948925
0.0011016551199997452
0.0011530388656391067
0.0009846953459167504
0.0008774074645299077
0.0011782202743348237
0.002386480907490974
0.004843441458741951
0.005913356284569294
0.007436912863717152
0.004060509941022896
0.0011998045946803606
0.001518044508275655
0.002241177627063655
0.0019263787408900345
0.0019603575845416757
0.0017500842843070194
0.002228058427729384
0.0024358886255926053
0.00243040590125203
0.002097415608595763
0.0016011280057527863
0.0010425066995473744
0.0007437735764706462
0.000886527350480059
0.0008818514116056397
0.0009778319101817947
0.0009748164182304001
0.0013037683069720564
0.0015947731659075933
0.0018419511389494254
0.002355916542165008
0.0026406631850651595
0.003545066003074411
0.004110064475802889
0.002941519331648992
0.003187403971373842
