0.014349492540002486
0.006009511771969842
0.0034348475396898644
0.002014612305993437
0.0018220451701452922
0.0015401403644532009
0.002096871282377087
0.0020589534902990558
0.0017603246237928667
0.0012972145395483822
0.0010774993946120086
0.0013719623235937495
0.0013808164449558063
0.0013671254230124205
0.0011351709133216223
0.0011880709226262647
0.0011109436062493806
0.0010028225682842675
0.001155450617403865
0.0021989186676464245
0.00444150545003005
0.00909096934805087
0.008591836193324542
0.007834381399657532
0.000999483514676526
0.0019691883986809188
0.0033139521469890457
0.0019407948072965825
0.002177436117435806
0.0019649413378075437
0.002341360689805866
0.002618579116948696
0.0024142466759046344
0.0021200464185537264
0.001604339124038509
0.0011829593906846304
0.0011503171962677465
0.0011328723108078264
0.0012661163937180476
0.001333865039569114
0.0015692557483916222
0.0017967499629670727
0.0022765538831077477
0.002935575765365018
0.003638147184069585
0.004536723875742484
0.005083303266450462
0.004766490267058291
