0.014263907182824855
0.005921475720471911
0.0034264991374668677
0.0019775058229281337
0.0017831337226594853
0.0015071685007370453
0.0020811334405392468
0.002015536623419807
0.0017669268971141027
0.001301920812224548
0.0010146203544408431
0.0013254284146124603
0.0013542723237895743
0.001373314879055954
0.0011122566604569212
0.0011672341182055136
0.0011254889277500244
0.0009939642416910823
0.0010961030341712743
0.0019295198435701957
0.0037525113957628696
0.0081226879280191
0.007054147645589241
0.009715653969797138
0.0007158824733014863
0.0022829738986742646
0.0031607838141348324
0.001907376585246303
0.0022146432304125576
0.0019325882291487803
0.0023225927025811053
0.0026034970123047434
0.002409505735028432
0.002168327409114377
0.0016863944680993246
0.00115662893297721
0.0010845141264948126
0.0011258335223085095
0.0011886182009490814
0.0012815981649282574
0.0014007967703658303
0.0018201967112293823
0.002091084720667694
0.002689996997159589
0.0030964525331568645
0.00396517958899938
0.004632695877243025
0.0033839557568086033
