0.014517216735871457
0.006192779499907893
0.003451599533570995
0.0021154045146908407
0.0018869237682457899
0.0016080199944610034
0.002120862237393279
0.0021445396158018934
0.0017726601666234166
0.001275974223790215
0.0011608196006413524
0.001406998286076827
0.0014452329359433648
0.001331661665671923
0.0011589520788791246
0.0012220639931900023
0.0010915399331665678
0.001034549794094157
0.001288969353055127
0.002602132931094809
0.005664010514918888
0.009435815158478644
0.01185493225300394
0.0057729345468286695
0.0017623072717802423
0.0018687860822529762
0.0037162283300561016
0.0016203385961346634
0.0024012937896417054
0.002035602059798564
0.0025002040553525665
0.002645251386094068
0.002470218858907843
0.0019430074395887617
0.0013607121027366996
0.0011040013408486616
0.001187779034830554
0.0012320166233226767
0.0013364496087380224
0.0014107114162984252
0.0019213352056799888
0.0020053659828767056
0.002645687167381312
0.0030957359503304954
0.004039498651552808
0.004820685498157109
0.0033837827474960704
0.0038393081818919005
