0.015100786093422415
0.006656888768253586
0.0034249986795630905
0.0022966144641891353
0.002005632499606984
0.0017802653345850752
0.0021663949951890543
0.0022821262671908916
0.0017776997889696565
0.0012041497192524294
0.001492565109629931
0.0015803370524814396
0.0016125783062904816
0.0012882041238721584
0.001177659966788851
0.0012301393342126327
0.001050159589922971
0.0011107100218513324
0.001761221855954587
0.003385403570124754
0.008389035135441168
0.007291280457483667
0.012089653320725289
0.0008659963464706156
0.0036827212729887236
0.0036859319941850623
0.0013802559489143695
0.0034692812686643727
0.0018028944757690333
0.0025846369300232806
0.0024963463145017627
0.0025270380727326893
0.002211897602709157
0.0015630752694922119
0.001281857981057767
0.0013313934701277208
0.0013299518374891499
0.0014773407989166034
0.0014795830005377405
0.001987986718580748
0.0020563475403165424
0.002721429772545416
0.0032234524695948516
0.004201112019076492
0.005066730324754198
0.0037169208101586475
