0.014642381683464111
0.006293597347874393
0.0034512216009610712
0.002158338816219487
0.0019049788507235364
0.0016456657713620807
0.002127073180929975
0.0021848948913238725
0.0017714465124928733
0.0012544494118871701
0.0012250539309531577
0.0014405056008037472
0.0014916032252858679
0.001320766855089091
0.0011533297495594681
0.0012318743656651002
0.0010815439426150057
0.0010379275554800785
0.0013826913953061898
0.0027762977501538605
0.006242960526136194
0.008040197167736782
0.011980920510674817
0.002362964881818908
0.002173696624203019
0.0024606914466215692
0.0026690825934176884
0.0019901773336322417
0.0022622313105123467
0.0021757383970839447
0.0026384493972171686
0.002620716148944626
0.002416481679910361
0.0018659891546211626
0.0011641848112608699
0.0011286423608601287
0.0012023835725043677
0.0012950695472518433
0.0013582838261620381
0.0014343879677894814
0.0018936664174832192
0.002180234576106512
0.0028170877191072996
0.0034035392140961416
0.0041775186788745745
0.00501067216934226
