0.014432302625842322
0.006099327876709935
0.003443128243681945
0.002063128294096802
0.0018633674229958513
0.0015734875828967486
0.002111963422898331
0.002101637671905662
0.0017591383690130685
0.0012932013178891934
0.001120157997881685
0.0013925264773638237
0.0014085304940408263
0.001347720072847152
0.001157352659291882
0.0012008620833181658
0.0011013854210640307
0.0010234421358866583
0.0012226866719780474
0.002303739636740748
0.004967866355303293
0.009349897509830004
0.01036011864216163
0.0073271659251470805
0.001427376278776442
0.0017487166747638893
0.0037761810227352195
0.0017019109021977805
0.0023128999726774115
0.0019644394204572395
0.0023787039374419654
0.002613506698189117
0.0024672334285735327
0.002058143702179012
0.0014735385786765508
0.001125245512908948
0.0011857086475510106
0.0011831464655365526
0.001317067416714094
0.00133445109544648
0.0018257504220639197
0.0018960584871331439
0.0024979864125352354
0.0031582029392606347
0.003913455490162195
0.004654538708169593
0.004303248737068242
0.004954157131748522
