0.015141438984494533
0.006782594540179682
0.0034418131459778107
0.0023523978795954494
0.0020992039469281405
0.0018224337931040174
0.002195537556249306
0.0022979323688695173
0.0017889458798295561
0.001174772997418917
0.0015247984679766363
0.00159994822436381
0.001641208858900586
0.001260754578197521
0.0011904543493505555
0.0012277115192868453
0.0010578838491359297
0.0011762918034868488
0.002004470814691441
0.004031516257635327
0.009734419359078796
0.008925158249383903
0.013313377992186968
0.001310214552040403
0.0038351520037686647
0.0037381190113021183
0.0014117083287530062
0.0035542290437938894
0.0017895908663307313
0.0026096325056926936
0.0024790158983964633
0.0025539878293609807
0.002085209166746478
0.0014519158285438004
0.0012907980494472066
0.001339003219301918
0.0014061601971163977
0.0014776217049561609
0.001472527170968534
0.001985583198591479
0.002248507994279787
0.002916398198812157
0.0036499152031424847
0.0043969547137802795
0.005454427005862807
0.004916534851609048
