0.015894261572247825
0.007605255367034972
0.003973048050130296
0.00371806938416206
0.0027031748153664237
0.0018544801863062117
0.0023405819698690505
0.002408007713869459
0.0018474128998426582
0.0011690911502603297
0.0015952332456579317
0.0016899277967930865
0.0017455344166663195
0.0012419322922172223
0.001242265054012654
0.0011785040935645757
0.0011054772240148619
0.0013935254480443963
0.002672737786861089
0.006129867902724544
0.011643093277414007
0.014471148001077872
0.006235156137023805
0.0025101478530982772
0.002072262284333568
0.003677056743350456
0.0015854420991260562
0.0028462283867984285
0.0022220324810891187
0.0028323753849649963
0.0024702304121066838
0.0023757338720765057
0.001851327844589661
0.0015863445683114363
0.00149193081074374
0.0014141018927947362
0.0016078402642122549
0.0014631979406011355
0.0020166390668284644
0.0020679473639676634
0.002766150184948346
0.0033540017638545605
0.004388704432216517
0.005410286227182055
0.004197447966993789
0.0046780880225381315
