0.016647822961439004
0.008303254170607902
0.003887646897067818
0.0038764458497787006
0.002809574020632002
0.001856431293215974
0.002408437553043699
0.002391004421354844
0.0018464517765932919
0.0013646098878760398
0.0017367383092096885
0.0017677869136608461
0.0017830826430912405
0.0012724841904151224
0.001273996820630523
0.001152936183530424
0.0011479719400443859
0.0015778574199677747
0.0030222355453654736
0.007576696825246613
0.008985711512767478
0.015027517043988636
0.000744529183582794
0.003999244756042248
0.003533737742922365
0.001386988515862852
0.004175174435496458
0.0016971343058546533
0.002865608549497609
0.0024412839870458034
0.0026408758123931523
0.002281471855100897
0.001587923562608209
0.0014974026414063392
0.00151800510543771
0.0015786853330072292
0.0016739916140173193
0.0015911348536743679
0.0019951754562808205
0.0024316504347029785
0.0032550606028183948
0.004401053491655007
0.00525933969015391
0.006686488115491048
