0.017774370324892916
0.008817388312090932
0.003763028995407063
0.004081020370368678
0.0029146298022980485
0.0019153934103804129
0.00234756460326008
0.0023782843581428184
0.001805259007165691
0.0017184131725859338
0.002000663504619803
0.001909885853714704
0.0017756509282126844
0.0012465886436582748
0.0013211089943791316
0.0011062912397322249
0.0012284721886163987
0.0019878614117601516
0.0038607229496792966
0.010532088505972106
0.009881620876223914
0.01747104596540598
0.002575473256393824
0.004639486615072352
0.0036291414689561823
0.0015983195047328167
0.004098374401231128
0.0019470863731250142
0.003095847458348371
0.0024736739803118517
0.0024901377430625697
0.002104449821698529
0.0018436546845699868
0.001631117332713066
0.001564255026757929
0.0018008697413920299
0.001554052588822823
0.0021128603405317775
0.002252164017800845
0.0029651731310626657
0.0037606949039995807
0.004698892180636481
0.00621751204061329
0.005907633197119484
