0.018544638259425657
0.009164452483112786
0.0037990630105215156
0.004297086842750559
0.0029709878207653576
0.001982486787385793
0.0023410721444469145
0.002315628024818885
0.001745309541974919
0.0018575406605728583
0.0020693271186925048
0.002002573556387513
0.0017084844748455237
0.0012562694545428291
0.0013318392701748105
0.0011245880204445444
0.0013482173910649249
0.002501290998281926
0.005242407597129999
0.012443073365312663
0.013059624561839844
0.013981985588254444
0.0031415393495482008
0.003074134898936145
0.0037115756448443463
0.0017076499421389483
0.0031945488016997094
0.00233153357971467
0.002837171706766709
0.002535665872156736
0.002473492022084528
0.0017622739571727648
0.0017150902199101197
0.001717715259682096
0.0017296113974153487
0.0019174750112164165
0.0017044370321084358
0.0020448154939056913
0.0026091449361810176
0.0035226719822778
0.004602153344483739
0.005762315014343926
0.005760041776087795
0.007488068863032532
