0.01930742294330049
0.00948661491348242
0.0038593956958185376
0.004565860582582693
0.0030181439279983358
0.002044946797451106
0.0023789678684759626
0.0022303550551967884
0.0016897228617929483
0.001988891846675524
0.0021442692531420627
0.0020675806211392753
0.0016722704830077746
0.0012859815841287333
0.0013242585466057002
0.0011731123867983683
0.0015245096681902734
0.0028200740368486024
0.006779575496626276
0.014015130025699136
0.017875448907293184
0.005043702965607717
0.0029188798672240526
0.001896326377473747
0.003988252227475161
0.0016356914460089141
0.0030676200392614978
0.0023826805050969277
0.0029817143714011406
0.0024343747658528495
0.002160508856182764
0.0015869681836586844
0.0016501656095326616
0.001712695142871738
0.001978731540443242
0.0018252688250972476
0.0020574011569844336
0.0021684991469407
0.0029300651743728845
0.0037270836505513137
0.00486210762489963
0.006446396263371832
