0.019562192048658802
0.010130621638045866
0.003957528735869243
0.005016609079774027
0.00317019221989232
0.002153600641729627
0.0023653936817587843
0.002161422816615273
0.0016356648809865146
0.002240862832423514
0.002324870872129691
0.0022055187384726373
0.0016056585721153493
0.0013437478780404532
0.0012748958986246142
0.0012610860115473234
0.001836835090685588
0.0033907358636775953
0.009820741713928875
0.01126803811145367
0.020452056358364716
0.003009947126581503
0.0053097689857863895
0.0035710182178074184
0.0016298501125674022
0.004623594949504952
0.0020626069091461063
0.003433135826885661
0.0025897582073721743
0.002521952998674391
0.001989224038044441
0.0019721390102421187
0.0018426305040792172
0.001909054631048335
0.00209059170043689
0.0017569707984986228
0.0021233753491395274
0.0027440198784130384
0.003673388268696867
0.004718953222018136
0.006392262683918313
0.005981705132865411
