0.019737499996246237
0.010628994653809098
0.00401774448172417
0.0052836599487279924
0.003297068496042048
0.0022327204864416245
0.0024038711191377233
0.00213919483249602
0.0015797344739615492
0.0023148442143673003
0.002416939988342924
0.00232604683106316
0.0015555579118604426
0.0013657784694525786
0.0012270885591284051
0.001314132081944547
0.0020736873133464172
0.0038867642363500515
0.011846297669717188
0.011710015757445926
0.0237547418557181
0.005585734630798974
0.005622687435986679
0.0040714799007069485
0.0017872169188538432
0.0043663685449076865
0.0021578568836624784
0.003278236514241737
0.002522271204198769
0.002476656384537648
0.00176044631715414
0.0019187891954857716
0.00193740226109251
0.00216810650076301
0.0020754615657121714
0.0021144592586186217
0.002248655590490282
0.0030528420461610408
0.004025267437267815
0.005167421410476076
0.007333412781810632
0.007863747834717487
