0.018939088241012144
0.009330101145943966
0.003826929176325842
0.0044258781741483375
0.002993262100192915
0.0020151717087184134
0.0023611120909225614
0.0022689298905209814
0.001722862507766622
0.0019224917998948764
0.002094403451483634
0.002036414725109535
0.0016984624558495365
0.0012740252595951585
0.0013387798625776677
0.0011428144912286212
0.0014345404786781871
0.0026340042925587447
0.005946557244459905
0.013282701825348076
0.01546014627136979
0.010883743713282313
0.002901073727393593
0.0024671166132893027
0.003861678419699907
0.001699396284750333
0.0029957378701379648
0.0023901999425962285
0.0028712260486193804
0.0025342807693872265
0.0023304264174857188
0.0016243871749114828
0.0017058051047186128
0.0017462630335656104
0.0018829614428937948
0.0020033770697142476
0.0019006812512217745
0.002096897240312445
0.0028070355799538695
0.0036176481809415723
0.004569205882821415
0.006083445669457177
0.005096381903872415
0.006037232576596164
