0.01980440008487626
0.010892532144266746
0.004047177871333388
0.0054167897103196165
0.0033524890900026617
0.0022706028204154496
0.002429732375147357
0.002116703842637412
0.0015257155864851061
0.002326856719459391
0.002432643070006326
0.0023839416906182944
0.0015429773108431334
0.0013809658366955697
0.001204568810340827
0.0013450352850071
0.0022666367046613664
0.004422653687677651
0.013019312808064749
0.013233075139235126
0.02627431989767052
0.0068463857134464165
0.005847432072291268
0.004484723990619786
0.0018627269302941814
0.00402641212413157
0.0024089588324806843
0.0028959169684869657
0.002678622376985784
0.0022649021629990137
0.0017072917737940838
0.001835950141246938
0.0018888331844978653
0.002231134238253732
0.0019057748805348454
0.0021781173367175473
0.0024779264533083024
0.0033148877528598347
0.004691389450370922
0.0058874381235966035
0.008559374991779866
0.010279665996604152
