0.020158002907531374
0.012225508179355703
0.004223125920955989
0.005879479818058165
0.003532234088069823
0.0024099701741235914
0.0025325255999617364
0.002063758353189383
0.0015251523061706454
0.0024033559524220894
0.0026039055062600553
0.0025518168939893593
0.0014629005833138057
0.0014518713729507191
0.001217727614466351
0.0016551792079041617
0.003120870733531775
0.0078316977773673
0.017371078433630387
0.02265442781453074
0.003247719846219554
0.0029012524042340863
0.0023875707679995206
0.002732541308645906
0.0024804065191925016
0.0027866369560671424
0.002950691148943688
0.0027349599795951263
0.0024093079144838015
0.0019776097439957426
0.0022605581072806615
0.002107089558426773
0.002345108071949286
0.0024058541323461174
0.0021704568526729902
0.0023118863447264284
0.0031434412542510493
0.004266838186409662
0.005518717837716958
0.00813044111934926
