0.020111625664206136
0.011835696823553135
0.0041738669667773275
0.005806785736976971
0.003506889854512536
0.002377365867627705
0.002527947455174894
0.002073712787015619
0.001472304563634453
0.0023690478405179335
0.0025580501186694155
0.0025068062136535886
0.0014773414156500617
0.0014418012400252442
0.0011959851009800172
0.0015215046605621082
0.002980390365521109
0.006860277190253451
0.01637060252737199
0.0200723225154671
0.008917725560271315
0.0026335840230199536
0.002417383691818604
0.0042958826258004965
0.0018627369187624754
0.003585074024300523
0.00270432930469283
0.0028782631507005807
0.002406705198309117
0.002118155300314282
0.0022170999822770008
0.0020257325478120146
0.0021823668112270927
0.0024241778512301988
0.001997921589156062
0.002254451896134062
0.0029926039322319114
0.003976201136077877
0.005309168496968266
0.007467571538018403
