0.020706841361437228
0.015281832036497859
0.004618832465256189
0.006349531861410554
0.003436613165281865
0.0025221299707151664
0.0024551599115519014
0.0020322443861403253
0.0025240228066384074
0.00286882887214627
0.0029425397839766337
0.0023160364604072657
0.0014750823049728152
0.0013828580743414005
0.0014703299033760726
0.0024876851358338926
0.005011210808690678
0.015772481599030497
0.01755629992455364
0.03533800260640864
0.006398159201133091
0.003960914413086059
0.005250237165744709
0.0022267821201315107
0.003972146108301354
0.0029626510301968578
0.00302965604295331
0.0023288378220482986
0.0020334338436188847
0.002421321128412449
0.0022693507174508603
0.002709981172782696
0.0024438783153359375
0.0022529740261423106
0.002712733071574866
0.0037379291292457613
0.0054400623367626445
0.007168737543209304
0.008249376265833223
0.011939847993095979
