0.020441882224704645
0.013895977706653585
0.004445418361801766
0.0061594323794581865
0.0034813981764615803
0.002497018413864018
0.00250075641686369
0.002117998496957204
0.00216895329760273
0.002705804912253013
0.002779047604375721
0.0025112877544514515
0.0014182055070626636
0.0014075082207484772
0.0013746010737647118
0.0021231476070865127
0.003995337600071168
0.012843468513848487
0.01522195243398316
0.03147647454447223
0.00860062268378273
0.007348992894456769
0.005213394143985363
0.0019531216207324712
0.004915804220391896
0.0025236024454817632
0.0032573779909072674
0.0025256472684383902
0.002285794720041463
0.0024655924551720628
0.00219799760594942
0.002388060438077262
0.0027180825128616266
0.0018995106108001996
0.0022845558234929793
0.0030404300238235102
0.004125800307005125
0.005643838883809113
0.008187041792948222
0.00881369985051183
