0.02210944480060572
0.020253271344012853
0.005400739491675078
0.007384764574969814
0.0040805918138624685
0.0026110615039274276
0.0026013618144285332
0.0017434304861150983
0.0030573313072551826
0.0033739250922230402
0.0034429309227985904
0.0018216608731088275
0.0015553928188977544
0.0015125640219923735
0.002525805773791569
0.004971440038083674
0.01699721200974142
0.01960458293543805
0.04853517277062732
0.006097550405137239
0.004478476246683986
0.006162215775432036
0.0024587407438078487
0.004429077216418694
0.0034146114006345612
0.003121268498059371
0.002490719769778168
0.0022177696556667497
0.002396597716786272
0.0028364190208927127
0.00363669547837717
0.0022388745309775563
0.0025163325715043556
0.003581663888656878
0.005542330632023709
0.007601444225633633
0.012936658444101013
0.01859478201445788
