0.02167644696337241
0.019258880813121326
0.00518197713127585
0.007087651671745789
0.0038996352426747998
0.002564491634037814
0.002541958432266842
0.0018123185640705984
0.0030608727532126954
0.003287975755511726
0.003507171760775062
0.00195502696369695
0.001567279895773735
0.0014113810654235608
0.002259459860917796
0.004379043702396564
0.014938041916083392
0.020073736763342166
0.041697854356355334
0.009326678882357373
0.00966210344978334
0.007692414581737181
0.0023704398201686468
0.005642057435230444
0.003174971197186848
0.0034935976843341013
0.0027322384603088814
0.001991365804352609
0.0024647337815844475
0.0025124483532725055
0.003324811567003838
0.0023870411759699217
0.002402921704954868
0.003186115419094783
0.00464128058779219
0.006440010781168587
0.010212893070620096
0.012546951973793343
