0.021318428466513897
0.01824725040393982
0.005000356247083081
0.0068540009732182775
0.003739411419751551
0.0025512229293739525
0.0025203020367869414
0.0018444774800607407
0.003049371247915194
0.0031590225422496072
0.0033566345950243456
0.0020715750101724696
0.0015739030415625943
0.0013554531721521597
0.0019736911723629625
0.003948736613914759
0.012223981919236482
0.023725096177662053
0.036188882659955734
0.005487507812377969
0.004536297898550553
0.004653089125052532
0.0022888201055879217
0.004661018638805326
0.0028612066305930078
0.0033830349764699904
0.0027204394023402586
0.0021861391202087957
0.0026526054856686157
0.002393160832128825
0.0029858761786930484
0.002825688071970768
0.0023169903452352108
0.0028449998322467142
0.0040225015558534895
0.0056400704167043954
0.0081096791024004
0.009873882931972187
