0.020867748225131426
0.016263850592895583
0.004720150235922353
0.006477953392321341
0.0034548193698781173
0.0025420164966781173
0.0024463262479065264
0.0019606707703605656
0.002699911432589518
0.002943347689429355
0.003049248317124321
0.0022122866375106054
0.0015335211210461947
0.0013331447124000479
0.0015420943268084752
0.0030230844007056714
0.006670739957094933
0.01825830507819457
0.021741650328467935
0.01771774539540447
0.0041291540010946655
0.0030980058466114993
0.005577109869255278
0.0022000599777736727
0.004013499429217101
0.003107578474831293
0.002890897234720941
0.0022671004110868032
0.0018231528834655748
0.002144926268472463
0.0023668028392598035
0.002992286249514928
0.002013276785452193
0.002312019565370444
0.003065132422949311
0.004346597040543841
0.005941781229567835
0.008818434497141474
