0.021086211283600057
0.017226282066544342
0.0048514224964238606
0.006671118058528544
0.0036015186463502404
0.0025493899714979056
0.0024352729332016536
0.0018766494884652968
0.0029042181913056997
0.0030385747519475065
0.003164487431515712
0.002154793154000873
0.0015584137879649518
0.0013331430624482165
0.001677479168114471
0.003480516294049476
0.009095645026561277
0.02308070247911185
0.029093967970996275
0.00327886399380952
0.003729328512406344
0.0031959044131403343
0.0021572738564517354
0.004652963929559778
0.0026537847136892207
0.003419672529718595
0.0027129281427505643
0.002216809413128992
0.002533829466544038
0.002335652024053908
0.002720295706419773
0.0032330928590765303
0.002216446734742126
0.0024495044340207884
0.00339921763436226
0.005001612814387268
0.006730258287860793
0.011046776960767578
