0.021196280604787985
0.017729620853334332
0.004922864810469782
0.0067612110998566555
0.003670774985331714
0.0025509579998198085
0.002470135924640982
0.0018590982293985668
0.0030308282797723717
0.0030926756934446706
0.0032482415566498827
0.0021241232066346975
0.0015705122014609614
0.0013403696308238303
0.0018111083140985372
0.003690123551914193
0.010497998216915265
0.022940108293208736
0.03198649372971037
0.0037227441342507685
0.003861743254352261
0.004146396420355241
0.0021840916301166385
0.004924118381948069
0.002731908596563663
0.0034728748476984786
0.0027444622570867386
0.0022528606847330513
0.00256944918072018
0.0023747165107601037
0.0028568934519462687
0.0030727252381223978
0.002321076756501386
0.0026101671427541666
0.0036674084999591427
0.005614850098650354
0.007627273247079595
0.010436494749281563
