0.02080287387898724
0.015767848861530848
0.004663838886323232
0.006401026877830023
0.003435176496638743
0.002532874395043929
0.00245224646772649
0.0020005707797574254
0.0026058225512178316
0.0028935548176187926
0.0029959885452507176
0.0022575603409765188
0.0015138166440416007
0.0013572540630355297
0.001494299742719139
0.0027461661391502863
0.005690658224010834
0.016783687644282962
0.01942362689787193
0.029112950217986502
0.005951532744672528
0.0037598198487163834
0.005547503507402627
0.0021755471994752734
0.004014190399076435
0.003079487189961517
0.0030090660465674963
0.002345306449245703
0.0018274864531918893
0.002234619522655982
0.002289459347177163
0.002853520113330747
0.0022397642687459218
0.0022592842585425444
0.0028945021609297164
0.004030617684034212
0.00544812255155179
0.007996647360786702
