0.023952154189691707
0.023826752800737233
0.006413651315785526
0.008326770012913858
0.004773728156952447
0.002819941618802149
0.0027393205064110793
0.0018654474690226381
0.002962628387306452
0.003657750251974544
0.0031943227959513633
0.0016324981853910263
0.0014746378278367534
0.0018270692541634413
0.004001095717082744
0.011725586881665938
0.0318533907622506
0.03809771849917262
0.0069799564489422
0.0027988443842430323
0.004797502053033963
0.0028244876052706215
0.004243064908129299
0.003620260966151422
0.003528320940867088
0.0029800585240856766
0.0020843091380826004
0.002540947299466591
0.0031296730740018285
0.004154477742237927
0.002401686435756451
0.0026663965219980907
0.0038990277604415867
0.006480413227756498
0.00941332585737572
0.013299011629223766
