0.02310279872937431
0.022315760248736
0.005967018435563636
0.0080227494236309
0.004490448376606428
0.0027259774428138113
0.0026630972088861997
0.001715606569607278
0.002943856889323134
0.003474093601566109
0.0031716440698176633
0.0016242190424100664
0.0015600056485772088
0.0016483172914019718
0.0031199581163182596
0.0074086734411794326
0.02340737235416536
0.026969440385324485
0.019764326603553872
0.005989993330479362
0.0034280039418608543
0.007491139421903472
0.002786621107524644
0.005273254043597672
0.003727575624459515
0.0029742205702010735
0.0023377555670936537
0.0027437251500395097
0.002553602166105962
0.0036621834454475793
0.0029525301845111747
0.002480662210502254
0.0032807616437312876
0.0049132816554803786
0.006880274189804285
0.011518175343112155
