0.02364960829985474
0.023331131275969384
0.006256846884062861
0.008230623661552009
0.004682599186282481
0.002789576781740708
0.002685220153691646
0.0017742486090358658
0.002949734267051307
0.00358838693224008
0.0032033495342604196
0.0016329170321828595
0.0014973928127514277
0.0017473263920917666
0.0037109096134452413
0.010064259511508218
0.031228020042164958
0.03487430671975239
0.005702946965545519
0.0027916521697157657
0.004497486732561068
0.0025496007029480456
0.0043807567147112845
0.0034612244988345723
0.0035810769301658062
0.002965926559824109
0.0020929374671530164
0.0025830492579447706
0.0028787664668561558
0.0038345367482710523
0.002416986333282661
0.0025766083485810934
0.003678136953019761
0.0059132620644042405
0.008272508888363166
0.014521243589397811
