0.02259391741103053
0.021258727527409656
0.005660913807682686
0.007703498451951571
0.004274003851752875
0.002663934394657967
0.0026378464367207972
0.00168174336972505
0.002965242553606266
0.003396795964935282
0.0033075575614500267
0.0016705025389782075
0.0015806538357418507
0.0015996847825806338
0.002715150445049513
0.005895630801638198
0.018995344067526426
0.022266525514318524
0.04180547762145739
0.0054698881012281
0.003888604348530644
0.006514042337557642
0.002569085945415194
0.004628714733669322
0.003522321959554803
0.00294077360349154
0.002386625277890157
0.002472545985152983
0.0024365983894990883
0.0031910483264250074
0.0033869963490173113
0.0023912704777526933
0.002921304119219497
0.004222550049163198
0.006052061984970107
0.009060447896635314
