0.02426009852034569
0.024341125397417993
0.006576790119183654
0.00841434327530829
0.004863099276141202
0.0028547550942386295
0.002792777569714341
0.001982162512717436
0.002996068738842549
0.0037316065390144244
0.003195813729234624
0.0016556095688426671
0.0014617901086765766
0.0019140110155121345
0.004218793405226551
0.013471894114826678
0.02978893016448237
0.04161696334512982
0.007512337800841382
0.003472104322877652
0.005339395334232367
0.002812798558820321
0.0044621986920494435
0.003646582324927314
0.003446957688971352
0.00286169380483377
0.0021722410626967975
0.0025067987885325103
0.0033124300997720395
0.004064660388400709
0.00247323881760903
0.002919441414783847
0.004274862688753705
0.006478164202153688
0.009777901767304921
0.012390572875978409
