0.028364691766517208
0.029030026328150087
0.00914109877401664
0.010553129709365274
0.005928553902931666
0.0032131141434361887
0.002564722292416712
0.00292407137093186
0.003569028258183608
0.004564194165526264
0.002625472406396594
0.0017892982894028176
0.0017976708985222947
0.0033908599389319994
0.009226911650157293
0.03404087090175627
0.03506239694617413
0.013548787003732674
0.009495885500831606
0.003608682836659604
0.01056177776355087
0.004402453724872713
0.007425277112490168
0.00423287485369687
0.003262427077704914
0.0026891961233995146
0.002760560021833232
0.004058154974807512
0.004111988343280115
0.0027362439700207696
0.0036367951943710648
0.005955616174751276
0.008303983683280882
0.017098620206094612
