0.027396084926156417
0.02824455220016408
0.008472647545300365
0.009793373060411718
0.005643355776602025
0.0031271348644454325
0.0026175490896552752
0.0026867482347122675
0.003387195800637679
0.004406305537024938
0.0028254230495394703
0.0017324813842559657
0.0017371365435078414
0.0030531043848250248
0.007406656781585719
0.02745338536646435
0.030416366161075525
0.03661476043792363
0.007363821134098958
0.004750159988208332
0.008551541569658087
0.0034316837921137076
0.0066208333651728846
0.004128911568746078
0.00350871017385912
0.0024570025469332
0.0027775544598301304
0.00377155107017891
0.004486311429882423
0.0026041843867921706
0.0033052392514634596
0.0050456982384548535
0.007799969636786513
0.013181525149348915
