0.025632702212975117
0.026422629007680117
0.007353123975431619
0.008874750579580992
0.005262188472220456
0.003023299126046569
0.002756342302689917
0.002407316545660337
0.0031599054845865403
0.004039400147653732
0.003053932643720638
0.001741264430063773
0.0015319993726684153
0.002500961779743842
0.005278232496362353
0.019633299357894988
0.024943598847523698
0.05950078509050555
0.0075967050266782105
0.005931387144835355
0.004905117741590137
0.003299868287089593
0.00432709859267425
0.003901286705868658
0.0032211440355308326
0.002476536699453128
0.0026944431823874167
0.0027093953973982986
0.00410038843942811
0.003154707781402458
0.002659417825895985
0.003693732072961989
0.006054568330628783
0.00838551386120975
0.01656866030943857
0.026258411475563764
