0.02691846763999712
0.027855183935363133
0.008157256865938569
0.009418032547972069
0.0055298135785992195
0.0030912715217436106
0.0026510998747344607
0.0026161587643200672
0.003299384528812612
0.004293644335828545
0.0028870688984270546
0.001716325880142601
0.0016659056831138102
0.002919741732108611
0.006717178971114858
0.024231009412885092
0.02804940050047376
0.050882109678965975
0.006462154169632333
0.0059188612821543946
0.0052207858657463265
0.0037875134123939265
0.004254596892085854
0.003927932458059267
0.0034109643996079004
0.002346942327475059
0.0027680788650292533
0.00354378010337647
0.004616535921979456
0.002536483673925871
0.0030673717412047505
0.004667932186064555
0.007422153656198867
0.011686387747985218
