0.028855683976681888
0.029424222863038623
0.009520703319155364
0.010948350956664736
0.006098092902248596
0.003265205878314537
0.0025358885542964347
0.0030258036173564885
0.003665751290188016
0.004543786329801694
0.002509593932839837
0.0017997384567252908
0.0018223917199322326
0.0035797878935247968
0.010433941407877088
0.03804765340012976
0.038996701795805236
0.0106458511319985
0.0034391907136926423
0.005119790618932459
0.003559509650700245
0.004836688402007823
0.004030797737246363
0.003548911154934438
0.0028796427979163194
0.002655764747873791
0.0027371573804859948
0.004178320268442464
0.003834522544751807
0.002782095632234682
0.0038703416762414017
0.006696540425773732
0.009728815167067485
0.018605338768373277
