0.030356292122692675
0.030642427077195913
0.010762305345769458
0.01230506352463266
0.006633962384790908
0.0033775374107863692
0.002472554045817182
0.0031733967702611277
0.003918520264593629
0.004469171131140272
0.0021298680698027175
0.001698102832246245
0.0019576202404171517
0.004585383562124259
0.01581609328595676
0.038198711687681845
0.04935334059034284
0.010878208695653303
0.0051393757355278815
0.00636703714640157
0.003895955760739512
0.004795672547027596
0.004263856653481869
0.00359689723287003
0.0025159220994168847
0.0026958501778978974
0.003444216744308812
0.0050832724837150695
0.002711741774449468
0.003132326144752366
0.004884982256903019
0.008280443808320518
0.013076990141143493
0.01730346246334115
