0.03398766411842518
0.03369024832947486
0.013656473030290557
0.015282774270026047
0.007921679151586054
0.0037168156423774833
0.0025483719652067997
0.0035635752839365004
0.004767672632009641
0.0043631155944562966
0.0018627203093415437
0.0016808520873700156
0.0028728434046520826
0.007257760350066828
0.029767899958593
0.033730885809115305
0.06572711494080867
0.01189288287677513
0.009805903690654452
0.008288541988309937
0.005316370733265326
0.005251638280531705
0.004052904995761448
0.002925695160626145
0.0029262138452543596
0.0032724069333094526
0.0049250302532948265
0.00355380121620964
0.0031819121046151753
0.004851911668758724
0.008785809632050494
0.014176556960449699
