0.02985148323433475
0.030230399573661134
0.010341729602259053
0.01183309156961987
0.006446584978633116
0.0033444715375005856
0.002485881617693243
0.003138817434582255
0.003839237902287695
0.004502931241505208
0.0022610498375481634
0.0017220734956930406
0.0018898497919769808
0.004244038197515739
0.014004669920137583
0.03961421961277666
0.04594653870612001
0.011019644921714674
0.0048128973645751374
0.006390800038450788
0.0037851635387816922
0.0050185324711227485
0.004226228270803264
0.003544356045364728
0.0025646790135576583
0.0026262742044166126
0.0030827886902631205
0.004645805467141412
0.0030906654676630717
0.0029394301903530816
0.004349901439756196
0.007515166690933588
0.011913470406418315
0.017633944244789965
