0.034529913625815735
0.03414649726903018
0.014010740189656673
0.0158388533833501
0.008210235708869348
0.00376045679574521
0.0025572496131746228
0.0036328228805534084
0.00491865678140688
0.004304937867509942
0.001864196042519888
0.0017101185353699502
0.0030419455787554783
0.008031978800559359
0.03304482601468032
0.03581734411080144
0.046643965562808025
0.010469441621244673
0.008392119635435779
0.007318343374874836
0.005275107968451811
0.0050332411527649916
0.003983968661999633
0.002763855966838648
0.0028687344875613493
0.0036036336555792864
0.005293658302848738
0.0030708047338617213
0.0034046671132330927
0.0053994219383835165
0.009503215928903927
0.017150980613466302
