0.031884151918433905
0.0319168367963519
0.012100477329115764
0.013758094931480854
0.007240306731242585
0.003502288494164068
0.0024574530307696933
0.0033130880622837507
0.004213273976216103
0.004471393888883627
0.0019077960873294109
0.001651929209805571
0.00223770816885222
0.0054422215780171816
0.021285696272766694
0.0346165272402597
0.06584219479887575
0.010401360391847216
0.00800549411561306
0.0067195024057874544
0.004460959397607659
0.0048728635872428774
0.004243702253480856
0.0037213165505083795
0.0026832582683071595
0.0029478880991373104
0.004196801017816741
0.00471548781842439
0.0027858122509477473
0.0036819669734073695
0.0062733913092431655
0.009121103528048609
0.02029092593766875
0.03300346539085791
