0.031369115012882615
0.03148616289191363
0.011648958737107706
0.013283064090981933
0.007028522429586062
0.003453471726796158
0.002449925208023353
0.0032661010618526306
0.004103370150226363
0.004386257165960569
0.0019118784110078064
0.0016629487645874012
0.002111824089170838
0.005185183999689054
0.019502348904713026
0.0367876771012322
0.05985947483360491
0.010328211446052603
0.007650453774333182
0.005468167690291837
0.004585841695974448
0.004676026553717938
0.004274359650618467
0.003720258534045506
0.002502926152267702
0.0029013793554782813
0.004052831563087984
0.0049091816392004255
0.0027402904024573693
0.003560859430478016
0.005697003380124716
0.00845001845899122
0.01746227652365119
0.026056442301344795
