0.033455590696496305
0.03323681073580086
0.013315674630883801
0.014758422876051929
0.007652605631819321
0.0036510472490841857
0.002528050306325854
0.003509160374862276
0.004621652634313497
0.004420527489209122
0.0018743936697967517
0.0016593083330372583
0.0026775588668864524
0.006593669893729394
0.02701427664389051
0.032395064288477105
0.08093125174289921
0.016113351487433245
0.01170235100851781
0.010148490755995356
0.005923549128931267
0.005368601429863009
0.004099569869388365
0.003185431120143126
0.00286981083337963
0.0030485702338900324
0.004648468213942115
0.004003825240616895
0.00303707458984558
0.004459262125489285
0.008063936452706123
0.013243995305809837
