0.03292905326333244
0.03278679224254061
0.012930960449106459
0.014362555983382945
0.007472238835790456
0.003601570914508976
0.002506320271703727
0.003443198736452319
0.004473017901770973
0.004463715979984283
0.0019004109943448538
0.0016495652451763265
0.002513341100342301
0.006076432932809801
0.024725116414336955
0.031553865035795076
0.07686164216027448
0.01362047749034128
0.010263434249906415
0.008741591421932045
0.0055008365122509225
0.005084975182697927
0.004070194541294252
0.00347693595080851
0.002845150857332008
0.0029686825966763423
0.004460798431976727
0.004310718764884232
0.0029259534011829742
0.00421902624154598
0.007814255311661583
0.012214976707795838
