0.03863221026844604
0.03761672445004643
0.016655714788803247
0.019109034087579333
0.010314038388885302
0.004027992929864816
0.0026116722860093063
0.003908594822420084
0.005856738898943568
0.003896376430994313
0.0019436791694948186
0.0019781218086189064
0.004472746076826161
0.016482774063950503
0.0490123984006365
0.055416246617757466
0.015875887919225517
0.011862802595803466
0.009324398238972536
0.006098557885996829
0.005818357100210565
0.004531657014408655
0.003725279369358491
0.0031489022853166096
0.003263900698355715
0.004997161244103856
0.004032169223362418
0.0033312660688528013
0.0051248845481511075
0.009812472613627478
0.017185407077413985
0.023864746005909106
