0.039913423473022874
0.038655323278974994
0.017507674871729353
0.01999851806549923
0.010862691390096225
0.0040669895399404465
0.0026786337167751585
0.003997970997621657
0.006019701726606367
0.0036603796077738066
0.0019814490604866835
0.0020646556197727608
0.005337668661863953
0.02118728843982129
0.0501727171528067
0.06634360546269706
0.015956429689187118
0.013733718940822029
0.008105681453582023
0.007585247750910556
0.00568778049725498
0.004383723843641957
0.003088444239304923
0.0031545772899372777
0.0038727434760545618
0.005744386595574848
0.0033916032727103057
0.003816620283063225
0.00609482069077133
0.010591796338545316
0.024532921797207684
0.03506977954204979
