0.036774781518608385
0.036094822541875994
0.015439888953172706
0.01766965668438147
0.00937594021462199
0.003906655566506987
0.0026174394019917633
0.003783168813316822
0.005464954543562571
0.00413207772204094
0.0018639020032650343
0.001862231370826801
0.003696281989934428
0.011832196218936539
0.04557133064364308
0.04543922824696066
0.017327283136498357
0.008564143207048326
0.008741426920746781
0.005092174213418789
0.006017101242027477
0.004735324564913529
0.0041214270121883775
0.0027354102368809022
0.0030391192954786726
0.004481531272835586
0.004875685064489709
0.0029194682982820056
0.004096076396154368
0.007770173997249958
0.012489799645722766
0.024935322252769197
