0.03620210995614651
0.03559749724117152
0.015071263685642138
0.017230459384345635
0.009101176116173936
0.003870977467203918
0.0025853537430864447
0.0037433578453886385
0.0053263948323857176
0.004161706724645699
0.0018500294337261331
0.001820325313554391
0.003481834654092712
0.010619573208271879
0.042859360136055194
0.041682179864885406
0.019018403089170334
0.01056956815424498
0.004994075881707352
0.008973677123937714
0.005147934674619009
0.005669872107523163
0.0043061247273214675
0.002520504389809277
0.0029254926063333963
0.004295527411588318
0.005068346996832094
0.002886554071769778
0.0038521756025379265
0.00694404813662643
0.011052659872585132
0.025967454021026952
