0.04055685522426794
0.039188234728420944
0.01794107068552921
0.020428962776061498
0.011175769326231832
0.0040884856353829825
0.0027440145439872267
0.004093356444826861
0.006039788695122928
0.0035220310669383794
0.001965542642278935
0.002122728322509165
0.005627744591283184
0.023528021346276594
0.04801003215344116
0.07265653518604093
0.016908994658378407
0.01676527706815411
0.008794775910835552
0.007681280809628892
0.005618672889574036
0.004309183406392766
0.00290967790879567
0.003138705986244696
0.004246846480078124
0.0057797995488152445
0.003067290839493795
0.0038355338707279215
0.00656597009135224
0.010953248824744913
