0.04319463791078805
0.04153249208272798
0.01958413790312428
0.021928790433606505
0.01213930878703533
0.004035259530040404
0.0029128434085761773
0.004504931423009744
0.005602718802608034
0.0029383969298765354
0.0018955341209511416
0.0025072836233534235
0.006968306244357396
0.033155688723282645
0.04018141545855988
0.08541463805420428
0.022859622105874704
0.021098163197226082
0.01529402394850049
0.008080632717093182
0.006777685597971255
0.004528256232612982
0.002613759093506189
0.003231958918775079
0.004896543828498837
0.005021870259247321
0.0031466109028671077
0.004766975974711673
0.009722455320789032
0.017012964949468207
