0.04815593898343032
0.04477206326462716
0.02250735373655147
0.02318411468027926
0.011776819212618281
0.0034345975709951988
0.003294530602896077
0.005355205338499803
0.0052421574556736645
0.002311798593698618
0.001857886283523527
0.003506596940746727
0.01246563514112037
0.05265503502234132
0.05075696153725101
0.02906281738147026
0.0183977305453252
0.012999268912589243
0.011854480355358087
0.006749009907014512
0.0053210564240639404
0.0033473818160762924
0.003430601229725918
0.004619758269511246
0.006053663846909093
0.0031758830693572582
0.004164898868330211
0.008074897802152939
0.015251733329210218
0.031228498311018992
