0.041198312509214165
0.039741743140705624
0.018385578078306736
0.02083031503835566
0.011453888586481116
0.00408258948884612
0.0027820142146951867
0.004165845926800622
0.0059472697571431275
0.0033595705837755592
0.0019385228945071622
0.002180868943396158
0.00604829041438569
0.026089456557868793
0.045671328688566735
0.0794112971797419
0.018795919827900714
0.01760483689786666
0.011859529794197944
0.007266428642675613
0.006227886355654868
0.004470830516688139
0.002838385582200967
0.0031273682335220972
0.004506256658752232
0.005628742364914157
0.0029902208780083323
0.003955985081739317
0.0073067295057395445
0.012667753180919297
