0.04534487665129459
0.04326548596800444
0.020858544771791873
0.02348698113863542
0.013829894843985707
0.003877539556066979
0.003055129925391885
0.005007305614760967
0.005299003347261152
0.0025050998087725197
0.0018635795396678527
0.0029640073744809383
0.009321944136630334
0.04334149161636442
0.04443015337977599
0.05137089964950579
0.01691223261622951
0.01606976228878302
0.009930983162430065
0.009124923568291173
0.005591466007391717
0.004328021674695819
0.0033970765449758368
0.0037741715928596787
0.0056312748543629575
0.004003291456676218
0.0038591651417831537
0.006163587901213522
0.012015525983874103
0.028311252259678628
