0.0471602949417885
0.04419812391534597
0.021937331439424626
0.023434583459409984
0.012458964127689811
0.003570494564197582
0.0032001714004182423
0.00522767377522089
0.005257275895845442
0.002359920432627382
0.0018374972246694718
0.003331361101209674
0.011340289539125942
0.049460017243282514
0.04745919913610258
0.03211777091737859
0.01805226420713675
0.011069060455216273
0.013399729804089884
0.00701423408665988
0.0062370044645350675
0.003840751336958547
0.003343893358418621
0.00420192317357168
0.006148670431277255
0.0034328408186698836
0.004049177932906015
0.007203130698551085
0.013619035194234658
0.034600103653783604
