0.04618647014762734
0.04368090585309528
0.021373359334826342
0.023585098021239287
0.013282792516668755
0.0037276523487712702
0.003131568372336467
0.005124307975346681
0.00520884562508529
0.002395430164522794
0.0018428782753237625
0.0031599869993514723
0.010292879194801378
0.04642478823765614
0.04553912113056233
0.041198076028561195
0.0189762376441873
0.011135158394900913
0.01347360148923912
0.006449729708661435
0.006026393840118651
0.004135892446584464
0.0033652894599504545
0.003870881296567966
0.00581447825988698
0.003664565696518506
0.004001939885765602
0.006621713906416039
0.012027467353071818
0.031786648337074425
