0.043889860856484136
0.04216040306663564
0.0199744526680854
0.022460707426909872
0.012571748408306252
0.003947459761826329
0.002913262480160251
0.0046670152523794846
0.005504419222806066
0.002808352819090678
0.001902293464877444
0.0026275524037655024
0.007655137937836254
0.03650244205830269
0.041429573351004625
0.07956136359369427
0.020825256041056228
0.020174940561152398
0.01341126505907329
0.00804041682549878
0.005927696544001791
0.004433583519694169
0.0029646171566059414
0.0033980629142488774
0.005163083109415466
0.004720384283743288
0.003300485066787784
0.005060328831204157
0.010277634771064758
0.019816979761665812
