0.05791134060555411
0.051179558278082675
0.028709538638854337
0.02315251866491309
0.009590945450309824
0.0033705529132654973
0.004298351442246623
0.007075054393296464
0.00511300047493072
0.00209841716421212
0.002200062368902478
0.0065106477899654165
0.03092955570010663
0.05682558120553709
0.0911407425097221
0.03562239530083795
0.032324587248095185
0.02481599847424408
0.014607576617292523
0.010780119018483495
0.005000029612451726
0.003122411228534107
0.0045387940563150556
0.006719421629989182
0.0037452271303467823
0.004345819810274644
0.008302037325920187
0.017306671610324707
