0.05674857416160445
0.05033817859211798
0.027826594330680018
0.02280632986201023
0.009580590068406211
0.003305403993460513
0.0041763554992139025
0.006828420465212522
0.005114995902628544
0.002116855891393089
0.0021370911781390628
0.005945667296957811
0.027493726320499345
0.05857995481273946
0.08626082202813787
0.0323724111527082
0.029163432027820315
0.022826553094962787
0.013014364998332787
0.008804065540125203
0.004845850984731145
0.0030736331589389016
0.004078761465044418
0.006262140655274121
0.003984424841727906
0.0042498016547514285
0.0074718068297439984
0.015494099338188464
