0.05235052384910448
0.04737936701772643
0.024809553877473065
0.02212369098380464
0.009798501369941665
0.0030788444460801627
0.0037700847692026767
0.005914554210993803
0.0051184583493192794
0.0021622393295018974
0.001927016748347611
0.00445262918629473
0.018022228458761697
0.06288823482121368
0.06342065973458538
0.02524594734031265
0.021398120547789994
0.021376743274537893
0.010152469651619448
0.007935213812736075
0.004943834436149435
0.002736587446213435
0.0036624603289449422
0.005452910696050394
0.005321609361521375
0.0033922245810066106
0.005259474664528468
0.01151112399702346
0.024701479550138024
0.0327540602070855
