0.059084582097377644
0.052009670177635345
0.0295796153772433
0.023301011715927966
0.009472379318965217
0.00343973550533229
0.004456077073457504
0.007316899219701078
0.005068016321356282
0.0020904664135095543
0.0022667605273324746
0.00699152013855729
0.034140263496440316
0.053713130804310456
0.09387661027719796
0.03835101136590742
0.03631216377528461
0.026110282571696564
0.014870515012015556
0.010727306498827015
0.004866097131184655
0.0033262179287714155
0.004900081826969141
0.006614826343058587
0.0034518128330356867
0.0044824914286870415
0.009330870786501104
0.01894669167849954
