0.05128634844569917
0.04669862551832855
0.0242122209738893
0.022338595852224565
0.010151988320590685
0.0031282156833751795
0.003701694606418527
0.005746536693827368
0.005144254673632302
0.002176541453833488
0.0018998377122391855
0.004140451260642806
0.016340742686038492
0.06157986428434521
0.059698768892479284
0.02557018945362903
0.020642884325386954
0.020573780257763262
0.009913546447771664
0.007919238668356208
0.004908321795411048
0.002866014425729435
0.003631743643688799
0.005319016558040526
0.005698341710138068
0.003300205835153814
0.00496672122113963
0.0108447983211175
0.021184075314224605
0.027583689851285283
