0.05342490436418195
0.04804653906163657
0.02553568531982927
0.02238711484920155
0.009796952363493443
0.0031641956072126286
0.0038173431759648455
0.006094067720782012
0.005119489831628614
0.0021584284032998982
0.0019623496195811867
0.004743746334394458
0.019658327360247474
0.06164025471136919
0.06736123320000831
0.024677531023375353
0.021713589425463593
0.021223429083771762
0.010194787572795481
0.007640473050170802
0.004907389672274104
0.002708348618079293
0.003619885120991149
0.005573584932524934
0.004819698589480417
0.003690205484831424
0.005862916928840202
0.012850942386099823
0.029633446383147095
0.03784610315677092
