0.049189004523242416
0.04538931368913512
0.023070896517203142
0.02291682030288611
0.011092164476391733
0.003293503488560411
0.0034126852982964287
0.005464749511887134
0.005219839848146298
0.0022657794416426013
0.0018655664876293325
0.003680753987069434
0.013632946561034018
0.056064946476900364
0.054228648065106765
0.02808480875267147
0.01933227297760447
0.015496468595799107
0.010973014185914096
0.00696949111608078
0.00491993630620152
0.00295769236918929
0.003445095252625352
0.004879604044798962
0.005940325281266185
0.0031534006948782545
0.004394332413296181
0.008995475673338953
0.01657520207208843
0.029579631707443453
