0.05560419934728296
0.049511039366435666
0.027009593262034618
0.02259543398056119
0.009629312854218574
0.0032487926703449535
0.004049334596876348
0.006545858847155745
0.005105115698568661
0.002122934445688149
0.0020811059028778577
0.00547435876285946
0.02438201692067196
0.061191471353239046
0.0806477036162107
0.029707196715651023
0.02566906600862953
0.0235108648904874
0.011868809464776689
0.008750777279963769
0.004849254208692552
0.0028743780582291953
0.003794830396495492
0.005947006462602145
0.004251118245464876
0.004179092011423458
0.006930593653250525
0.013995324382171399
