0.06266559110673513
0.054592307232854256
0.032074424170827696
0.023448739517357882
0.008979469024252753
0.0034433141830570706
0.004816439782145684
0.007886150977048138
0.004857518389633204
0.0021195537878630107
0.002450216500954136
0.008248284239565022
0.04336976483957584
0.05210607311280698
0.09195000324408892
0.03756117546557006
0.038997447559400635
0.023090682312684775
0.012510939961342622
0.007370897937153422
0.0034724558296708023
0.0039505664326566735
0.005890560115707413
0.006422435953662569
0.0035186028021334005
0.005241430205056576
0.01233701038411197
0.027656804528315593
