0.06026891985124894
0.05282600386276953
0.030311244922902783
0.023257568567061085
0.009292862736525619
0.003454284161687985
0.004598928296454838
0.007557494393295002
0.005009766097586753
0.0021151206207986545
0.002326956330327003
0.007520501762103662
0.037388728984439366
0.05212833307954497
0.09566279069343775
0.039944956457350876
0.038600794053972244
0.027157612476752496
0.015388414199046036
0.010910574336295664
0.004622963539535007
0.003430719098544048
0.005164031314361616
0.006508698278388309
0.003253680811328301
0.004645391637310749
0.010393035913166442
0.020510215776847134
