0.06986776857011119
0.06096872625032629
0.0386061976219433
0.02610413583159086
0.00893565563124886
0.0034808431346650057
0.0054823821718199975
0.007494101293072744
0.0038244882171498875
0.0020522511041338254
0.0032406573769114865
0.01388189575749706
0.06454442066930136
0.062241694978408715
0.05295786386208802
0.03280075190667672
0.03481341139294174
0.019971058970276533
0.014648171767807115
0.006044714373227535
0.002635587886551975
0.004264301291552539
0.006923958141778353
0.0041783014066086605
0.004520574027220944
0.008878738072897312
0.020535165796415306
0.03673183777846584
