0.06863998259848816
0.059952470970663904
0.03743038447198992
0.025670136252680276
0.008965742149635669
0.003486480671346338
0.005361941437852609
0.007632443713318863
0.00405824345100861
0.0020844866271425883
0.003055142244557648
0.012630355145276571
0.06060050630827275
0.060064056268918434
0.05598669670995125
0.032049255332808085
0.03468566383334029
0.01961426122583395
0.015270885231000036
0.006139684724276876
0.0026768376472408265
0.0043027697921129765
0.006725894298386676
0.004392869366579777
0.004411104362410709
0.008027279950440891
0.018506072077170366
0.03856249099132676
