0.07109246941068142
0.061958310575569484
0.039879606922827326
0.026598314333604507
0.0089174846111716
0.0034656683888687595
0.005599172943743036
0.007348828378234991
0.0036553435699925975
0.00202788424525671
0.0034480398628726726
0.015276660026527743
0.06893922310350929
0.06497610473013865
0.0508851047600678
0.03368613296107013
0.03641248158111803
0.0211321807673684
0.015022771276064124
0.006183569608047556
0.002650882805086329
0.004449069912100423
0.007211608895305274
0.003939774395558863
0.0046509669161876755
0.010021401066597973
0.02246075276850262
0.034278849351495166
