0.061464271629951356
0.05369408219576692
0.031163424839238868
0.02333151947446457
0.009136397253144215
0.0034728993849293633
0.0047087825463108385
0.007765614723280965
0.0049394418702215495
0.0021184048767598903
0.0023782441130830853
0.007912510879380092
0.040364238744446
0.051239531629692865
0.09462490865569483
0.03858563501252084
0.03830564011519684
0.026948442578940763
0.0152593449375328
0.010987435659608524
0.004344240783654261
0.0034286873319040226
0.005294014243931208
0.006442653528773257
0.003294183546257768
0.004875224942960523
0.011465150050996345
0.02417915119302036
