0.0735326184330855
0.06406849466157408
0.04239283561221756
0.027375415752968216
0.008767163784696526
0.0034379665276385698
0.00573726097001017
0.006985010192979809
0.0034601152463759575
0.0020318145869584847
0.0038392714989095005
0.018052370503942945
0.07736052460653682
0.07098390974531973
0.04544346466675305
0.035655814200023166
0.03909901475032572
0.022212231000342947
0.014391335461016895
0.006103458154521046
0.003094111619360211
0.005362368887410211
0.00690944043898419
0.0035068026239210215
0.004872838421174022
0.012331825180455398
0.02887088335574585
0.03434439080965983
