0.0828555182827464
0.0737635669778049
0.054965317178881375
0.03242270509375144
0.008824621814661636
0.0038194369035848626
0.006378760114871416
0.005916918219429207
0.002662872830005895
0.002131671055902595
0.006513973755472439
0.03681047732437597
0.07112077159640375
0.10401781682453914
0.06384549516247426
0.05796465189166766
0.0626254110020663
0.03123432177670844
0.01138715316416605
0.003681180660903418
0.004861783594457321
0.007672621591168733
0.004182872812457944
0.004560282018446521
0.00984927143631345
0.025091958475834227
