0.07233485699763033
0.06297132163172914
0.04114592285899774
0.026962508541205382
0.008824424616656765
0.003440055994547389
0.00569332389655861
0.007175119795970548
0.0035554738565367087
0.002023236942531917
0.0036447056931350804
0.016720558605025936
0.0732394553969363
0.06810456936199151
0.04781712004721725
0.03433671759602647
0.03796752116200166
0.02207199764668368
0.014862568028614234
0.006196193239307509
0.0028514029012881867
0.0048529282125836576
0.007038883310020089
0.003687445426582048
0.004738534601213436
0.01109522488818623
0.02426634483756474
0.03046741980899229
