0.08044516254040346
0.07127196229835815
0.051395705433816836
0.030425741791001853
0.008541555824565774
0.003728910699029547
0.00611447158676739
0.006060339541664942
0.002794336515822569
0.0020668634220365
0.005673696067566767
0.0307149853089212
0.07330245877085055
0.09641908280249091
0.05612856192257834
0.04906282707135122
0.053267626658484904
0.028823894025133648
0.01263802020896521
0.004106522409697672
0.004333138502200032
0.00713295913589347
0.004768362005162179
0.004346918075975947
0.008099387752036448
0.020471835130593058
