0.07469605673485813
0.06519716695284339
0.04367011519065271
0.0277770803711024
0.008696416565339087
0.0034337156386770656
0.005787842450849871
0.006810640948391386
0.0033812665791197773
0.002028666349108518
0.004057661083832637
0.019512252146305267
0.07789414382606691
0.0736423873108397
0.04469772808941741
0.03707185076941377
0.03886370767966185
0.02152551709818027
0.012573247846598629
0.00542945901580915
0.003281619069937489
0.005722815299814675
0.006827291194696407
0.003550002693905018
0.005176178073144271
0.013349555004009746
0.03243913875993559
0.03909732254988719
