0.07586322393334707
0.06632919664935528
0.04513777716035967
0.028139057875604674
0.008530353838089413
0.0034350765487864425
0.005858956650462637
0.006639667788124683
0.0032414748102567066
0.00201489171826722
0.0043040984081368135
0.021305721564986557
0.0786213267743294
0.07732317417977325
0.04483359402202884
0.03864316605385301
0.04090649447507774
0.022232076426268822
0.01220928737229689
0.005062720412573931
0.0032579101932579692
0.005857848749973471
0.006538395186318775
0.0036883024603923606
0.0055483858504673566
0.014378690424147012
0.03820583542474043
0.0447755234705008
