0.08409784543556334
0.07506968949196342
0.05683765994112753
0.03367493122948924
0.009027894167529967
0.0038678381068726598
0.006603201639778118
0.005867651004820864
0.0026072764858848414
0.0021910766902713667
0.0070074788052530285
0.04021103452025321
0.07116226895737274
0.10718834160937173
0.06575985221006314
0.058966962308912775
0.061635184451266256
0.030787985973002967
0.011518925276733184
0.0036681269690207385
0.005151033639741449
0.00784895053502075
0.004150852605574479
0.00467884340649837
0.010920078351614581
0.026960115692288657
