0.09447824027754695
0.08635369881128066
0.07095953864447416
0.041732180190532674
0.010593119496016221
0.004065780826109238
0.008492759582293018
0.005594075758992689
0.0025922110378018143
0.002689459752033097
0.012391096608375007
0.07055800023216144
0.07427236472027915
0.09323387835426204
0.0626856281127201
0.07171342670127885
0.04490607568194884
0.025235143209977523
0.007657086463694214
0.003642690923173358
0.006777830331689354
0.005306408483038131
0.004397525006478775
0.00831312049536022
0.02323032084118597
0.04520136600844471
