0.08661497725262057
0.07778250399830375
0.0606660827891779
0.03643434864504959
0.009659769926258556
0.003951649584903144
0.007306744195439017
0.0058203393132563955
0.0025137194936520014
0.002312403631263243
0.008338181227102025
0.04804249091326567
0.07118845229563718
0.10856777405029172
0.06628808879891895
0.05962573250014793
0.05711335546606046
0.030385801717459134
0.013883348089503887
0.004108736997187529
0.005925641307166851
0.007590572053618705
0.0037024900953935977
0.004881582940245339
0.01334911893997756
0.035043953038312946
