0.09582159262977574
0.08782330770923075
0.07279987838613441
0.04239125488120117
0.010610092361026236
0.004063463054323627
0.008570971452913701
0.005547602989063132
0.0026005044985566734
0.0027907299853511475
0.013438722858566583
0.07535599109022449
0.07637766296249446
0.09086041083742996
0.06360295683854289
0.07322942217563408
0.04630194229027524
0.02327154976847302
0.007172342864065698
0.003582631322330626
0.007003080303974875
0.004926636059984769
0.004535839464320283
0.009118878716745712
0.02597062908488777
0.044651080488598595
