0.10097561641117501
0.09371809908327788
0.07959377910497728
0.04487342683241834
0.010568408651373803
0.004330142482048958
0.009034442821955237
0.005328219546711678
0.002589863552702054
0.003327044494375376
0.01881398284258572
0.09345314519482532
0.08670193765406983
0.08951009260498437
0.07235517111374284
0.08475674479806312
0.05218807484312935
0.020144898184316796
0.005647824371393428
0.005535637435247264
0.008573898938183354
0.004006175129841649
0.004728547181625416
0.013239344520393298
0.03795568894603925
0.04292363763774236
